1
2 4 5 6 7 8 9 10 12 13 14 15 16 18 20 22 24 25 26 27 28 29 32 34 35 36 38 39 41 42 43 44 45 46 47 49 50 0
1 2 3 4 5 6 7 8 9 10 11 12 13 14 15 16 17 18 19 20 23 24 25 26 27 29 32 34 35 36 38 39 40 41 42 43 45 46 47 49 50 0

2
1 2 3 4 5 6 7 8 9 10 11 13 14 15 16 18 19 20 21 22 23 24 25 26 27 28 29 31 32 33 34 35 36 37 38 39 40 41 42 43 44 45 46 47 49 50 0
1 2 3 5 6 7 8 9 10 11 12 13 14 16 17 18 19 20 21 24 25 27 28 30 31 32 33 34 35 36 38 39 40 41 42 43 44 45 46 47 48 49 0

3
2 5 6 7 8 10 11 12 14 15 16 17 18 19 20 21 22 23 24 26 27 28 31 32 33 34 35 36 38 39 41 42 43 44 45 46 47 49 0
2 3 4 5 6 7 8 9 10 11 12 14 15 16 17 18 19 20 21 23 24 25 26 27 29 30 32 33 34 35 36 37 38 39 40 41 42 43 45 46 47 48 49 50 0

4
1 2 3 4 7 8 9 10 11 13 14 15 16 19 21 22 23 24 25 27 28 31 32 33 34 35 37 38 41 43 45 46 47 48 50 0
1 5 6 8 9 12 14 15 16 17 18 19 20 24 25 27 30 32 34 35 36 38 39 40 41 43 46 47 48 49 0

5
1 3 4 6 7 8 9 11 14 15 16 18 19 21 22 23 24 25 26 27 29 31 32 33 34 35 36 37 38 40 41 45 46 47 48 50 0
1 4 6 8 10 11 12 13 14 16 17 18 20 22 24 26 32 34 36 39 40 41 45 47 48 0

6
1 2 3 5 6 7 8 10 11 12 14 15 16 17 18 19 20 21 22 23 24 26 27 28 31 32 33 34 35 36 38 39 41 42 43 44 45 46 47 49 0
2 3 4 5 6 7 9 10 11 12 14 15 16 17 18 19 20 21 23 24 26 27 29 30 32 33 34 36 37 38 39 40 41 42 43 45 46 47 48 50 0

7
1 4 5 6 7 8 10 11 12 13 14 15 16 17 18 19 20 21 24 25 26 27 30 31 32 33 34 35 37 38 39 40 41 42 43 44 46 47 48 49 0
1 3 4 6 7 8 9 10 11 12 13 14 16 18 19 20 22 23 24 26 27 28 29 30 32 33 34 35 36 38 39 40 41 43 44 45 46 47 48 49 50 0

8
2 3 4 7 8 9 10 11 12 13 14 15 19 20 21 22 23 24 27 28 31 32 33 34 35 36 41 42 43 44 47 49 50 0
3 4 5 6 7 8 11 12 14 15 16 17 18 19 23 24 25 27 30 32 35 36 38 39 40 41 43 44 45 46 47 48 49 50 0

9
2 4 7 9 10 11 12 13 14 15 16 17 18 19 21 22 23 24 25 26 27 29 31 32 33 34 35 36 37 38 40 42 43 46 47 48 0
1 3 6 7 10 11 12 13 14 16 18 19 20 24 27 28 30 32 34 35 36 39 40 41 43 47 48 49 0

10
3 4 5 6 7 8 9 10 11 14 15 16 20 21 22 23 24 25 26 27 30 31 33 35 39 40 42 43 44 47 48 50 0
2 3 5 6 7 8 11 14 17 19 22 24 25 26 27 28 29 30 31 32 33 34 35 37 38 39 40 41 43 46 47 48 49 50 0

11
1 2 4 5 7 8 9 11 12 13 14 15 18 20 21 22 23 25 26 27 28 30 32 33 34 35 36 37 38 39 40 41 45 47 48 49 50 0
2 4 6 9 11 12 14 18 19 22 23 24 27 29 32 34 36 38 39 40 41 42 43 45 46 47 50 0

12
1 4 6 8 10 11 12 13 14 15 16 17 19 21 23 24 26 27 28 29 30 31 32 33 34 35 36 38 39 41 45 47 50 0
3 4 5 6 7 9 14 17 19 20 21 23 24 27 30 31 32 33 34 38 39 40 42 43 44 45 46 48 0

13
1 2 3 4 6 7 8 9 10 11 12 13 14 15 16 17 18 19 21 23 25 26 27 28 29 31 32 33 34 35 36 38 39 42 43 44 45 47 49 50 0
1 2 4 5 6 7 8 9 11 12 13 14 16 17 19 22 23 24 27 30 32 34 36 38 39 40 41 42 43 44 45 46 47 49 50 0

14
1 2 3 4 6 7 8 9 10 11 12 13 14 15 18 19 20 21 22 23 25 26 28 31 32 33 34 38 40 41 42 43 44 45 46 47 48 49 0
1 3 4 5 6 12 13 14 16 17 18 19 20 21 22 24 25 26 27 28 29 30 34 35 36 37 38 39 40 41 42 43 45 46 47 49 0

15
1 2 3 4 5 6 7 10 11 13 14 15 16 17 18 19 20 21 22 23 27 30 33 34 37 39 40 43 44 45 46 47 48 49 50 0
1 2 3 4 5 6 8 10 11 12 13 14 16 17 18 19 22 23 24 25 27 28 29 30 31 32 33 34 35 36 37 38 39 40 41 42 44 46 47 48 49 0

16
2 4 6 9 11 13 14 15 16 17 18 19 20 21 23 24 26 27 28 29 30 31 32 33 34 35 37 38 39 41 42 43 47 48 50 0
4 6 7 11 12 14 16 18 19 21 22 24 25 26 27 29 32 34 36 37 38 39 40 41 43 45 46 47 48 0

17
1 3 5 6 7 8 9 10 11 12 13 14 18 19 20 21 22 23 24 25 26 30 31 32 35 37 38 40 41 42 44 45 46 47 48 49 50 0
1 2 3 4 5 6 8 9 10 11 12 13 15 16 17 18 19 20 21 22 24 25 26 27 28 29 30 31 32 33 34 35 37 38 39 40 41 42 43 44 46 47 48 49 50 0

18
2 3 4 6 7 8 9 10 14 15 16 19 25 28 30 34 36 37 38 39 40 42 43 44 45 46 47 50 0
1 2 3 10 11 12 13 14 15 17 18 20 21 24 25 28 29 31 32 34 35 36 37 38 39 40 41 42 43 44 49 50 0

19
1 3 4 5 10 11 14 15 16 18 19 20 21 22 23 26 27 29 30 31 32 33 34 35 36 38 39 41 42 44 45 47 48 50 0
1 3 4 5 6 8 11 12 13 14 15 17 18 19 20 21 22 23 24 25 26 27 28 29 30 34 35 36 37 38 39 40 41 43 45 46 47 49 50 0

20
1 2 3 8 9 10 11 12 13 14 15 16 17 19 21 22 23 24 25 26 27 28 29 30 32 33 34 35 36 37 39 40 41 43 44 46 47 48 49 0
1 3 6 7 8 9 10 12 13 14 15 16 18 19 20 23 24 27 28 29 30 31 32 33 34 35 36 37 38 39 40 41 45 46 47 48 49 0

21
2 4 6 9 10 11 12 13 14 16 18 19 20 21 23 24 25 26 27 28 29 32 33 34 35 36 37 38 39 40 42 44 45 46 47 48 49 50 0
1 2 3 4 6 7 8 10 11 12 13 14 15 16 18 19 20 21 23 24 25 27 28 29 30 32 36 39 40 41 45 47 48 50 0

22
1 2 3 4 5 7 8 9 11 12 14 15 16 17 18 21 22 24 27 28 29 30 33 34 35 36 38 39 40 41 44 45 46 47 49 50 0
1 2 3 5 6 7 9 10 12 14 15 17 19 20 21 23 24 26 27 30 32 34 35 36 38 39 40 41 42 43 44 45 46 47 48 49 50 0

23
2 3 4 8 9 10 11 12 13 14 15 16 17 18 19 20 21 24 26 27 28 30 32 34 35 38 41 47 48 49 50 0
3 4 5 6 9 11 12 13 14 16 17 18 20 22 23 24 25 26 27 30 32 35 36 39 40 41 42 43 47 48 50 0

24
1 5 6 8 9 10 11 14 15 16 18 20 21 22 23 24 26 27 31 32 34 35 36 37 38 39 41 43 44 47 50 0
2 3 4 5 6 7 8 11 12 14 16 17 18 19 24 25 27 30 32 35 36 38 39 40 41 43 44 45 47 48 49 0

25
2 3 4 6 8 9 10 11 12 14 15 18 19 20 21 23 24 25 26 27 29 30 32 33 34 35 37 38 39 40 41 42 43 44 46 47 48 49 50 0
1 2 3 4 5 6 8 10 11 12 13 14 15 16 17 18 19 24 25 27 28 29 30 31 32 33 34 35 36 37 39 40 41 42 44 45 46 47 48 49 50 0

26
1 2 3 4 6 7 8 9 10 11 12 13 14 15 17 18 19 20 22 23 24 25 26 27 28 29 30 31 32 33 34 35 36 38 39 41 42 45 46 47 48 50 0
1 3 6 8 9 11 12 13 14 18 19 20 21 22 23 24 25 26 27 28 29 30 31 34 35 36 37 38 39 40 41 42 43 44 45 46 47 48 49 0

27
1 3 4 5 6 7 8 9 10 11 13 14 15 16 18 19 20 21 22 23 26 27 28 29 30 33 34 35 36 37 39 40 41 42 43 44 45 46 47 49 50 0
1 2 3 4 5 6 8 10 12 13 14 16 18 19 20 23 24 25 27 28 29 30 31 32 33 34 35 36 37 38 39 40 41 42 43 44 45 46 47 48 49 0

28
1 2 5 9 10 11 14 15 16 18 19 20 22 24 25 26 28 29 30 37 39 41 42 43 45 46 48 49 0
1 3 5 7 10 11 12 13 14 15 16 18 19 20 23 24 25 27 28 29 31 32 34 35 36 38 39 40 41 45 46 49 0

29
1 3 4 5 6 8 9 10 11 12 13 14 15 16 17 18 19 21 23 24 25 26 27 30 31 32 33 35 36 37 38 39 41 44 47 49 50 0
2 3 5 6 7 8 10 14 16 17 18 19 21 24 25 26 27 30 32 33 34 35 36 37 38 39 40 41 43 44 45 46 48 49 0

30
1 5 6 8 9 10 11 14 15 17 18 19 21 24 26 27 29 31 32 34 35 36 37 38 40 41 43 44 47 48 49 50 0
1 2 3 5 6 8 10 11 12 13 14 15 17 18 19 21 22 24 25 26 27 28 30 32 33 34 35 36 38 39 40 41 43 45 46 47 48 49 0

31
1 4 5 6 7 8 9 10 11 12 13 14 15 16 18 19 21 23 24 25 26 27 28 29 30 31 32 33 34 35 38 41 47 48 50 0
2 3 5 6 7 8 9 11 12 13 14 17 18 20 21 22 23 24 26 27 29 30 34 35 36 37 38 39 40 41 42 43 44 46 47 48 49 0

32
1 2 4 5 6 10 11 12 13 14 15 16 18 19 20 22 23 24 25 26 27 28 29 30 32 33 34 35 36 38 39 40 41 42 43 44 46 47 48 49 50 0
2 3 4 5 6 8 10 11 14 15 16 17 18 19 21 22 24 26 28 29 30 32 33 35 39 40 41 42 44 45 46 47 48 49 0

33
1 2 5 7 8 9 12 13 14 15 16 18 22 24 25 27 28 29 30 33 34 35 37 38 39 40 41 42 46 47 49 0
2 5 6 7 9 10 12 14 15 17 18 19 20 21 24 26 27 32 34 36 38 39 40 41 42 43 44 45 46 47 48 49 50 0

34
1 2 5 9 10 11 12 14 15 16 17 19 20 22 24 25 29 30 34 36 37 41 43 45 46 47 48 49 50 0
1 3 5 7 10 11 12 13 14 15 18 19 20 21 24 25 26 28 29 31 32 34 35 36 37 38 39 40 41 45 46 48 49 0

35
2 5 6 7 8 10 12 14 15 21 23 24 27 28 29 30 37 39 40 42 43 45 47 49 0
1 2 3 6 8 10 11 12 13 14 18 19 20 23 24 25 27 28 30 31 32 33 34 35 36 37 38 39 40 41 44 45 46 47 48 49 0

36
1 2 3 4 5 6 7 8 9 10 11 12 13 14 15 19 21 22 23 24 25 26 27 28 29 30 33 34 37 39 40 41 42 43 44 45 46 47 48 49 50 0
1 3 4 6 7 8 9 10 11 12 13 15 16 17 18 19 20 23 24 25 27 30 32 33 35 38 39 40 41 42 44 46 48 49 50 0

37
1 2 3 4 6 7 8 9 10 11 12 13 14 15 17 19 20 21 22 23 24 25 26 27 31 32 33 36 39 40 43 44 47 48 50 0
1 3 4 6 7 9 10 12 14 15 16 18 19 20 22 23 24 25 27 28 30 31 32 34 35 36 39 40 41 43 46 47 48 49 0

38
1 2 5 6 7 9 10 11 12 13 14 15 17 18 22 25 26 27 28 29 30 31 32 33 36 37 38 39 41 42 43 44 45 47 48 49 0
1 2 5 6 7 9 10 11 12 13 14 15 18 19 22 23 24 25 28 30 32 34 35 36 38 39 40 41 43 45 46 47 48 49 50 0

39
3 4 5 8 9 10 11 12 13 14 15 16 17 19 20 21 22 23 24 26 27 29 30 31 32 33 36 37 39 41 42 43 44 45 46 47 48 50 0
1 3 4 5 6 7 8 9 12 13 14 15 16 18 19 20 21 23 24 25 27 28 29 31 32 34 35 36 37 38 39 40 41 43 45 47 48 49 0

40
2 3 9 10 11 13 14 15 16 17 18 19 20 22 24 25 28 29 34 36 37 40 41 42 43 45 46 47 48 49 0
1 3 5 7 10 11 12 13 14 15 18 20 23 24 25 28 29 31 32 33 34 36 37 38 39 40 41 45 46 48 49 0

41
1 3 5 8 9 10 11 12 13 14 15 18 20 25 26 27 28 29 30 31 32 34 35 36 37 38 39 40 41 43 44 45 47 49 50 0
1 2 3 4 5 6 7 8 9 10 11 12 13 14 16 18 19 22 23 24 25 28 32 34 35 36 39 40 41 42 43 44 45 47 48 49 50 0

42
1 2 4 5 6 7 8 9 10 11 12 13 14 17 18 19 21 22 23 24 25 26 27 29 31 32 33 34 35 36 37 38 39 40 42 43 47 48 50 0
1 2 3 4 6 8 10 11 12 13 14 16 17 18 19 20 21 22 23 24 25 26 27 28 30 32 33 34 35 36 39 40 41 42 45 46 47 48 49 50 0

43
1 2 3 7 8 9 10 11 12 13 14 15 16 18 19 20 21 22 23 24 25 26 28 29 30 31 32 33 34 37 38 39 40 41 42 43 44 45 46 47 48 49 50 0
1 2 3 6 7 8 10 11 12 13 14 15 18 19 20 21 22 24 25 27 28 29 30 32 33 34 35 36 38 39 40 41 42 44 47 48 49 0

44
1 2 3 4 6 7 8 10 11 12 14 15 17 18 19 20 21 23 24 26 27 28 31 32 34 35 36 39 43 44 45 47 50 0
2 3 5 6 7 9 10 11 12 13 14 15 16 17 18 19 22 23 24 25 27 28 30 32 35 36 38 39 40 41 42 43 45 47 49 50 0

45
2 3 4 6 7 8 9 10 11 13 14 18 20 21 23 24 25 26 29 30 32 33 34 36 37 40 41 42 43 44 45 47 48 49 50 0
1 3 5 6 7 8 9 10 11 12 13 14 15 17 18 19 20 24 25 26 27 28 29 30 31 32 33 34 35 36 37 38 39 40 41 42 44 45 46 47 48 49 0

46
1 2 3 4 6 7 9 10 11 12 13 14 15 16 17 18 19 20 21 22 23 24 25 27 28 30 32 34 35 36 41 42 43 44 45 46 47 48 49 0
3 5 6 8 9 11 12 14 15 16 18 19 20 22 24 25 26 27 29 30 32 35 36 38 39 40 41 43 44 45 46 47 48 49 50 0

47
1 3 4 5 6 9 10 11 13 14 15 16 18 19 21 22 23 24 25 26 27 28 29 30 31 32 33 34 35 36 37 38 41 42 46 47 48 49 0
3 5 6 8 9 14 17 18 19 20 23 24 25 26 27 29 30 32 33 34 35 38 39 40 41 42 47 48 49 0

48
1 2 3 4 6 7 8 9 10 11 12 13 14 15 16 17 18 19 20 21 22 23 24 25 26 27 28 29 30 31 32 34 35 38 39 40 41 43 44 45 47 48 50 0
3 4 5 6 9 11 12 14 16 17 18 19 21 22 24 25 26 27 32 34 35 36 39 40 41 42 43 45 46 47 48 50 0

49
2 6 8 9 10 13 14 15 16 17 20 21 22 23 24 26 27 30 34 36 39 40 41 42 43 47 48 0
2 3 5 6 7 9 10 12 14 16 18 19 20 21 23 24 25 26 28 29 31 32 33 34 35 36 37 38 39 40 41 43 47 48 49 0

50
1 2 3 5 6 8 9 10 11 13 14 15 16 18 19 21 23 24 25 26 27 29 30 31 32 33 34 35 36 37 38 39 40 41 42 43 44 46 47 48 50 0
1 2 3 4 6 7 8 10 11 12 13 14 15 16 17 18 19 21 22 23 24 25 26 27 28 29 30 32 33 34 35 36 39 40 41 42 44 45 47 48 49 50 0

51
1 2 3 4 6 8 9 10 11 12 14 15 20 21 22 23 24 26 27 29 30 31 32 33 36 39 40 42 44 46 48 50 0
3 4 5 6 7 8 10 12 14 15 16 18 19 23 24 25 27 28 29 30 31 32 33 34 35 37 39 40 41 46 47 48 49 0

52
1 7 9 10 12 13 14 15 16 17 20 22 24 25 26 29 30 31 32 34 37 39 40 41 42 43 44 45 47 48 49 50 0
1 3 8 9 10 12 13 14 15 16 18 19 20 23 24 25 28 31 32 34 35 36 38 39 40 41 45 47 49 0

53
1 3 4 5 6 7 8 9 10 11 13 14 15 16 19 21 23 24 26 27 28 29 30 31 32 33 35 38 39 41 42 43 45 46 47 48 50 0
3 4 5 6 7 8 10 14 17 19 20 21 22 24 26 27 30 31 32 33 34 38 39 40 41 43 45 46 48 49 0

54
1 3 4 6 7 8 10 12 13 14 15 16 17 19 21 23 24 25 26 27 28 29 30 31 32 33 34 35 36 38 39 41 42 43 44 47 50 0
2 3 4 5 6 7 8 10 14 17 18 19 20 21 23 24 27 30 31 32 34 35 38 39 40 42 43 44 46 47 48 49 50 0

55
3 4 5 6 7 8 10 11 12 13 14 15 16 17 20 21 22 23 26 27 28 30 31 32 33 35 36 39 42 43 45 47 48 49 50 0
3 4 5 6 7 14 16 17 19 21 23 24 25 26 27 28 29 31 32 33 34 36 37 39 40 41 42 43 46 47 48 49 50 0

56
2 6 8 9 10 12 13 14 15 16 17 19 20 21 22 23 24 25 26 27 29 31 32 33 34 35 37 40 41 42 43 45 46 47 0
1 3 5 6 7 8 12 13 14 16 18 19 24 25 27 28 30 32 33 34 35 36 38 39 40 41 43 44 45 46 47 48 49 50 0

57
1 4 5 9 11 13 14 15 16 17 18 19 21 22 23 24 25 26 27 28 29 30 31 32 34 35 36 37 38 39 40 41 42 45 47 48 50 0
3 5 6 8 9 11 12 13 14 15 17 20 22 23 24 26 27 29 30 34 35 36 38 39 40 41 42 43 44 45 47 49 0

58
2 6 7 8 9 10 11 12 13 14 15 16 18 19 20 21 23 24 26 27 29 30 31 32 33 34 35 36 38 41 42 44 45 46 47 48 50 0
3 5 6 7 8 9 11 12 13 14 16 17 18 19 21 22 24 25 26 27 29 30 32 35 36 38 39 40 41 43 44 45 46 47 48 50 0

59
2 5 6 8 9 10 11 12 13 14 15 18 19 21 22 23 24 26 27 28 29 31 32 33 34 35 36 38 41 42 43 44 45 46 47 48 49 50 0
3 4 5 6 7 8 9 11 12 13 14 15 16 17 18 19 20 21 22 24 26 27 30 32 35 36 39 40 41 42 43 44 46 47 48 49 0

60
2 5 6 10 11 12 13 14 15 16 18 19 20 21 22 24 25 26 27 28 29 30 31 32 34 35 36 37 38 39 40 41 42 43 47 48 50 0
1 3 4 6 7 11 12 13 14 16 18 19 22 23 24 27 30 32 34 35 36 39 40 41 45 46 47 48 49 0

61
1 3 4 6 7 9 10 11 12 13 14 15 16 17 19 20 21 22 23 24 25 31 32 34 36 39 41 44 45 46 47 48 49 50 0
1 3 4 5 7 9 11 12 13 14 15 16 17 18 20 21 22 23 24 25 26 27 28 29 30 31 32 33 34 35 36 37 38 39 40 41 45 47 49 0

62
1 2 4 6 7 8 10 11 12 13 14 15 16 17 18 19 21 23 24 25 26 27 29 31 32 33 34 35 36 38 39 40 42 43 44 47 48 50 0
1 3 4 5 6 7 8 10 11 12 13 14 16 17 18 19 21 22 23 24 26 27 28 29 30 32 37 39 40 41 42 46 47 48 50 0

63
1 2 4 5 6 8 9 10 11 12 14 15 16 17 18 19 21 22 23 25 26 27 28 29 30 31 32 33 34 35 36 37 39 40 42 44 47 50 0
1 3 6 7 8 9 11 12 13 14 15 17 19 21 22 24 25 26 27 28 29 30 31 32 34 35 36 37 38 39 40 41 42 43 44 46 47 48 49 0

64
1 2 3 4 6 8 9 10 11 12 13 14 15 16 18 19 21 23 25 26 27 28 29 30 31 32 33 34 35 36 37 38 39 40 42 43 44 47 49 0
1 2 3 4 5 6 7 8 9 11 12 13 14 16 17 18 19 21 22 23 24 25 26 27 30 32 34 36 38 39 40 41 42 43 44 45 46 47 49 50 0

65
1 3 4 6 8 10 12 13 14 15 19 20 21 22 23 24 25 27 28 29 31 32 33 34 35 36 38 39 41 42 43 44 46 47 48 49 50 0
3 4 5 6 7 8 9 12 14 16 17 18 19 21 24 25 26 27 28 30 31 32 33 34 35 38 39 40 41 43 45 46 47 48 49 0

66
1 2 3 5 6 8 10 11 12 13 14 15 19 21 23 24 26 29 30 32 34 36 37 39 40 41 42 43 44 46 47 48 49 50 0
1 2 3 5 6 8 10 11 12 13 15 16 18 19 20 24 25 27 28 30 31 32 33 34 35 38 39 40 41 42 44 46 48 49 50 0

67
1 2 5 6 7 10 11 12 13 14 15 16 17 18 19 20 21 23 24 25 26 27 28 31 32 33 35 36 37 39 40 41 42 43 44 45 47 48 50 0
1 3 6 11 12 13 14 18 19 20 24 27 30 32 34 35 36 39 40 41 45 47 48 49 0

68
1 4 5 7 9 11 12 13 14 15 16 17 18 19 21 23 26 27 28 29 30 31 32 33 34 35 36 37 38 40 41 42 44 45 47 48 50 0
3 5 6 7 8 9 11 12 13 14 15 17 18 20 22 24 26 27 29 30 34 35 36 38 39 40 41 43 46 47 48 49 0

69
2 3 4 6 8 9 10 11 12 13 14 15 16 17 18 19 20 21 22 23 24 26 27 28 29 30 31 32 33 34 35 36 37 39 40 41 42 44 45 46 47 48 49 50 0
1 2 3 4 5 6 7 8 10 11 12 13 14 15 16 17 18 19 20 22 24 25 27 28 29 30 31 32 33 35 36 37 39 40 41 42 43 44 45 46 47 48 49 50 0

70
1 2 4 6 7 8 9 10 11 12 14 16 17 18 19 21 22 23 24 25 26 27 28 29 30 31 32 33 37 38 39 40 41 42 43 44 45 46 47 48 49 50 0
1 3 4 5 6 7 10 11 12 13 14 16 17 18 19 20 21 24 25 26 28 30 32 35 36 37 38 39 40 41 44 45 47 48 49 50 0

71
1 3 4 5 6 7 8 9 10 11 12 13 14 16 17 18 19 22 23 24 25 26 28 29 30 31 32 33 34 37 38 39 40 41 42 45 47 48 49 50 0
1 2 3 4 5 6 7 8 9 10 12 13 14 15 17 18 19 20 21 24 25 26 27 28 29 30 32 33 34 35 36 37 38 39 40 41 42 44 45 47 48 49 0

72
1 2 3 4 9 10 11 12 14 15 17 18 19 20 22 24 25 28 29 30 34 36 37 39 41 43 45 46 47 48 49 0
1 3 5 7 10 11 12 13 14 15 16 18 19 20 24 25 28 29 31 32 34 36 37 38 39 40 41 45 46 48 49 0

73
1 2 3 4 9 10 11 12 13 14 15 16 17 18 19 22 23 24 25 28 30 31 34 36 37 41 43 45 46 47 48 49 0
1 3 5 7 10 11 12 13 14 15 18 20 24 25 28 29 31 32 33 34 35 36 37 38 39 40 41 45 46 48 49 0

74
2 3 5 6 7 8 9 10 11 12 13 14 15 16 18 19 20 22 23 24 25 26 27 28 29 32 33 35 37 38 39 41 42 46 47 49 0
3 5 6 7 8 9 12 14 15 17 18 19 24 25 27 30 32 34 35 36 38 39 40 41 42 43 44 45 46 47 48 49 50 0

75
1 3 5 7 8 9 11 14 15 16 17 18 19 21 22 24 26 29 30 31 32 35 36 38 39 41 42 44 45 46 47 48 0
1 2 3 6 8 9 11 12 13 14 18 20 22 23 24 25 26 27 29 30 34 35 36 38 39 40 41 42 43 44 45 46 47 49 0

76
1 7 8 9 10 11 12 13 14 15 18 19 20 26 27 29 30 31 36 38 40 41 42 43 44 45 47 49 0
1 3 5 6 7 9 10 11 12 13 14 18 19 24 25 28 30 32 34 35 36 39 40 41 42 43 45 47 48 49 50 0

77
2 4 5 6 8 9 10 11 12 14 15 16 17 18 19 21 22 23 24 25 26 27 28 29 32 33 35 36 37 38 39 40 42 44 45 46 47 50 0
1 3 5 6 7 8 9 12 13 14 17 19 21 22 24 25 26 27 28 29 30 31 32 34 35 36 37 38 39 40 41 42 43 44 45 46 47 48 49 0

78
1 2 5 6 7 8 10 11 12 13 14 15 16 18 19 21 23 26 27 28 29 30 31 32 33 34 35 36 37 38 40 41 43 45 47 48 49 50 0
1 2 3 5 6 7 8 9 10 11 12 14 17 18 19 23 24 25 27 28 29 30 32 35 36 38 39 40 41 42 43 44 45 47 48 49 50 0

79
1 2 3 4 6 7 10 11 12 13 14 15 16 17 18 19 20 22 24 25 27 28 29 30 32 33 34 35 36 38 42 43 44 45 46 47 48 49 0
3 4 5 6 7 8 9 11 12 14 15 16 18 19 22 24 25 26 27 29 30 32 35 36 39 40 41 43 44 45 46 47 48 49 0

80
2 3 4 6 7 9 10 11 12 13 14 15 16 17 18 19 20 21 22 23 24 25 27 28 30 32 33 34 35 36 41 42 43 44 45 46 47 48 49 0
5 6 7 8 9 11 12 13 14 15 16 18 19 22 24 26 27 29 30 32 35 36 39 40 41 43 45 46 47 48 0

81
1 2 7 8 9 10 11 13 14 15 17 19 21 22 23 26 27 28 29 31 32 33 35 36 38 40 41 42 43 47 48 49 50 0
1 3 4 5 6 7 8 10 11 12 13 15 16 19 20 23 24 28 29 30 31 32 33 35 39 40 41 42 46 47 48 49 0

82
1 6 7 8 9 10 12 13 14 15 16 17 19 20 21 23 24 25 26 27 29 30 31 32 39 40 41 44 45 47 48 49 0
1 3 4 5 8 9 10 11 12 13 14 15 16 18 19 20 21 23 24 25 28 29 31 32 33 34 35 36 37 38 39 40 41 45 47 48 49 0

83
1 2 3 4 9 10 11 12 14 15 16 17 18 19 20 22 24 25 29 30 34 36 37 41 43 45 46 48 49 0
1 3 5 7 10 11 12 13 14 15 18 20 23 24 25 28 29 31 32 34 36 37 38 39 40 41 45 46 48 49 0

84
1 2 3 4 6 9 10 11 12 13 14 15 17 18 19 21 23 24 25 28 31 32 33 34 36 38 39 40 41 43 44 45 47 48 49 50 0
1 3 4 5 6 9 10 12 13 14 16 17 18 19 20 21 24 25 26 27 28 29 31 32 34 35 36 37 38 39 40 41 42 43 45 46 47 49 0

85
1 4 6 7 8 10 13 14 15 16 17 21 24 26 27 29 31 32 34 35 36 39 43 47 48 50 0
2 3 4 5 6 7 14 16 17 19 20 21 24 25 27 30 31 32 34 35 38 39 40 41 42 43 48 49 50 0

86
1 2 5 6 7 8 9 10 11 12 13 14 15 16 17 18 22 25 26 27 28 29 32 33 34 35 36 37 38 39 40 41 43 44 45 47 49 0
1 2 3 4 5 6 7 8 9 10 11 12 14 15 18 19 23 24 25 32 34 35 36 39 40 41 42 43 44 45 46 47 48 49 50 0

87
1 4 5 7 9 11 13 14 15 16 17 18 19 21 22 23 24 27 29 30 32 34 35 36 37 39 40 41 44 45 46 47 48 50 0
3 5 6 9 11 12 13 14 15 17 18 20 22 24 26 27 29 30 34 35 36 38 39 40 41 42 43 45 46 47 48 49 0

88
1 2 5 6 7 8 9 10 11 12 14 15 18 19 20 21 22 23 25 26 28 29 30 31 32 34 37 38 39 41 42 43 44 46 47 48 50 0
1 5 6 7 8 9 11 12 13 14 16 18 19 22 24 25 29 30 32 34 35 36 39 40 41 42 43 44 45 46 47 48 49 50 0

89
2 6 7 9 10 11 12 13 14 15 17 18 19 20 21 22 23 24 26 27 28 30 33 34 35 36 41 42 43 44 46 47 48 49 50 0
3 4 5 6 7 9 11 12 13 14 15 16 18 19 22 23 24 25 27 30 32 35 36 38 39 40 41 43 47 48 49 50 0

90
3 4 5 6 7 9 10 12 13 14 15 16 17 18 19 21 22 24 25 26 27 28 29 30 32 33 34 35 38 39 41 43 44 45 46 47 48 49 50 0
3 5 6 7 8 9 14 19 24 27 29 30 32 33 34 38 39 40 41 43 45 46 47 48 49 0

91
1 2 5 6 7 9 10 11 13 14 15 16 17 18 20 24 25 28 29 30 32 33 34 36 37 39 41 43 44 45 48 49 0
1 3 4 5 7 8 10 11 12 13 14 15 16 18 20 22 24 25 26 28 29 31 32 34 35 36 37 38 39 40 41 45 46 49 0

92
1 5 6 10 11 12 13 14 15 16 17 18 19 21 23 24 26 27 28 29 30 31 32 33 34 35 37 39 40 41 42 44 47 48 49 50 0
1 3 5 6 7 9 10 11 12 13 14 15 16 18 19 20 21 22 24 26 27 28 30 31 32 33 34 35 38 39 40 41 42 43 44 46 47 48 49 0

93
1 3 8 10 11 14 15 16 18 19 20 21 23 24 25 26 27 28 29 31 32 33 34 35 36 37 38 40 41 43 45 46 47 48 49 50 0
1 2 3 4 5 6 8 9 10 11 12 13 14 16 17 18 19 20 21 23 24 25 27 28 29 30 31 32 33 34 35 36 37 39 40 41 42 44 46 47 48 49 50 0

94
1 3 5 6 8 9 10 11 12 13 14 17 18 19 20 21 22 23 24 26 28 29 30 31 32 33 34 35 37 38 39 40 41 42 43 44 45 46 47 48 49 50 0
1 3 4 5 6 8 9 10 11 12 13 14 15 17 18 19 20 23 24 25 26 27 28 29 30 32 35 36 37 38 39 40 41 42 43 44 45 46 47 48 49 0

95
1 2 3 6 8 10 11 12 14 15 16 17 18 19 21 26 29 30 34 35 36 39 40 41 42 43 44 45 47 48 50 0
1 3 4 6 7 10 11 12 13 14 15 16 20 22 23 24 27 30 32 34 35 36 39 40 41 43 45 46 47 50 0

96
2 3 4 6 7 8 9 10 11 12 13 14 15 16 17 19 20 21 23 24 27 28 29 30 31 32 33 34 35 39 40 41 42 43 44 45 47 49 50 0
3 5 6 7 8 11 12 13 14 16 17 18 19 22 24 25 27 28 30 32 33 36 39 40 41 43 45 46 47 48 50 0

97
1 5 6 7 8 9 10 12 14 15 16 17 19 20 21 22 23 24 25 27 31 32 38 39 40 41 43 44 46 47 48 49 0
3 5 6 8 10 11 14 15 16 17 18 19 21 24 25 26 28 29 30 32 33 34 35 36 37 38 39 40 41 42 43 44 47 48 49 50 0

98
1 2 3 5 6 8 9 11 12 14 15 16 17 18 19 21 22 24 25 27 28 29 32 34 35 36 37 38 43 46 47 48 49 50 0
2 3 4 5 6 8 9 13 14 17 18 19 20 23 24 25 26 27 30 32 33 34 35 38 39 40 41 42 44 45 48 49 0

99
2 3 5 6 7 8 9 10 12 14 16 17 18 19 21 22 23 25 26 28 30 31 32 33 37 39 41 42 45 46 47 48 49 50 0
1 2 3 5 6 7 10 12 13 14 15 17 18 19 20 21 22 23 24 25 26 28 30 35 36 37 38 39 40 41 42 45 46 47 48 49 0

100
1 2 4 7 8 9 13 14 15 17 18 21 22 24 25 26 27 28 29 30 32 33 34 35 37 38 39 40 41 43 46 47 49 0
2 6 9 12 14 15 17 18 19 22 24 27 32 34 35 36 38 39 40 41 42 43 44 45 46 47 48 50 0

