1
2 6 9 10 11 17 22 26 31 34 35 44 48 49 51 52 55 57 58 59 60 64 66 67 69 77 84 85 87 88 91 92 93 94 96 98 99 100 102 103 116 117 119 122 125 131 142 146 150 152 153 155 159 160 162 171 173 178 184 188 198 200 0

2
1 5 6 9 11 12 13 14 15 18 21 25 27 28 29 33 34 38 39 41 44 47 50 51 52 56 57 58 59 64 65 66 69 75 78 79 80 83 84 86 87 88 90 92 93 94 98 100 104 110 113 117 120 121 123 124 125 128 131 132 135 137 139 140 142 146 151 152 155 157 158 160 162 166 168 169 171 172 175 179 180 182 184 185 187 189 195 198 0

3
1 2 3 4 5 6 7 8 9 10 12 13 14 15 16 18 20 22 24 25 26 27 28 29 30 33 35 36 37 38 40 41 44 45 47 48 49 50 51 53 54 55 56 57 58 60 61 63 64 65 66 67 69 70 71 72 73 74 76 78 79 80 82 83 84 85 87 88 89 91 93 95 96 97 98 99 101 102 103 104 105 107 109 111 112 113 116 117 119 122 123 124 125 126 127 129 133 134 135 136 137 138 139 140 142 143 144 145 146 147 148 149 150 151 154 155 156 157 158 159 160 161 162 163 164 165 166 169 170 172 173 174 175 177 178 179 181 183 185 186 188 190 191 192 193 194 195 196 197 198 199 0

4
1 2 3 6 7 8 9 10 11 13 14 17 18 19 22 23 25 26 27 28 31 32 34 35 38 40 41 42 44 45 46 47 48 49 50 51 53 57 58 59 60 61 62 64 66 68 70 71 72 73 75 76 78 80 81 82 84 85 86 87 88 90 91 92 93 94 96 98 100 102 103 104 105 107 108 109 110 111 112 115 116 118 119 120 121 122 123 125 126 130 132 133 134 135 136 137 138 140 141 142 145 146 151 155 157 160 162 163 164 165 166 168 171 173 177 179 180 182 184 187 188 189 190 194 195 196 197 198 200 0

5
2 4 5 6 8 9 11 12 13 14 15 20 21 22 27 29 30 31 32 35 36 37 38 41 42 43 45 46 47 51 52 53 56 61 65 66 69 70 71 72 74 78 79 80 81 82 84 87 92 94 95 97 98 100 101 104 112 113 114 115 116 117 121 122 125 126 127 129 132 133 137 140 144 145 146 147 151 152 154 155 157 158 159 160 162 163 167 168 169 170 171 173 175 176 178 180 181 182 183 186 187 188 189 191 193 195 198 200 0

6
1 2 3 4 5 6 7 8 9 10 12 13 14 15 16 18 20 22 24 25 26 27 28 29 30 33 35 36 37 38 40 41 44 45 46 47 48 49 50 51 52 53 54 55 56 57 58 60 61 62 63 64 65 66 67 68 69 70 71 72 73 74 76 77 78 79 80 82 83 84 85 87 88 89 91 93 95 96 97 98 99 100 101 102 103 104 105 106 107 109 111 112 113 116 117 119 120 123 124 125 126 127 129 133 134 135 136 137 138 139 140 141 142 143 144 145 146 147 148 149 150 151 154 155 156 157 158 159 160 161 162 163 164 165 166 169 170 173 174 175 176 177 178 179 181 183 185 186 188 189 190 191 192 193 194 195 196 197 198 199 200 0

7
1 2 3 4 6 9 11 13 14 15 18 21 22 24 25 26 27 28 31 34 35 36 38 41 45 46 47 48 52 53 54 59 60 61 65 66 67 69 70 71 76 80 81 82 83 85 86 88 91 93 94 101 102 105 106 107 110 113 114 116 118 119 121 124 126 127 130 131 132 135 136 138 139 143 145 146 148 149 150 151 154 155 156 157 158 160 162 166 169 171 172 173 174 175 178 183 184 185 186 188 189 190 191 193 194 195 196 198 200 0

8
2 3 4 5 6 9 10 11 13 17 18 19 21 25 26 28 29 30 34 35 38 39 40 41 43 44 45 49 50 52 54 55 56 57 58 59 60 62 65 66 67 68 70 71 72 73 74 75 77 78 80 81 83 84 85 86 87 90 91 92 93 94 96 98 99 100 101 102 103 104 106 107 110 113 114 115 116 117 118 119 120 121 124 125 128 129 130 132 133 137 139 140 141 142 147 149 151 152 153 155 157 158 160 161 162 166 168 169 171 172 175 177 178 179 180 182 184 185 186 187 188 190 191 192 196 197 198 199 0

9
1 2 3 4 5 6 8 9 10 11 12 14 15 16 17 18 19 20 21 22 23 24 25 27 28 29 30 31 32 33 34 35 36 37 38 39 40 41 42 43 44 46 47 49 51 52 54 55 57 58 59 60 61 62 63 64 65 66 67 68 70 71 73 74 75 76 80 82 83 85 86 87 88 89 90 92 93 94 95 96 97 98 99 103 104 105 106 107 110 112 113 115 116 117 118 120 121 122 123 124 125 127 128 129 130 131 132 133 135 136 138 139 140 141 142 143 144 145 146 147 148 149 150 151 152 154 155 156 157 158 159 160 161 162 165 166 167 168 169 170 171 172 173 174 175 177 178 179 180 181 182 183 184 185 186 187 188 189 190 191 192 193 195 196 197 198 199 200 0

10
2 4 5 6 8 9 11 12 13 14 17 18 20 22 24 25 26 27 28 30 33 34 35 37 38 42 43 44 45 47 48 49 51 53 54 57 58 60 62 63 64 66 69 70 71 72 76 78 79 80 81 82 83 85 87 88 91 93 94 95 96 98 101 102 103 104 107 111 114 116 117 118 120 123 125 126 127 128 129 130 131 134 137 139 140 146 147 148 149 150 151 152 153 155 156 157 158 159 160 161 163 164 169 170 172 173 174 175 177 179 182 183 184 185 186 187 188 189 190 191 192 193 195 196 197 198 199 0

11
3 5 6 7 8 9 13 14 15 18 19 20 21 22 25 26 27 28 29 30 31 32 33 34 35 36 37 39 40 41 44 45 46 47 48 49 50 51 52 54 55 57 58 61 64 65 66 67 68 70 71 74 75 76 77 79 80 81 83 84 85 87 89 91 92 94 96 98 99 100 101 102 103 104 106 107 108 109 110 113 114 116 119 121 122 123 124 125 126 127 128 130 131 132 135 136 139 140 141 142 143 144 147 148 149 150 151 153 154 155 156 157 158 160 161 165 168 169 172 174 175 176 177 178 179 180 182 183 184 185 186 187 188 189 190 191 194 195 198 199 0

12
5 6 7 9 11 13 18 19 21 25 29 31 34 41 43 44 48 49 50 51 52 56 58 62 66 69 70 75 84 87 88 92 93 96 100 101 114 117 120 121 123 124 125 131 132 137 140 142 153 166 169 172 177 179 180 182 185 187 195 0

13
1 2 3 4 5 6 7 8 9 10 12 13 14 15 16 18 19 20 22 23 24 27 28 29 30 31 32 34 35 36 37 38 39 40 41 42 43 44 45 46 47 48 49 50 51 52 53 54 55 56 57 59 61 63 65 66 68 69 70 71 72 74 75 76 78 79 80 81 82 83 84 85 87 88 89 90 92 94 95 96 97 100 101 102 103 104 105 106 107 108 111 112 113 114 115 116 117 118 119 120 121 122 123 124 125 126 127 128 129 131 133 134 136 137 138 139 140 143 144 145 147 152 154 155 156 157 158 159 161 162 163 164 165 166 167 168 170 171 172 173 174 175 176 177 178 180 181 183 185 186 187 190 191 192 193 194 195 196 197 198 200 0

14
1 2 3 4 5 6 7 9 10 12 13 14 15 16 17 19 20 21 22 23 24 25 29 30 32 34 35 36 37 38 39 40 41 42 43 45 46 47 48 49 50 51 52 53 54 55 56 57 59 60 61 62 63 64 65 66 67 68 69 70 71 73 74 75 76 77 78 79 80 81 82 83 84 86 87 89 90 91 93 94 95 96 97 99 101 103 104 105 107 108 109 110 111 112 113 114 115 116 117 118 119 120 121 122 123 124 125 126 127 129 131 133 135 136 138 139 140 141 143 144 145 146 147 148 149 150 152 153 154 155 156 157 158 159 160 161 163 165 167 168 169 170 171 172 173 174 176 177 178 179 181 182 184 186 187 188 191 192 193 194 196 197 198 199 200 0

15
1 2 3 5 6 7 9 10 11 17 18 19 22 25 26 28 30 31 33 34 35 38 40 41 46 48 49 51 52 53 54 56 57 59 60 61 62 64 66 68 69 70 73 75 78 80 83 84 85 90 91 93 94 96 98 99 100 103 105 108 110 112 115 118 119 122 123 124 125 129 130 131 132 134 137 139 140 141 142 144 145 149 151 152 153 155 156 157 159 160 162 164 166 168 170 171 172 173 177 178 179 180 182 184 186 187 188 189 190 194 195 196 198 199 0

16
1 2 3 4 5 6 7 8 9 10 12 15 16 18 19 20 22 23 24 25 28 29 30 31 32 35 36 37 38 39 40 41 42 43 44 45 46 47 48 49 50 53 55 56 58 61 62 63 64 65 67 68 69 70 71 72 73 74 75 76 77 78 79 80 81 82 83 84 86 88 89 90 91 93 94 95 96 97 98 99 100 101 102 103 104 105 106 107 108 109 111 112 113 114 115 116 117 118 119 120 121 123 124 126 127 128 131 132 133 134 135 136 138 139 140 141 142 143 144 145 146 147 148 150 152 153 154 155 156 157 158 160 161 162 163 164 165 166 167 168 169 170 171 172 173 174 175 176 177 178 180 181 184 185 186 187 188 189 190 191 193 194 195 196 197 199 200 0

17
1 3 4 5 6 7 8 10 11 14 16 17 18 19 21 22 26 27 28 29 30 31 32 33 34 35 36 37 38 39 41 42 43 45 46 48 49 51 52 54 55 56 57 58 59 60 62 63 64 67 68 69 71 72 73 74 75 76 77 78 79 80 83 84 85 86 87 89 93 94 95 96 97 99 100 101 102 103 104 105 106 107 109 110 111 112 113 116 118 120 122 123 124 128 131 132 134 135 136 137 139 140 141 143 145 146 147 148 149 152 153 154 155 156 157 159 160 162 164 165 167 168 169 170 171 172 173 174 175 176 177 179 181 182 183 184 186 188 189 190 191 193 194 195 197 198 199 200 0

18
3 4 6 7 9 10 11 12 13 14 15 18 19 21 25 26 30 35 38 42 45 49 52 57 58 59 60 61 62 64 66 68 69 70 72 73 78 82 84 86 87 91 92 93 94 96 98 99 101 102 103 104 105 113 115 116 117 119 120 122 123 128 129 130 131 132 136 137 140 141 142 144 146 150 152 153 159 160 162 166 167 170 171 179 180 181 182 183 184 190 191 194 197 200 0

19
1 3 4 6 7 8 9 10 11 12 14 15 16 18 19 20 23 24 25 28 29 30 31 32 33 34 35 36 37 38 40 41 43 44 45 46 48 49 50 52 53 54 55 58 60 63 64 65 66 68 69 70 71 72 73 74 75 76 78 79 80 81 82 83 85 86 88 89 90 91 93 94 96 97 98 99 100 102 103 104 105 107 108 109 110 111 112 114 115 116 117 118 121 122 123 124 127 128 130 131 132 133 134 135 138 139 141 142 143 144 145 146 147 148 149 150 152 153 154 155 156 157 158 159 160 161 162 163 164 166 167 168 169 172 173 174 175 178 180 182 185 186 187 188 189 190 192 195 196 198 200 0

20
1 2 4 6 8 10 11 13 14 16 17 18 20 21 22 25 27 28 32 33 35 36 37 38 39 40 41 42 43 46 47 48 49 50 51 52 53 54 55 57 58 59 62 63 64 66 68 69 70 71 72 73 74 76 77 79 80 81 82 83 84 88 89 90 91 93 94 96 97 98 99 100 104 107 108 109 112 113 114 117 119 122 123 124 126 129 130 131 132 135 136 138 139 140 142 143 144 146 147 148 149 150 151 152 154 156 157 158 159 160 162 163 165 166 167 168 170 173 174 175 177 178 181 182 183 185 186 187 188 189 191 192 193 194 195 196 197 0

21
2 4 6 7 8 9 11 12 13 14 15 16 18 21 22 24 26 28 30 34 35 36 37 42 44 45 46 47 49 50 51 53 54 57 61 65 66 67 69 70 71 72 74 76 80 81 82 83 84 85 87 89 92 93 95 96 97 101 102 103 104 106 110 111 112 115 116 117 118 119 120 121 122 123 125 126 127 131 133 134 135 136 138 139 142 143 144 145 147 152 154 155 157 158 160 161 162 163 167 168 170 171 172 173 174 175 177 180 181 183 186 188 189 191 193 194 197 200 0

22
2 6 9 10 11 12 13 14 15 17 21 22 23 24 26 27 29 30 31 32 34 35 41 44 45 48 49 50 51 52 54 55 56 58 59 61 64 66 67 70 71 76 78 79 80 81 84 85 87 90 91 92 93 94 98 99 100 102 104 113 115 116 118 119 120 121 122 125 128 129 130 131 132 137 140 141 149 151 152 153 158 160 162 163 164 172 177 178 180 184 185 187 188 189 191 194 195 198 200 0

23
2 4 5 6 7 8 9 10 12 14 15 16 18 20 22 23 24 27 28 29 30 32 36 37 39 41 42 43 44 45 46 47 48 49 51 52 53 54 55 60 61 65 69 70 71 72 74 78 79 80 81 82 83 84 85 87 88 89 90 91 92 93 95 96 97 98 100 102 104 107 111 112 113 115 116 117 120 121 122 123 124 125 127 128 132 133 134 135 136 137 138 139 140 142 143 144 145 147 152 153 154 157 158 160 161 162 163 165 166 167 170 172 173 174 175 176 177 178 180 181 183 184 185 186 188 191 194 195 196 197 0

24
1 2 4 5 6 8 9 10 11 13 14 17 20 21 25 27 28 31 33 35 37 39 41 42 51 52 53 55 57 58 61 63 66 70 71 73 75 77 79 80 82 84 85 88 89 90 91 93 94 96 98 99 100 103 104 105 106 109 113 114 117 119 120 121 122 123 125 126 129 132 136 137 138 140 141 142 150 153 155 156 157 159 160 162 163 164 165 166 168 169 170 171 174 175 178 179 180 182 183 186 187 188 190 191 193 194 197 198 199 200 0

25
1 2 5 6 7 9 10 11 13 14 15 17 18 19 21 25 26 27 28 29 35 38 39 45 49 50 51 52 54 55 56 57 58 59 61 64 65 66 69 70 71 78 79 80 83 85 86 87 88 90 92 93 94 96 98 99 100 106 110 113 115 116 117 120 121 124 125 128 129 131 132 133 135 137 139 140 142 146 147 148 151 152 153 156 157 158 160 162 166 169 171 172 175 177 179 180 182 185 187 189 190 192 195 0

26
3 6 9 11 13 17 18 19 20 26 28 29 31 33 34 35 38 40 41 42 43 45 48 49 51 52 53 56 58 59 60 64 66 69 70 71 76 78 79 80 84 85 88 91 92 93 94 96 98 99 100 101 104 105 109 111 116 117 119 121 122 125 126 130 131 132 135 137 140 144 146 148 149 150 152 153 155 159 160 162 163 166 167 169 173 176 178 180 181 184 187 188 189 194 198 0

27
1 3 4 5 6 7 8 10 12 13 14 15 16 17 18 22 23 24 25 26 27 28 30 31 33 34 36 37 38 40 42 43 44 45 46 47 48 49 50 51 53 55 58 59 61 62 63 64 65 67 69 70 71 74 75 76 78 80 81 82 83 84 85 86 87 89 90 91 92 93 94 95 96 97 98 100 101 102 103 104 105 111 112 113 114 116 117 118 120 122 123 125 127 130 131 132 134 135 136 137 138 139 142 143 144 147 149 150 151 152 154 157 158 159 160 161 162 163 164 165 167 168 170 174 175 176 177 178 180 181 182 183 184 185 186 187 188 189 191 192 194 196 197 198 199 0

28
2 4 6 8 10 11 12 14 16 18 20 22 23 24 26 30 31 35 36 37 38 39 41 42 44 46 47 48 49 50 51 53 54 56 57 60 61 62 63 64 66 67 69 70 72 73 76 78 80 82 84 85 87 89 92 93 96 97 98 99 101 102 104 110 111 112 116 117 120 123 125 126 127 128 130 131 134 135 136 137 138 139 140 142 143 144 146 147 152 153 154 157 158 159 160 161 162 163 164 165 166 167 170 174 175 176 177 178 180 181 183 188 189 190 191 197 199 200 0

29
1 2 3 4 5 6 8 9 12 14 15 16 18 20 21 22 24 25 27 28 29 30 31 32 35 36 37 39 40 41 42 45 46 47 48 49 52 53 54 55 56 58 60 61 63 65 66 67 69 70 71 74 76 77 79 80 81 82 83 84 85 87 88 89 91 92 93 94 95 96 97 98 99 100 101 102 104 105 106 107 108 111 112 115 117 118 119 120 121 122 123 124 125 126 127 128 129 131 133 134 135 136 137 138 139 140 142 143 144 145 147 150 151 152 153 154 155 156 157 158 159 160 161 162 163 164 165 166 167 170 171 172 173 174 175 176 177 178 180 181 182 183 185 188 189 190 191 192 193 194 196 197 200 0

30
3 6 9 11 12 13 17 18 19 20 21 25 26 34 35 38 41 42 43 45 48 49 51 52 54 56 58 59 60 62 64 67 69 70 71 72 73 75 79 84 85 88 91 92 93 94 96 98 99 100 103 105 110 113 116 117 118 120 122 123 129 130 131 132 134 137 140 144 146 149 150 152 153 159 160 163 167 169 170 173 176 179 180 182 184 187 188 189 198 200 0

31
2 5 6 7 9 10 12 18 21 26 28 33 34 38 39 40 41 43 47 48 49 51 52 57 58 61 66 69 70 71 73 78 80 84 86 87 88 91 92 93 99 101 113 114 115 117 122 123 124 131 132 135 137 140 142 146 151 152 153 155 157 160 162 166 169 173 175 177 180 183 185 187 188 195 199 0

32
2 3 4 5 6 8 9 11 14 15 17 18 19 21 22 23 26 28 30 31 32 33 34 38 39 41 42 43 44 45 46 47 49 50 51 52 57 58 59 60 61 62 67 69 72 73 76 77 80 82 83 84 87 92 93 94 96 98 99 100 101 102 103 104 106 109 110 111 112 113 116 117 120 121 123 124 129 131 135 139 140 142 144 150 151 152 153 157 159 160 162 164 166 171 175 176 177 178 180 182 186 187 190 191 194 197 198 200 0

33
2 3 5 6 7 8 9 11 12 13 16 17 18 20 22 23 24 26 27 28 29 30 33 34 36 37 38 39 41 42 43 44 45 47 49 50 51 53 55 57 59 60 61 63 64 65 66 69 70 71 72 76 78 79 80 82 83 84 85 86 87 88 89 90 91 93 94 95 97 98 99 100 102 103 104 107 109 111 112 116 117 118 119 122 123 124 125 126 127 128 129 131 132 134 135 136 137 138 139 140 143 145 146 147 148 149 150 151 154 155 156 157 158 159 161 162 163 164 166 167 169 170 172 173 174 175 178 179 181 183 184 185 186 187 188 189 190 192 193 195 197 198 199 0

34
1 2 4 5 6 7 8 9 10 11 12 13 14 16 20 24 25 28 36 37 38 39 40 41 42 46 48 49 50 51 52 53 54 55 56 57 61 63 66 68 69 70 71 72 74 75 76 78 79 80 81 82 83 84 86 88 89 92 93 94 96 97 100 101 104 107 108 109 111 112 113 114 115 116 117 122 123 124 127 129 131 132 133 134 136 137 138 139 140 142 143 144 145 146 147 148 152 154 156 157 159 161 162 164 166 167 168 169 170 171 173 174 175 177 178 179 180 181 183 185 186 189 191 193 194 195 196 197 200 0

35
2 3 4 6 7 8 9 10 11 14 18 20 25 26 27 28 29 30 31 34 35 36 37 38 40 41 44 45 46 49 50 51 54 55 56 57 58 59 64 65 66 67 69 70 71 72 73 75 76 77 78 79 80 81 83 84 86 87 88 89 91 92 93 94 96 97 98 99 100 104 105 107 109 110 111 113 116 117 118 119 120 121 122 123 124 125 126 129 132 133 136 137 139 140 141 142 144 146 147 148 151 153 154 156 157 158 160 161 162 164 166 167 168 169 171 173 174 175 176 179 182 183 184 185 186 191 193 194 195 196 198 199 200 0

36
4 5 6 7 13 18 26 27 31 33 34 38 40 42 43 45 47 48 49 51 55 57 58 59 60 64 66 69 72 84 87 92 93 99 100 110 111 116 117 118 122 128 137 146 151 152 153 156 160 162 173 174 179 180 190 195 197 198 0

37
1 2 3 4 5 6 7 8 9 11 12 14 15 16 17 18 20 21 24 25 26 27 28 29 30 31 32 36 37 40 42 43 45 46 48 49 52 53 54 56 57 60 61 63 65 66 67 69 70 71 72 75 76 78 79 80 81 82 83 85 88 89 91 92 93 95 96 97 98 101 102 104 106 107 108 109 110 112 113 114 115 116 117 118 119 121 122 123 125 127 128 129 130 131 133 136 138 139 140 142 143 144 145 147 148 151 152 154 155 156 157 158 160 161 162 163 166 167 168 169 170 171 172 173 174 175 177 180 181 183 185 186 188 189 191 193 195 196 198 200 0

38
2 4 6 9 13 17 20 23 26 27 28 32 33 34 35 39 41 42 48 49 50 52 53 55 56 58 59 60 62 64 67 69 70 71 77 78 79 80 84 85 86 91 93 96 98 100 101 102 106 109 111 113 114 117 119 120 123 125 126 129 130 131 134 137 142 146 148 149 150 151 155 156 159 160 163 164 165 166 168 169 171 172 173 174 178 180 182 184 188 189 193 194 198 199 200 0

39
2 5 6 9 13 17 20 22 23 26 30 35 41 42 43 44 45 49 51 52 56 58 59 60 64 67 69 70 71 72 73 78 79 84 85 91 92 93 94 98 99 100 101 102 103 104 110 119 122 123 125 131 144 150 151 152 153 155 156 157 159 160 162 163 167 169 170 173 178 180 183 184 188 192 194 198 199 200 0

40
1 2 3 4 5 6 7 8 9 10 11 13 14 15 16 20 23 24 27 28 32 34 36 37 38 39 40 41 42 43 45 46 47 48 49 51 52 53 54 55 56 57 61 66 69 71 72 74 75 76 78 79 80 81 82 83 84 88 89 92 93 94 95 96 97 100 102 103 104 106 107 108 109 111 112 113 115 116 117 119 121 123 124 126 129 130 131 132 133 134 136 137 138 139 140 142 143 144 146 147 148 152 154 155 156 157 158 159 161 162 163 164 166 167 168 170 171 173 174 175 177 178 180 181 183 185 186 191 192 193 194 195 196 197 198 200 0

41
1 2 4 6 8 10 11 12 13 16 20 21 24 25 28 29 33 34 35 36 37 38 40 41 42 46 47 48 49 50 51 52 53 54 55 56 57 60 61 62 63 64 66 68 69 70 71 73 74 75 76 77 78 79 80 81 82 83 84 85 86 89 91 93 94 96 97 98 100 101 104 107 108 109 112 113 114 117 119 120 123 124 125 129 130 132 135 136 137 138 139 140 143 144 145 146 147 148 150 151 154 156 160 161 163 164 166 167 168 169 170 171 173 174 175 177 178 179 181 182 183 184 185 186 187 189 191 193 196 197 198 199 200 0

42
4 5 6 9 12 13 15 21 22 30 35 37 38 42 44 49 51 52 56 61 69 70 72 82 84 85 87 92 93 96 101 102 104 116 117 123 126 130 131 137 140 152 153 160 162 170 173 181 183 188 189 191 193 194 197 200 0

43
4 6 7 8 9 10 11 12 13 14 15 16 17 18 19 20 21 22 23 24 25 26 27 28 30 31 32 33 35 36 37 38 39 40 41 42 43 44 45 46 47 48 49 50 53 54 55 56 59 60 61 63 64 65 66 67 68 69 71 72 73 74 75 76 77 78 79 80 81 83 84 85 86 87 89 90 91 92 93 94 95 96 97 99 101 103 104 106 107 108 110 111 112 113 114 115 116 117 118 119 121 123 125 127 128 129 130 131 132 133 134 135 136 137 138 139 140 141 142 143 145 146 147 148 149 150 152 154 155 157 158 160 161 162 163 165 166 167 169 170 171 172 174 175 176 177 181 183 184 185 186 187 189 190 191 192 193 194 195 196 197 198 199 0

44
1 2 4 6 8 10 11 13 14 16 20 24 25 27 28 29 31 32 34 36 37 38 39 40 41 42 43 46 47 48 49 50 51 52 53 54 56 57 61 62 63 64 66 68 69 71 73 74 75 76 77 78 79 80 81 82 83 84 85 86 88 89 91 93 94 96 97 100 101 104 106 107 108 109 112 113 114 115 117 122 123 124 125 126 128 130 132 136 137 138 139 140 142 143 144 145 146 147 148 150 151 154 155 156 159 160 161 162 163 164 165 166 167 168 169 170 171 173 174 175 177 178 179 180 181 182 185 186 187 189 190 191 192 193 194 196 197 198 200 0

45
2 3 4 5 6 9 10 11 12 13 18 22 23 24 30 36 37 42 43 44 45 50 52 53 56 60 61 64 66 67 69 70 71 72 76 77 78 80 82 84 85 87 90 91 92 93 96 97 98 100 101 102 103 104 105 106 110 111 116 117 119 122 123 126 128 130 131 132 136 137 140 141 142 144 146 152 157 159 160 162 163 164 166 168 170 171 174 178 179 180 183 189 190 191 193 194 197 198 199 200 0

46
2 4 5 6 8 9 10 11 12 14 16 18 20 21 22 23 24 25 27 28 31 32 34 35 36 37 39 40 42 43 44 45 46 47 48 49 50 52 53 54 55 56 58 59 60 61 62 63 65 66 67 69 72 74 76 77 78 80 82 83 84 87 89 90 91 92 93 94 95 96 97 99 100 101 104 105 106 107 108 110 111 112 113 116 117 118 119 121 122 123 124 125 126 128 131 132 133 136 138 139 140 142 143 144 146 147 149 151 152 154 155 156 157 158 159 160 161 162 164 165 166 167 168 169 170 171 172 173 175 177 178 179 181 182 183 184 189 190 191 193 194 195 197 198 200 0

47
1 3 5 6 9 10 11 13 14 17 18 19 21 25 26 33 34 35 38 42 43 44 47 48 49 51 52 56 57 58 59 62 66 69 70 75 84 87 88 91 92 93 94 98 99 100 103 110 114 117 122 123 125 137 140 141 142 144 146 148 150 153 155 159 160 163 167 169 177 179 180 182 184 185 187 188 192 198 0

48
1 6 9 11 12 15 17 18 21 22 23 25 28 30 31 32 35 36 37 42 45 49 51 52 57 59 60 64 66 67 69 70 72 73 77 79 84 85 87 91 92 93 94 96 97 98 100 101 102 103 104 111 115 116 117 119 120 121 122 123 125 126 130 131 132 135 136 137 139 142 150 152 153 157 159 160 165 170 172 175 177 179 181 183 189 191 192 197 199 0

49
3 5 6 11 17 18 19 22 25 26 27 28 29 31 33 34 35 41 43 44 47 48 49 51 52 55 56 57 58 59 61 64 66 71 76 78 79 80 84 85 87 88 91 93 98 99 100 107 109 114 119 123 124 125 126 128 132 135 139 140 141 142 146 148 149 150 155 156 159 160 162 163 166 168 169 171 176 178 180 182 184 185 189 194 195 197 198 0

50
1 2 4 6 8 10 12 13 14 16 20 22 24 25 26 27 28 29 32 33 35 36 37 38 39 40 41 42 43 45 46 48 49 50 52 53 54 55 57 61 63 64 65 66 68 69 70 71 74 75 76 77 78 79 80 81 82 83 85 86 88 89 91 93 94 95 96 97 100 101 104 105 106 107 108 109 111 112 114 115 116 118 119 120 122 124 125 127 129 130 131 133 134 135 138 139 140 141 143 144 145 146 147 148 149 150 151 152 154 155 156 157 158 159 160 161 162 163 164 166 167 168 169 173 174 175 176 177 178 179 181 183 184 185 186 187 188 189 191 192 193 195 196 197 198 199 200 0

51
2 4 6 9 12 15 17 18 21 26 30 34 35 38 42 43 44 49 51 52 58 61 66 67 69 70 72 82 84 85 87 92 93 101 102 114 116 117 123 125 131 140 152 162 167 170 173 181 183 188 189 191 194 200 0

52
1 2 3 5 6 9 10 11 12 13 17 18 19 20 21 24 25 26 29 30 31 33 34 37 38 41 44 45 48 49 50 52 56 58 60 61 63 64 66 69 70 71 72 75 76 77 79 80 84 87 88 91 92 93 94 96 99 104 105 109 110 111 115 116 117 119 120 121 122 126 130 132 133 136 137 140 142 144 145 148 149 150 151 153 158 159 160 163 165 167 168 169 170 171 174 175 177 180 181 182 183 185 187 188 195 198 200 0

53
2 3 4 5 6 8 9 11 12 13 14 15 16 18 19 20 21 22 23 24 25 26 27 28 29 30 31 32 34 35 36 37 39 40 42 43 44 45 46 47 48 49 51 53 54 55 57 61 62 65 66 67 69 70 74 75 76 78 80 81 82 83 85 86 87 88 89 90 91 92 93 95 96 97 101 102 103 104 105 106 107 108 111 112 113 115 116 117 118 119 120 121 122 123 124 126 127 128 130 131 132 133 134 135 136 138 139 140 142 143 144 145 147 151 152 154 155 156 157 158 159 161 162 165 166 167 169 170 171 172 173 174 175 177 178 180 181 182 183 185 186 189 190 191 192 193 194 196 198 200 0

54
5 6 9 11 18 20 21 31 34 38 41 42 44 45 46 48 49 50 51 52 56 57 58 61 62 64 66 67 69 70 71 73 75 77 78 79 84 87 88 91 92 93 98 99 100 109 110 113 114 115 116 117 120 121 124 125 130 131 132 137 139 140 142 152 153 156 157 160 167 168 169 171 175 177 179 180 182 185 198 200 0

55
2 4 6 7 8 9 11 12 13 14 15 16 17 18 20 21 24 25 26 27 30 31 35 36 37 38 42 43 44 45 47 49 51 53 54 56 57 62 65 66 67 69 70 71 72 74 76 79 80 81 82 83 85 87 92 93 95 96 97 101 102 103 104 107 111 112 113 114 115 116 117 118 119 121 122 123 127 128 129 130 131 133 134 136 137 138 142 143 144 145 147 148 149 150 151 153 154 155 156 158 159 162 167 168 170 171 173 174 175 177 179 180 182 183 185 186 191 193 194 195 199 0

56
1 2 4 6 8 9 10 11 12 15 17 18 19 21 22 24 25 26 28 30 32 34 35 40 43 44 45 47 48 49 50 51 52 53 54 55 56 58 59 60 61 62 63 64 65 66 67 68 69 70 71 72 74 75 76 77 78 80 81 82 83 84 85 86 87 88 90 91 92 93 94 96 98 101 102 103 104 105 107 108 109 110 111 112 114 115 116 117 118 119 120 121 123 124 126 127 129 130 131 132 133 134 135 136 137 138 139 140 141 142 143 145 146 147 148 149 151 155 157 158 159 160 161 164 166 167 168 169 171 172 173 174 175 177 179 181 182 184 185 186 187 188 191 193 194 195 196 197 198 199 200 0

57
2 4 6 7 8 9 11 12 13 15 16 18 22 23 24 25 28 30 35 36 37 41 42 43 44 46 47 48 49 50 51 53 57 65 66 67 69 70 71 72 74 76 78 79 80 81 82 84 87 89 91 92 94 95 96 97 101 102 103 104 110 111 112 114 115 116 117 118 119 120 121 122 123 126 127 131 133 134 135 136 138 139 142 143 144 146 147 150 152 154 155 157 158 160 161 162 163 165 166 167 170 172 173 174 175 177 178 180 181 182 183 188 189 191 193 194 197 200 0

58
1 5 6 7 9 13 18 21 28 31 33 34 35 38 40 43 52 53 54 55 58 59 61 69 70 71 72 73 78 86 88 93 94 96 99 110 111 114 117 122 123 130 131 132 135 136 140 149 155 160 162 166 169 171 177 181 184 189 192 195 197 0

59
5 6 7 9 10 13 17 18 21 23 28 29 34 38 41 43 44 45 48 49 50 51 52 54 55 56 57 59 61 62 64 66 67 69 70 71 73 75 77 78 80 81 86 87 88 91 92 93 94 96 98 99 100 101 103 105 109 110 113 117 118 120 121 122 124 128 130 134 135 137 139 140 141 148 151 152 153 155 156 160 163 164 166 169 171 172 177 179 180 182 184 185 187 188 189 192 194 195 196 198 0

60
1 2 4 5 6 8 9 10 11 12 13 14 16 18 20 23 24 25 28 32 34 35 36 37 39 40 41 42 44 45 46 47 48 50 51 52 53 54 55 60 61 63 64 67 68 69 70 71 72 73 74 75 76 77 78 79 80 81 82 83 84 86 88 89 90 91 93 94 96 97 98 100 101 104 107 108 109 110 111 112 113 114 115 116 117 119 120 121 122 123 124 125 126 127 129 130 131 133 136 137 138 139 140 143 144 145 147 148 150 151 152 153 154 155 156 157 159 160 161 162 164 166 167 168 169 170 171 173 174 175 177 178 179 180 181 183 185 186 188 189 190 191 193 195 197 198 199 200 0

61
2 4 5 6 12 15 17 22 24 25 30 32 35 38 42 43 44 45 48 49 52 53 56 57 60 61 69 72 78 79 84 91 92 93 96 101 102 104 110 113 114 116 117 122 123 125 131 137 144 150 155 159 167 170 172 174 179 181 183 184 185 191 194 198 0

62
1 2 4 5 6 8 9 10 12 13 14 15 16 18 20 22 24 25 26 27 28 30 32 33 35 36 37 38 39 40 41 42 43 45 46 49 50 52 53 54 55 56 57 61 63 64 65 68 69 70 71 74 75 76 78 79 80 81 82 83 85 86 88 89 90 91 93 94 95 96 97 98 100 101 104 105 106 107 108 109 111 112 113 114 115 116 117 118 119 120 122 123 124 125 126 127 129 132 133 134 135 136 137 138 139 140 141 142 143 144 145 146 147 148 149 150 151 152 153 154 155 156 157 158 159 161 162 163 164 165 166 167 168 169 170 171 172 173 174 175 176 177 178 179 181 183 185 186 187 188 189 191 192 193 194 195 196 197 199 200 0

63
1 2 4 6 9 12 14 15 18 21 25 29 30 31 32 34 35 36 38 39 41 46 48 49 50 51 54 65 66 67 69 70 72 73 75 76 77 78 80 83 84 87 88 89 90 92 93 96 100 101 104 106 109 110 111 113 114 116 121 124 125 128 132 133 136 137 139 140 142 144 146 147 153 154 157 158 160 162 164 166 169 170 172 175 176 178 179 181 182 186 187 191 192 197 200 0

64
1 2 3 4 6 8 9 10 11 12 14 15 16 17 19 20 22 23 24 25 27 28 29 30 31 32 34 36 37 38 39 40 41 42 43 45 46 48 50 52 53 54 55 57 58 59 60 63 64 65 66 67 68 69 70 71 74 75 76 77 78 79 80 81 82 83 85 86 88 89 90 91 93 94 95 96 97 98 99 100 101 103 104 105 106 107 108 109 111 112 113 114 115 116 118 119 120 121 122 123 124 127 129 131 132 133 134 135 136 138 139 140 141 143 144 145 146 147 148 149 150 151 152 154 155 156 157 158 159 161 162 163 164 165 166 167 168 169 171 172 173 174 175 176 177 178 179 181 182 183 184 185 186 187 188 189 190 191 192 193 194 195 196 197 199 200 0

65
2 4 5 6 7 8 9 11 12 14 15 16 18 20 21 24 25 26 27 28 29 30 31 32 34 35 36 37 38 40 42 43 44 45 46 47 49 51 53 54 56 61 65 66 67 69 71 72 74 76 78 80 81 82 83 85 87 89 91 92 93 94 95 96 97 98 101 102 103 104 106 107 108 112 113 115 116 117 118 119 120 121 122 123 127 128 129 130 131 132 133 134 136 138 139 142 143 144 145 147 150 151 152 154 155 156 157 158 159 160 161 162 167 168 170 171 172 173 174 175 177 178 180 181 182 183 185 186 189 191 193 194 195 196 200 0

66
3 5 6 10 11 13 18 19 21 25 26 31 34 38 47 49 51 52 58 59 62 66 67 69 77 84 86 91 92 93 94 98 99 103 105 110 120 125 131 132 140 141 142 146 149 153 155 159 160 163 174 177 179 181 182 184 188 190 193 196 198 0

67
1 2 3 6 7 8 9 11 12 13 14 15 16 17 18 21 22 23 24 25 27 28 30 31 32 34 35 36 37 38 40 41 43 44 45 46 47 49 50 51 53 55 56 58 59 62 63 64 65 66 67 68 69 71 72 73 74 75 76 79 80 82 83 84 85 87 88 91 92 93 94 95 96 97 98 99 103 104 105 106 107 108 110 112 114 115 116 117 118 121 122 123 127 128 129 130 132 133 135 139 140 141 142 143 144 145 146 147 148 149 150 152 153 154 155 158 159 160 161 162 163 166 167 168 169 170 172 175 176 177 178 180 181 184 185 186 187 188 189 190 191 192 193 194 195 197 199 0

68
1 2 3 4 5 6 8 9 11 12 13 14 15 16 18 21 22 24 25 26 27 28 29 30 31 32 34 35 36 37 39 40 41 42 43 46 48 49 50 51 54 56 57 60 63 65 66 67 69 70 71 72 74 75 76 78 80 81 82 83 84 87 88 89 92 93 95 96 97 99 102 103 104 105 106 107 108 111 112 113 116 117 118 119 121 122 123 124 126 127 129 131 133 134 135 136 138 139 142 143 144 145 146 147 148 149 151 152 154 155 157 158 159 160 161 162 163 165 169 170 171 172 173 174 175 176 177 178 180 181 182 183 185 186 188 189 190 191 192 194 197 198 199 200 0

69
2 5 6 7 9 11 14 15 18 19 21 26 27 28 33 34 35 38 39 40 41 45 47 48 49 52 54 55 57 58 60 61 64 66 69 70 71 73 76 79 80 83 84 85 88 90 91 92 93 94 96 98 104 106 110 113 114 115 117 121 124 125 126 128 130 132 133 135 137 139 142 146 147 151 152 153 156 157 160 162 166 169 172 173 174 175 177 178 179 180 182 184 185 186 187 189 195 200 0

70
1 2 4 5 6 11 13 14 15 16 17 18 19 20 21 22 23 24 25 26 30 32 33 35 36 37 39 41 42 43 45 46 47 48 50 51 53 54 55 56 57 58 59 60 62 63 64 66 67 68 69 70 71 72 73 75 76 77 78 79 82 84 86 88 90 91 92 93 94 95 96 99 100 101 102 104 105 107 111 112 113 115 117 118 119 123 126 127 128 131 132 134 135 136 138 141 142 143 144 146 148 150 151 152 153 154 156 157 159 160 161 163 164 165 166 167 168 169 171 173 175 176 177 178 179 180 181 184 186 187 188 189 190 191 193 194 196 197 198 199 200 0

71
1 2 4 5 6 8 9 10 11 12 13 14 15 16 17 18 19 20 22 24 25 26 27 28 29 30 32 33 34 35 36 37 38 40 41 42 43 45 46 47 48 49 50 51 53 54 55 57 58 59 62 63 64 65 66 67 68 70 71 72 73 74 75 76 77 78 79 80 81 82 83 84 85 86 87 88 89 90 91 92 93 94 96 97 98 99 100 101 102 103 104 105 106 107 108 109 110 111 112 113 114 115 116 118 119 120 121 122 123 124 126 127 129 130 131 132 133 135 136 138 139 141 142 143 144 145 147 148 149 150 152 153 154 155 156 157 158 159 160 161 163 164 165 167 168 169 170 171 172 173 174 175 176 178 179 180 181 183 184 185 186 187 188 189 191 192 193 194 195 197 198 199 0

72
2 4 5 6 7 8 9 10 12 13 14 15 16 20 22 23 24 27 28 29 30 32 36 37 38 39 40 41 42 44 45 46 47 48 49 51 52 53 54 56 58 61 65 66 69 72 74 78 80 82 83 84 85 87 88 89 90 91 92 93 95 97 100 102 103 104 107 110 111 112 113 114 115 116 117 121 124 127 129 130 131 133 134 136 137 138 139 143 144 147 152 154 155 156 157 158 161 162 163 166 167 168 170 171 172 173 174 175 177 178 180 181 183 185 186 189 191 192 193 194 195 196 197 198 200 0

73
1 2 4 5 6 7 8 9 12 13 14 15 16 17 20 22 23 24 25 27 28 29 30 32 35 36 37 38 39 40 42 43 44 45 46 47 49 50 51 52 53 54 55 57 59 61 62 63 65 67 69 71 72 74 76 77 78 79 80 82 83 86 87 89 90 92 93 94 95 96 97 99 101 102 103 104 105 106 107 108 111 112 113 114 115 116 117 118 121 122 123 125 126 127 128 129 131 133 134 136 138 139 140 142 143 144 145 146 147 149 151 152 153 154 155 157 158 159 160 161 162 163 164 165 166 167 168 169 170 171 173 174 175 176 177 178 179 180 181 183 184 186 188 190 191 192 193 194 195 196 197 199 200 0

74
2 5 6 9 11 12 13 17 20 21 24 25 26 30 31 34 38 39 44 45 47 49 50 57 58 59 60 61 64 69 70 72 76 79 84 85 86 87 90 91 92 93 94 98 104 105 117 118 119 120 121 126 132 137 139 146 148 149 151 153 156 158 160 162 164 170 172 174 177 178 179 181 183 184 185 186 187 188 194 195 196 198 0

75
5 6 9 10 11 21 25 34 38 41 44 49 51 56 61 66 69 70 71 72 73 84 87 92 93 100 116 117 120 122 123 125 130 131 132 140 150 153 160 169 170 171 198 0

76
1 2 4 6 9 10 11 17 21 22 23 26 28 31 35 39 40 41 43 52 53 54 57 58 59 61 64 66 67 69 71 81 85 86 88 91 93 94 95 99 100 102 104 106 111 113 117 118 119 120 122 123 124 125 126 130 132 134 135 136 140 141 142 146 148 149 150 151 155 156 157 159 160 162 163 164 169 172 174 175 178 183 184 189 191 198 199 200 0

77
1 2 4 6 9 11 12 18 21 25 29 30 34 37 38 39 41 49 50 51 54 61 66 67 69 70 71 72 73 75 77 80 84 87 88 89 90 92 93 94 100 101 104 113 116 117 121 123 124 125 128 130 132 133 137 139 140 142 144 146 153 157 160 162 164 166 167 169 170 171 172 175 176 179 182 187 191 198 0

78
1 2 4 5 6 7 8 11 12 13 16 17 19 20 21 24 25 28 29 30 32 33 34 35 36 37 38 39 40 41 42 44 45 46 48 49 50 51 52 54 55 56 57 59 60 61 62 63 64 65 66 68 69 70 71 73 74 75 76 77 78 79 80 81 82 83 86 87 89 91 93 95 96 97 99 100 101 102 103 104 105 106 107 108 109 111 112 113 114 115 116 118 120 121 122 123 124 125 126 127 129 131 132 133 134 135 136 138 139 140 141 143 144 145 146 147 148 149 150 152 154 155 156 157 159 160 161 163 164 165 167 168 169 170 171 173 174 175 176 177 178 179 181 182 183 184 185 186 187 188 189 191 192 193 194 195 196 197 198 199 200 0

79
2 4 5 6 7 8 9 10 11 12 13 14 16 17 18 19 20 21 22 24 25 27 28 30 31 32 33 34 36 37 39 40 41 42 44 45 48 49 50 51 52 53 54 55 57 58 59 60 61 62 63 64 65 66 67 69 70 72 73 74 76 77 80 81 82 83 84 85 87 89 90 91 92 93 94 96 97 99 100 101 103 104 106 107 108 109 110 111 112 113 115 116 120 121 122 123 124 127 128 131 132 133 134 135 136 138 139 140 141 142 143 144 146 147 149 151 152 154 155 156 157 158 159 160 161 162 163 165 166 168 170 172 173 175 176 177 178 179 181 182 183 184 185 186 187 189 190 191 193 194 195 196 198 199 200 0

80
2 4 6 7 8 9 10 12 14 15 18 22 24 26 30 31 32 33 34 36 37 38 40 42 43 45 49 52 54 57 59 60 61 66 67 69 70 71 73 76 77 78 80 81 82 84 85 87 91 92 93 94 96 99 101 102 104 110 113 114 115 116 117 119 121 123 125 128 130 131 132 133 136 138 142 144 151 152 156 158 160 162 167 169 170 172 173 174 177 180 181 183 184 189 190 191 193 194 195 197 199 200 0

81
1 4 5 6 7 8 9 11 12 13 14 16 18 19 22 23 24 25 26 27 28 32 33 35 36 37 39 42 44 47 49 51 52 53 54 55 57 58 61 62 63 64 66 67 69 70 71 72 76 77 78 80 82 83 85 86 89 91 93 94 96 97 98 99 104 106 108 110 111 113 115 116 118 120 122 123 124 125 126 128 129 130 131 133 135 137 138 139 140 142 143 145 147 149 150 151 152 153 154 155 157 158 160 162 163 164 166 167 169 171 172 174 175 177 178 179 181 182 183 184 185 188 189 191 193 197 199 200 0

82
1 4 5 6 9 10 11 12 13 17 18 20 23 26 30 34 35 39 40 41 42 43 44 45 49 50 51 56 57 58 59 60 64 66 69 70 71 78 79 81 84 87 90 91 92 93 94 95 96 98 100 101 104 109 110 111 117 118 119 121 122 130 132 134 137 140 144 146 149 150 152 155 159 160 162 164 166 167 169 170 176 177 178 180 184 187 189 191 192 194 197 198 0

83
2 4 5 6 7 8 9 12 13 14 15 16 20 21 22 23 24 27 29 30 32 36 37 39 41 42 43 44 45 46 47 48 49 51 52 53 54 56 61 65 67 69 70 71 72 74 77 78 80 81 82 83 84 85 87 88 89 90 91 92 95 96 97 100 101 102 103 104 105 107 110 112 113 114 115 116 117 120 121 124 126 127 129 130 131 133 134 136 137 138 139 140 142 143 144 145 147 152 153 154 155 157 158 159 161 162 163 167 168 170 171 172 173 174 175 177 178 180 181 183 186 187 188 190 191 192 193 194 195 196 200 0

84
1 2 4 5 6 7 8 9 12 13 14 16 19 20 21 22 24 25 29 30 32 34 35 36 37 38 39 40 41 42 43 45 46 47 49 50 51 52 53 54 55 56 57 59 60 61 62 63 64 65 66 67 68 69 70 71 73 74 75 76 77 78 79 80 81 82 83 84 86 87 89 90 91 93 95 97 99 100 101 103 104 105 107 108 109 110 111 112 113 114 115 116 118 119 120 121 122 123 124 125 126 127 129 131 134 135 136 138 139 140 141 143 144 145 146 147 148 149 150 152 153 154 155 156 158 159 160 161 163 165 167 168 169 170 171 172 173 174 175 176 177 178 179 181 182 184 185 186 188 189 190 191 192 194 195 196 197 198 199 0

85
1 2 4 5 6 7 8 9 10 11 12 13 14 15 16 18 20 22 24 26 27 28 30 33 34 35 36 37 38 39 40 41 42 43 44 45 46 50 51 52 53 54 57 61 63 64 65 66 67 68 69 70 71 72 73 74 75 76 78 79 80 81 82 83 86 88 89 90 91 93 94 95 96 97 98 100 101 104 105 106 107 108 109 111 112 113 115 116 117 118 119 122 123 124 125 126 127 129 133 134 135 136 137 138 139 141 142 143 144 145 146 147 148 149 150 151 152 153 154 155 156 157 158 159 160 161 162 163 164 165 166 167 169 172 173 174 175 176 177 178 179 181 183 184 185 186 189 191 192 193 194 195 196 197 198 199 0

86
4 5 6 9 11 12 17 25 30 35 38 39 42 44 49 51 52 56 60 61 69 70 72 79 82 84 92 93 98 101 104 110 116 117 119 122 131 136 140 144 167 170 178 179 180 181 183 188 191 194 197 198 200 0

87
4 6 8 9 11 12 13 16 18 21 22 23 24 26 30 33 35 36 37 42 43 44 46 47 48 49 50 51 55 56 57 60 61 62 63 66 67 69 70 72 73 76 77 78 80 82 84 87 92 93 96 97 101 104 111 112 117 120 123 125 126 127 130 131 132 136 137 138 139 140 142 144 146 149 150 158 160 161 164 165 167 170 171 174 177 181 182 183 188 189 197 0

88
2 3 4 5 6 7 11 12 14 15 17 19 20 21 22 24 27 28 29 31 33 34 35 36 38 39 40 41 42 44 46 47 48 49 50 52 53 54 55 57 58 59 60 61 62 64 65 66 69 70 76 77 79 80 81 82 83 84 86 87 88 91 92 93 94 95 96 98 99 101 102 103 104 105 107 111 113 114 115 116 117 118 119 122 127 130 131 132 135 137 138 139 143 144 145 146 147 148 150 151 152 154 155 157 158 159 160 161 162 163 165 166 168 170 172 173 174 177 178 180 183 184 185 186 189 190 191 193 194 195 196 197 198 199 200 0

89
4 6 9 11 12 13 14 15 21 25 30 34 35 38 42 44 45 49 51 52 56 57 58 61 66 67 69 70 72 81 82 84 85 87 92 93 101 102 104 116 117 128 130 131 132 137 140 144 152 160 162 167 170 173 181 182 183 184 188 190 191 194 198 200 0

90
1 2 3 4 5 6 8 10 12 13 14 15 16 17 18 19 20 21 22 24 26 27 29 30 31 34 36 38 39 40 42 43 44 46 48 49 51 54 56 57 58 59 60 61 62 65 66 68 69 70 71 72 75 76 77 79 80 81 82 83 84 85 87 91 92 93 94 96 98 99 100 104 105 106 107 109 112 113 114 115 120 121 122 123 126 127 129 130 131 132 133 136 137 138 142 143 144 146 147 150 154 156 157 158 159 160 161 162 163 167 169 171 172 173 174 175 176 177 178 179 180 181 182 184 185 186 187 190 191 192 193 194 196 198 199 0

91
1 2 3 4 5 9 10 13 14 15 17 18 20 26 27 30 31 32 35 42 44 47 48 49 51 52 65 66 67 69 71 72 74 77 78 80 82 84 85 87 88 91 92 96 97 98 99 101 102 103 104 110 113 115 116 117 120 121 122 125 126 130 133 137 140 141 144 148 150 153 154 157 158 159 160 162 163 164 166 170 173 174 177 180 181 183 184 186 188 191 193 194 195 198 200 0

92
1 2 3 4 5 6 7 9 11 13 14 15 17 18 19 21 23 26 27 28 29 30 31 32 34 36 38 39 41 46 47 48 49 50 51 54 56 57 61 62 65 66 67 70 71 73 75 76 77 78 80 83 84 86 87 88 89 90 91 92 93 94 95 96 97 98 99 100 104 106 109 110 111 113 117 120 121 122 124 125 128 129 133 135 137 139 140 141 145 146 147 148 149 150 151 153 155 157 158 159 160 161 162 166 168 169 172 173 175 176 178 179 181 182 184 185 187 188 189 191 192 193 195 198 199 200 0

93
2 6 7 9 10 11 12 13 15 22 26 28 29 32 34 35 36 38 39 40 41 48 49 50 51 52 53 55 56 58 59 61 62 64 65 66 67 70 71 75 76 78 80 83 84 85 86 87 88 89 91 92 93 94 96 98 99 100 101 104 109 110 115 117 119 120 121 122 123 124 125 126 128 129 132 133 135 137 139 140 142 146 147 153 154 155 158 159 160 162 166 169 170 171 172 173 176 177 184 187 189 192 193 194 195 198 0

94
3 6 10 11 17 26 33 34 35 38 39 40 49 51 52 53 55 56 59 60 66 75 85 87 89 90 91 92 93 94 95 103 111 112 113 119 122 128 132 134 137 140 141 151 153 155 159 160 165 166 170 173 178 184 185 190 192 193 194 198 200 0

95
2 4 6 8 10 14 16 18 20 27 28 29 34 38 39 40 41 42 43 45 46 47 48 49 50 51 52 53 54 55 56 58 59 63 64 68 69 71 73 75 76 78 79 80 81 82 83 84 85 88 89 91 93 94 96 98 100 101 104 107 109 110 113 114 117 119 120 122 124 125 126 128 130 132 136 137 139 140 142 144 146 147 148 150 151 154 155 156 157 159 160 162 163 164 165 166 167 168 169 171 173 175 177 178 179 180 182 185 186 187 189 190 191 192 193 194 195 196 198 200 0

96
1 2 3 4 5 6 8 9 11 13 14 15 17 18 20 21 23 25 26 27 28 29 30 31 32 34 35 36 37 38 39 40 41 43 44 45 46 47 48 49 50 51 53 55 56 58 59 62 65 66 67 69 70 71 72 73 74 75 76 77 78 79 80 81 82 83 84 86 87 88 89 90 91 92 93 94 95 96 97 98 99 101 102 104 105 106 108 109 113 114 115 117 118 120 121 122 123 124 125 126 127 128 130 133 135 136 137 138 139 140 145 147 148 151 152 153 154 155 157 158 159 160 161 162 163 166 168 169 170 171 172 173 174 175 176 178 179 181 182 183 184 185 186 187 188 190 191 192 193 194 195 196 197 198 199 0

97
5 6 8 11 13 18 21 25 28 33 34 35 39 44 49 51 57 59 60 69 73 75 78 87 89 90 92 93 95 98 102 105 111 119 122 130 132 133 151 156 159 160 162 167 172 175 178 184 187 190 193 194 198 199 200 0

98
4 6 8 10 11 13 14 16 20 22 25 27 28 29 32 35 36 37 38 39 41 42 44 46 47 48 49 50 52 53 54 55 56 57 63 64 66 68 69 70 71 74 76 77 79 80 81 82 83 85 86 89 91 93 96 97 98 101 104 106 107 109 111 112 113 114 115 117 118 120 122 124 127 129 130 131 135 137 138 139 140 141 142 143 146 147 148 149 150 151 154 155 156 157 159 160 162 163 164 165 166 167 168 171 173 174 175 177 181 182 184 185 186 189 191 193 195 196 197 198 199 200 0

99
1 2 3 5 6 7 9 10 11 13 15 16 17 18 19 20 21 23 24 25 28 29 30 31 32 34 35 36 37 38 40 41 42 43 45 46 47 48 49 50 52 53 55 57 58 60 63 64 65 67 68 69 70 71 72 73 74 75 76 78 79 80 81 82 83 84 86 88 89 90 91 92 96 97 98 99 100 101 103 104 106 107 108 109 111 112 113 114 115 116 117 118 119 120 121 123 124 126 127 128 129 130 131 133 134 135 136 137 138 139 140 141 142 143 144 145 146 147 148 150 152 153 154 155 156 157 158 159 160 161 162 163 164 166 167 169 170 171 172 173 175 176 177 179 180 181 183 185 186 187 188 192 193 195 198 200 0

100
1 2 4 5 6 7 8 9 10 11 12 14 15 16 17 18 19 20 22 24 25 27 28 29 30 31 32 33 35 36 37 38 39 40 41 42 43 45 46 47 48 49 52 53 54 55 56 57 59 60 61 64 65 66 69 70 71 72 74 75 76 78 79 80 81 82 83 84 85 87 88 90 91 92 93 95 96 97 98 101 102 103 104 105 106 107 109 113 114 115 116 117 118 121 122 123 127 128 129 130 131 132 133 134 136 137 138 140 143 144 145 146 147 148 150 151 152 154 156 157 158 159 160 161 163 164 165 167 168 169 170 173 174 175 176 177 178 180 181 183 184 185 186 187 189 190 191 193 195 196 198 0

