1
2 3 4 5 6 7 8 10 11 12 13 14 15 16 17 18 19 20 21 22 23 24 25 26 27 28 29 30 31 32 33 34 35 37 38 39 40 41 42 44 45 46 48 50 0

2
3 4 5 6 7 8 9 10 11 12 13 14 15 16 17 18 19 20 21 22 23 24 26 27 28 29 30 31 32 33 35 36 38 39 40 41 43 44 45 46 47 48 50 0

3
1 3 4 5 6 7 8 9 10 11 12 13 14 15 16 17 18 19 20 21 22 23 24 27 28 29 30 31 32 34 35 36 38 39 40 41 43 44 45 46 47 48 49 50 0

4
2 3 4 5 6 7 8 9 10 11 12 13 14 15 16 17 18 19 20 21 22 23 24 25 26 29 30 31 33 35 37 38 39 40 41 44 45 46 47 48 49 50 0

5
1 3 4 5 6 7 8 9 10 11 12 13 14 15 16 17 18 19 20 21 22 23 24 26 28 29 30 31 32 34 35 36 37 38 39 40 41 42 43 44 45 46 47 48 50 0

6
1 2 4 5 6 7 8 10 11 12 13 14 15 16 17 18 19 20 21 22 23 24 25 26 29 30 31 33 34 35 36 38 39 40 41 42 43 44 45 46 47 48 49 50 0

7
1 2 3 4 5 6 7 8 9 10 11 12 13 15 16 17 18 20 21 22 23 24 25 26 28 29 30 31 32 34 35 36 38 39 40 41 42 43 44 45 46 47 48 49 50 0

8
3 4 5 6 7 8 10 11 12 13 15 16 17 18 19 20 21 22 23 24 25 26 27 29 30 31 32 33 34 35 37 38 39 40 41 44 45 46 47 48 49 50 0

9
2 4 5 6 7 8 9 10 11 12 13 14 15 16 17 18 19 20 21 22 23 24 26 27 28 29 30 31 34 35 38 39 40 41 44 45 46 47 48 49 50 0

10
1 4 5 6 7 8 10 11 12 13 14 15 16 17 18 19 20 21 22 23 24 28 29 30 31 32 33 35 36 37 38 39 40 41 43 44 45 46 47 48 50 0

11
1 3 4 5 6 7 8 9 10 11 12 13 15 16 17 18 20 21 22 23 24 25 26 27 29 30 31 35 36 37 38 39 40 41 42 43 44 45 46 48 50 0

12
1 4 5 6 7 8 9 10 11 12 13 14 15 16 17 18 19 20 21 22 23 24 27 28 29 30 31 32 33 34 35 36 38 39 40 41 43 44 45 46 47 48 49 50 0

13
2 4 5 6 7 8 10 11 12 13 14 15 16 17 18 20 21 22 23 24 25 26 27 29 30 31 32 34 35 36 37 38 39 40 41 43 44 45 46 48 49 50 0

14
1 3 4 5 6 7 8 9 10 11 12 13 14 15 16 17 18 20 21 22 23 24 25 26 28 29 30 31 33 34 35 36 37 38 39 40 41 43 44 45 46 48 49 50 0

15
1 2 4 5 6 7 8 10 11 12 13 14 15 16 17 18 19 20 21 22 23 24 27 28 29 30 31 32 33 34 35 36 37 38 39 40 41 44 45 46 48 50 0

16
1 2 4 5 6 7 8 10 11 12 13 14 15 16 17 18 19 20 21 22 23 24 25 26 28 29 30 31 32 33 34 35 36 37 38 39 40 41 44 45 46 48 49 50 0

17
1 4 5 6 7 8 9 10 11 12 13 14 15 16 17 18 19 20 21 22 23 24 26 28 29 30 31 32 33 35 36 37 38 39 40 41 43 44 45 46 48 50 0

18
2 3 4 5 6 7 8 9 10 11 12 13 14 15 16 17 18 19 20 21 22 23 24 26 28 29 30 31 35 36 37 38 39 40 41 43 44 45 46 47 48 49 50 0

19
2 3 4 5 6 7 8 9 10 11 12 13 15 16 17 18 19 20 21 22 23 24 26 27 28 29 30 31 34 35 37 38 39 40 41 42 43 44 45 46 48 49 50 0

20
3 4 5 6 7 8 9 10 11 12 13 15 16 17 18 20 21 22 23 24 25 26 28 29 30 31 32 33 35 37 38 39 40 41 43 44 45 46 47 48 49 50 0

21
1 2 3 4 5 6 7 8 9 10 11 12 13 15 16 17 18 19 20 21 22 23 24 25 27 28 29 30 31 32 33 34 35 36 37 38 39 40 41 44 45 46 47 48 49 50 0

22
1 2 3 4 5 6 7 8 9 10 11 12 13 14 15 16 17 18 19 20 21 22 23 24 25 26 27 28 29 30 31 32 33 34 35 36 37 38 39 40 41 43 44 45 46 47 48 49 50 0

23
2 3 4 5 6 7 8 10 11 12 13 15 16 17 18 19 20 21 22 23 24 26 28 29 30 31 33 34 35 38 39 40 41 42 44 45 46 47 48 50 0

24
2 4 5 6 7 8 9 10 11 12 13 14 15 16 17 18 20 21 22 23 24 25 28 29 30 31 35 36 38 39 40 41 42 43 44 45 46 47 48 49 50 0

25
1 2 3 4 5 6 7 8 9 10 11 12 13 14 15 16 17 18 20 21 22 23 24 25 26 29 30 31 33 34 35 36 38 39 40 41 42 44 45 46 48 50 0

26
1 3 4 5 6 7 8 10 11 12 13 14 15 16 17 18 19 20 21 22 23 24 25 26 27 28 29 30 31 32 33 34 35 37 38 39 40 41 42 43 44 45 46 47 48 50 0

27
2 3 4 5 6 7 8 9 10 11 12 13 14 15 16 17 18 19 20 21 22 23 24 25 26 27 28 29 30 31 33 35 36 38 39 40 41 43 44 45 46 47 48 49 50 0

28
1 3 4 5 6 7 8 10 11 12 13 15 16 17 18 19 20 21 22 23 24 27 28 29 30 31 32 33 34 35 36 37 38 39 40 41 43 44 45 46 48 49 50 0

29
1 4 5 6 7 8 10 11 12 13 14 15 16 17 18 20 21 22 23 24 25 26 27 29 30 31 33 34 35 36 38 39 40 41 42 43 44 45 46 47 48 49 50 0

30
1 2 4 5 6 7 8 9 10 11 12 13 14 15 16 17 18 19 20 21 22 23 24 25 26 28 29 30 31 32 33 34 35 36 37 38 39 40 41 42 43 44 45 46 47 48 50 0

31
1 2 3 4 5 6 7 8 9 10 11 12 13 15 16 17 18 19 20 21 22 23 24 25 27 28 29 30 31 32 33 34 35 36 37 38 39 40 41 43 44 45 46 47 48 49 50 0

32
2 3 4 5 6 7 8 9 10 11 12 13 14 15 16 17 18 20 21 22 23 24 25 26 27 28 29 30 31 32 34 35 36 37 38 39 40 41 43 44 45 46 47 48 49 50 0

33
3 4 5 6 7 8 9 10 11 12 13 14 15 16 17 18 19 20 21 22 23 24 27 28 29 30 31 32 33 34 35 36 38 39 40 41 42 43 44 45 46 47 48 50 0

34
1 3 4 5 6 7 8 10 11 12 13 15 16 17 18 20 21 22 23 24 25 28 29 30 31 32 35 36 37 38 39 40 41 43 44 45 46 47 48 49 50 0

35
1 2 4 5 6 7 8 9 10 11 12 13 15 16 17 18 20 21 22 23 24 25 26 28 29 30 31 32 34 35 36 37 38 39 40 41 42 43 44 45 46 47 48 49 50 0

36
4 5 6 7 8 10 11 12 13 14 15 16 17 18 19 20 21 22 23 24 25 26 27 28 29 30 31 32 33 34 35 36 37 38 39 40 41 42 44 45 46 48 50 0

37
1 4 5 6 7 8 10 11 12 13 14 15 16 17 18 19 20 21 22 23 24 26 27 28 29 30 31 32 33 35 36 37 38 39 40 41 43 44 45 46 47 48 49 50 0

38
4 5 6 7 8 10 11 12 13 14 15 16 17 18 19 20 21 22 23 24 25 26 27 29 30 31 32 33 35 37 38 39 40 41 43 44 45 46 47 48 50 0

39
3 4 5 6 7 8 10 11 12 13 14 15 16 17 18 19 20 21 22 23 24 26 27 28 29 30 31 32 33 34 35 36 37 38 39 40 41 42 44 45 46 47 48 49 50 0

40
1 2 3 4 5 6 7 8 9 10 11 12 13 14 15 16 17 18 20 21 22 23 24 25 26 27 29 30 31 33 34 35 36 37 38 39 40 41 42 43 44 45 46 48 49 50 0

41
1 3 4 5 6 7 8 9 10 11 12 13 14 15 16 17 18 19 20 21 22 23 24 25 26 27 29 30 31 35 36 37 38 39 40 41 42 44 45 46 47 48 49 50 0

42
2 3 4 5 6 7 8 10 11 12 13 14 15 16 17 18 19 20 21 22 23 24 25 26 27 28 29 30 31 32 34 35 38 39 40 41 42 43 44 45 46 47 48 49 50 0

43
1 2 4 5 6 7 8 9 10 11 12 13 14 15 16 17 18 20 21 22 23 24 25 26 29 30 31 33 34 35 38 39 40 41 42 44 45 46 47 48 50 0

44
1 2 4 5 6 7 8 10 11 12 13 14 15 16 17 18 19 20 21 22 23 24 25 26 27 28 29 30 31 32 33 34 35 38 39 40 41 43 44 45 46 47 48 50 0

45
1 2 4 5 6 7 8 9 10 11 12 13 14 15 16 17 18 19 20 21 22 23 24 26 27 28 29 30 31 32 33 35 36 38 39 40 41 42 43 44 45 46 47 48 50 0

46
1 3 4 5 6 7 8 10 11 12 13 14 15 16 17 18 20 21 22 23 24 26 27 29 30 31 32 33 35 36 38 39 40 41 42 44 45 46 48 49 50 0

47
3 4 5 6 7 8 9 10 11 12 13 15 16 17 18 19 20 21 22 23 24 26 27 28 29 30 31 32 33 35 36 38 39 40 41 42 43 44 45 46 48 50 0

48
4 5 6 7 8 9 10 11 12 13 14 15 16 17 18 19 20 21 22 23 24 26 27 28 29 30 31 34 35 36 38 39 40 41 44 45 46 47 48 50 0

49
2 4 5 6 7 8 9 10 11 12 13 14 15 16 17 18 19 20 21 22 23 24 25 27 28 29 30 31 35 36 38 39 40 41 42 43 44 45 46 47 48 49 50 0

50
1 2 3 4 5 6 7 8 10 11 12 13 14 15 16 17 18 19 20 21 22 23 24 25 26 27 28 29 30 31 32 33 34 35 36 38 39 40 41 43 44 45 46 47 48 49 50 0

51
1 3 4 5 6 7 8 9 10 11 12 13 14 15 16 17 18 20 21 22 23 24 25 27 29 30 31 32 33 34 35 38 39 40 41 42 44 45 46 47 48 50 0

52
2 3 4 5 6 7 8 10 11 12 13 15 16 17 18 20 21 22 23 24 26 27 28 29 30 31 32 33 34 35 37 38 39 40 41 42 44 45 46 48 49 50 0

53
1 3 4 5 6 7 8 10 11 12 13 14 15 16 17 18 19 20 21 22 23 24 26 27 28 29 30 31 32 33 34 35 37 38 39 40 41 44 45 46 48 49 50 0

54
3 4 5 6 7 8 10 11 12 13 14 15 16 17 18 19 20 21 22 23 24 26 27 28 29 30 31 32 33 34 35 36 38 39 40 41 43 44 45 46 48 49 50 0

55
1 3 4 5 6 7 8 9 10 11 12 13 14 15 16 17 18 20 21 22 23 24 25 27 29 30 31 32 35 37 38 39 40 41 42 43 44 45 46 47 48 50 0

56
1 2 3 4 5 6 7 8 9 10 11 12 13 14 15 16 17 18 20 21 22 23 24 25 26 28 29 30 31 33 34 35 36 37 38 39 40 41 43 44 45 46 47 48 49 50 0

57
4 5 6 7 8 10 11 12 13 15 16 17 18 19 20 21 22 23 24 25 27 28 29 30 31 32 33 34 35 36 37 38 39 40 41 44 45 46 47 48 49 50 0

58
3 4 5 6 7 8 10 11 12 13 15 16 17 18 20 21 22 23 24 25 26 28 29 30 31 33 34 35 36 37 38 39 40 41 43 44 45 46 47 48 49 50 0

59
2 4 5 6 7 8 10 11 12 13 14 15 16 17 18 20 21 22 23 24 25 26 28 29 30 31 33 34 35 36 38 39 40 41 42 43 44 45 46 47 48 49 50 0

60
1 3 4 5 6 7 8 9 10 11 12 13 14 15 16 17 18 19 20 21 22 23 24 25 26 27 29 30 31 32 34 35 36 38 39 40 41 42 43 44 45 46 48 50 0

61
1 4 5 6 7 8 9 10 11 12 13 14 15 16 17 18 19 20 21 22 23 24 26 27 28 29 30 31 32 34 35 38 39 40 41 43 44 45 46 47 48 50 0

62
3 4 5 6 7 8 10 11 12 13 14 15 16 17 18 19 20 21 22 23 24 27 28 29 30 31 32 33 35 38 39 40 41 43 44 45 46 48 50 0

63
3 4 5 6 7 8 9 10 11 12 13 14 15 16 17 18 19 20 21 22 23 24 25 26 27 28 29 30 31 34 35 37 38 39 40 41 42 44 45 46 48 49 50 0

64
1 2 3 4 5 6 7 8 9 10 11 12 13 14 15 16 17 18 19 20 21 22 23 24 25 26 27 29 30 31 32 33 34 35 36 38 39 40 41 42 43 44 45 46 47 48 50 0

65
3 4 5 6 7 8 9 10 11 12 13 15 16 17 18 19 20 21 22 23 24 26 27 28 29 30 31 32 33 34 35 36 38 39 40 41 44 45 46 47 48 50 0

66
3 4 5 6 7 8 9 10 11 12 13 15 16 17 18 19 20 21 22 23 24 27 28 29 30 31 32 33 35 36 38 39 40 41 43 44 45 46 48 50 0

67
1 3 4 5 6 7 8 10 11 12 13 15 16 17 18 19 20 21 22 23 24 25 27 28 29 30 31 32 33 34 35 38 39 40 41 44 45 46 47 48 49 50 0

68
1 2 3 4 5 6 7 8 9 10 11 12 13 14 15 16 17 18 19 20 21 22 23 24 26 27 28 29 30 31 32 33 34 35 38 39 40 41 44 45 46 47 48 49 50 0

69
2 4 5 6 7 8 9 10 11 12 13 15 16 17 18 19 20 21 22 23 24 25 26 28 29 30 31 32 33 35 36 37 38 39 40 41 43 44 45 46 48 49 50 0

70
2 3 4 5 6 7 8 9 10 11 12 13 15 16 17 18 19 20 21 22 23 24 27 28 29 30 31 32 33 34 35 37 38 39 40 41 44 45 46 47 48 49 50 0

71
2 3 4 5 6 7 8 9 10 11 12 13 15 16 17 18 20 21 22 23 24 25 26 28 29 30 31 34 35 36 37 38 39 40 41 42 43 44 45 46 47 48 49 50 0

72
2 3 4 5 6 7 8 9 10 11 12 13 14 15 16 17 18 20 21 22 23 24 25 26 28 29 30 31 35 37 38 39 40 41 42 43 44 45 46 47 48 50 0

73
1 4 5 6 7 8 10 11 12 13 14 15 16 17 18 19 20 21 22 23 24 27 29 30 31 32 35 36 38 39 40 41 44 45 46 47 48 49 50 0

74
1 2 4 5 6 7 8 9 10 11 12 13 14 15 16 17 18 20 21 22 23 24 25 26 27 29 30 31 32 33 35 36 37 38 39 40 41 42 44 45 46 48 49 50 0

75
1 2 3 4 5 6 7 8 9 10 11 12 13 14 15 16 17 18 19 20 21 22 23 24 25 26 28 29 30 31 32 34 35 38 39 40 41 43 44 45 46 48 49 50 0

76
1 3 4 5 6 7 8 9 10 11 12 13 15 16 17 18 20 21 22 23 24 25 27 29 30 31 33 34 35 36 38 39 40 41 42 44 45 46 48 50 0

77
4 5 6 7 8 9 10 11 12 13 14 15 16 17 18 19 20 21 22 23 24 25 26 27 28 29 30 31 32 34 35 37 38 39 40 41 42 43 44 45 46 47 48 49 50 0

78
2 3 4 5 6 7 8 10 11 12 13 14 15 16 17 18 20 21 22 23 24 25 26 28 29 30 31 34 35 36 37 38 39 40 41 42 44 45 46 47 48 49 50 0

79
2 3 4 5 6 7 8 9 10 11 12 13 14 15 16 17 18 19 20 21 22 23 24 25 26 28 29 30 31 32 35 36 38 39 40 41 42 44 45 46 48 49 50 0

80
3 4 5 6 7 8 9 10 11 12 13 14 15 16 17 18 19 20 21 22 23 24 25 26 27 28 29 30 31 32 33 35 36 37 38 39 40 41 42 44 45 46 47 48 49 50 0

81
2 3 4 5 6 7 8 9 10 11 12 13 15 16 17 18 20 21 22 23 24 25 26 28 29 30 31 32 33 34 35 38 39 40 41 42 43 44 45 46 47 48 49 50 0

82
2 4 5 6 7 8 9 10 11 12 13 15 16 17 18 19 20 21 22 23 24 25 26 28 29 30 31 32 33 34 35 38 39 40 41 42 43 44 45 46 47 48 49 50 0

83
1 2 3 4 5 6 7 8 9 10 11 12 13 14 15 16 17 18 20 21 22 23 24 25 26 27 28 29 30 31 33 34 35 36 38 39 40 41 42 43 44 45 46 48 49 50 0

84
3 4 5 6 7 8 9 10 11 12 13 14 15 16 17 18 19 20 21 22 23 24 25 26 27 28 29 30 31 33 34 35 38 39 40 41 42 44 45 46 47 48 50 0

85
1 4 5 6 7 8 10 11 12 13 15 16 17 18 19 20 21 22 23 24 25 26 27 29 30 31 32 33 34 35 36 38 39 40 41 44 45 46 48 49 50 0

86
1 3 4 5 6 7 8 10 11 12 13 15 16 17 18 19 20 21 22 23 24 25 26 27 29 30 31 32 33 35 36 38 39 40 41 43 44 45 46 47 48 49 50 0

87
1 4 5 6 7 8 10 11 12 13 15 16 17 18 19 20 21 22 23 24 25 26 27 29 30 31 32 35 38 39 40 41 43 44 45 46 48 49 50 0

88
1 4 5 6 7 8 10 11 12 13 15 16 17 18 19 20 21 22 23 24 25 27 29 30 31 32 33 35 37 38 39 40 41 42 44 45 46 47 48 49 50 0

89
1 2 3 4 5 6 7 8 9 10 11 12 13 15 16 17 18 20 21 22 23 24 25 26 28 29 30 31 32 33 34 35 36 37 38 39 40 41 44 45 46 47 48 49 50 0

90
1 2 3 4 5 6 7 8 9 10 11 12 13 14 15 16 17 18 20 21 22 23 24 25 28 29 30 31 33 35 36 37 38 39 40 41 43 44 45 46 47 48 49 50 0

91
1 2 3 4 5 6 7 8 9 10 11 12 13 14 15 16 17 18 20 21 22 23 24 25 29 30 31 35 38 39 40 41 42 44 45 46 48 50 0

92
1 3 4 5 6 7 8 9 10 11 12 13 15 16 17 18 19 20 21 22 23 24 25 26 27 29 30 31 32 33 34 35 36 38 39 40 41 42 44 45 46 48 50 0

93
3 4 5 6 7 8 10 11 12 13 14 15 16 17 18 19 20 21 22 23 24 25 26 27 28 29 30 31 33 34 35 37 38 39 40 41 44 45 46 47 48 50 0

94
2 3 4 5 6 7 8 9 10 11 12 13 15 16 17 18 20 21 22 23 24 25 26 28 29 30 31 32 34 35 36 37 38 39 40 41 42 43 44 45 46 47 48 49 50 0

95
1 2 3 4 5 6 7 8 10 11 12 13 14 15 16 17 18 20 21 22 23 24 25 26 29 30 31 35 36 37 38 39 40 41 44 45 46 47 48 50 0

96
2 4 5 6 7 8 9 10 11 12 13 15 16 17 18 19 20 21 22 23 24 25 26 27 28 29 30 31 32 33 35 37 38 39 40 41 44 45 46 48 49 50 0

97
2 3 4 5 6 7 8 10 11 12 13 14 15 16 17 18 20 21 22 23 24 27 28 29 30 31 32 33 34 35 36 38 39 40 41 43 44 45 46 47 48 50 0

98
1 4 5 6 7 8 9 10 11 12 13 14 15 16 17 18 19 20 21 22 23 24 28 29 30 31 32 33 34 35 38 39 40 41 44 45 46 47 48 49 50 0

99
1 3 4 5 6 7 8 9 10 11 12 13 15 16 17 18 20 21 22 23 24 25 26 27 29 30 31 32 35 36 37 38 39 40 41 42 43 44 45 46 47 48 49 50 0

100
1 3 4 5 6 7 8 9 10 11 12 13 14 15 16 17 18 19 20 21 22 23 24 25 27 28 29 30 31 32 33 34 35 36 37 38 39 40 41 42 43 44 45 46 47 48 49 50 0

1
2 3 4 5 6 7 8 10 11 12 13 14 15 16 17 18 19 20 21 22 23 24 25 26 27 28 29 30 31 32 33 34 35 37 38 39 40 41 42 44 45 46 48 50 0

2
3 4 5 6 7 8 9 10 11 12 13 14 15 16 17 18 19 20 21 22 23 24 26 27 28 29 30 31 32 33 35 36 38 39 40 41 43 44 45 46 47 48 50 0

3
1 3 4 5 6 7 8 9 10 11 12 13 14 15 16 17 18 19 20 21 22 23 24 27 28 29 30 31 32 34 35 36 38 39 40 41 43 44 45 46 47 48 49 50 0

4
2 3 4 5 6 7 8 9 10 11 12 13 14 15 16 17 18 19 20 21 22 23 24 25 26 29 30 31 33 35 37 38 39 40 41 44 45 46 47 48 49 50 0

5
1 3 4 5 6 7 8 9 10 11 12 13 14 15 16 17 18 19 20 21 22 23 24 26 28 29 30 31 32 34 35 36 37 38 39 40 41 42 43 44 45 46 47 48 50 0

6
1 2 4 5 6 7 8 10 11 12 13 14 15 16 17 18 19 20 21 22 23 24 25 26 29 30 31 33 34 35 36 38 39 40 41 42 43 44 45 46 47 48 49 50 0

7
1 2 3 4 5 6 7 8 9 10 11 12 13 15 16 17 18 20 21 22 23 24 25 26 28 29 30 31 32 34 35 36 38 39 40 41 42 43 44 45 46 47 48 49 50 0

8
3 4 5 6 7 8 10 11 12 13 15 16 17 18 19 20 21 22 23 24 25 26 27 29 30 31 32 33 34 35 37 38 39 40 41 44 45 46 47 48 49 50 0

9
2 4 5 6 7 8 9 10 11 12 13 14 15 16 17 18 19 20 21 22 23 24 26 27 28 29 30 31 34 35 38 39 40 41 44 45 46 47 48 49 50 0

10
1 4 5 6 7 8 10 11 12 13 14 15 16 17 18 19 20 21 22 23 24 28 29 30 31 32 33 35 36 37 38 39 40 41 43 44 45 46 47 48 50 0

11
1 3 4 5 6 7 8 9 10 11 12 13 15 16 17 18 20 21 22 23 24 25 26 27 29 30 31 35 36 37 38 39 40 41 42 43 44 45 46 48 50 0

12
1 4 5 6 7 8 9 10 11 12 13 14 15 16 17 18 19 20 21 22 23 24 27 28 29 30 31 32 33 34 35 36 38 39 40 41 43 44 45 46 47 48 49 50 0

13
2 4 5 6 7 8 10 11 12 13 14 15 16 17 18 20 21 22 23 24 25 26 27 29 30 31 32 34 35 36 37 38 39 40 41 43 44 45 46 48 49 50 0

14
1 3 4 5 6 7 8 9 10 11 12 13 14 15 16 17 18 20 21 22 23 24 25 26 28 29 30 31 33 34 35 36 37 38 39 40 41 43 44 45 46 48 49 50 0

15
1 2 4 5 6 7 8 10 11 12 13 14 15 16 17 18 19 20 21 22 23 24 27 28 29 30 31 32 33 34 35 36 37 38 39 40 41 44 45 46 48 50 0

16
1 2 4 5 6 7 8 10 11 12 13 14 15 16 17 18 19 20 21 22 23 24 25 26 28 29 30 31 32 33 34 35 36 37 38 39 40 41 44 45 46 48 49 50 0

17
1 4 5 6 7 8 9 10 11 12 13 14 15 16 17 18 19 20 21 22 23 24 26 28 29 30 31 32 33 35 36 37 38 39 40 41 43 44 45 46 48 50 0

18
2 3 4 5 6 7 8 9 10 11 12 13 14 15 16 17 18 19 20 21 22 23 24 26 28 29 30 31 35 36 37 38 39 40 41 43 44 45 46 47 48 49 50 0

19
2 3 4 5 6 7 8 9 10 11 12 13 15 16 17 18 19 20 21 22 23 24 26 27 28 29 30 31 34 35 37 38 39 40 41 42 43 44 45 46 48 49 50 0

20
3 4 5 6 7 8 9 10 11 12 13 15 16 17 18 20 21 22 23 24 25 26 28 29 30 31 32 33 35 37 38 39 40 41 43 44 45 46 47 48 49 50 0

21
1 2 3 4 5 6 7 8 9 10 11 12 13 15 16 17 18 19 20 21 22 23 24 25 27 28 29 30 31 32 33 34 35 36 37 38 39 40 41 44 45 46 47 48 49 50 0

22
1 2 3 4 5 6 7 8 9 10 11 12 13 14 15 16 17 18 19 20 21 22 23 24 25 26 27 28 29 30 31 32 33 34 35 36 37 38 39 40 41 43 44 45 46 47 48 49 50 0

23
2 3 4 5 6 7 8 10 11 12 13 15 16 17 18 19 20 21 22 23 24 26 28 29 30 31 33 34 35 38 39 40 41 42 44 45 46 47 48 50 0

24
2 4 5 6 7 8 9 10 11 12 13 14 15 16 17 18 20 21 22 23 24 25 28 29 30 31 35 36 38 39 40 41 42 43 44 45 46 47 48 49 50 0

25
1 2 3 4 5 6 7 8 9 10 11 12 13 14 15 16 17 18 20 21 22 23 24 25 26 29 30 31 33 34 35 36 38 39 40 41 42 44 45 46 48 50 0

26
1 3 4 5 6 7 8 10 11 12 13 14 15 16 17 18 19 20 21 22 23 24 25 26 27 28 29 30 31 32 33 34 35 37 38 39 40 41 42 43 44 45 46 47 48 50 0

27
2 3 4 5 6 7 8 9 10 11 12 13 14 15 16 17 18 19 20 21 22 23 24 25 26 27 28 29 30 31 33 35 36 38 39 40 41 43 44 45 46 47 48 49 50 0

28
1 3 4 5 6 7 8 10 11 12 13 15 16 17 18 19 20 21 22 23 24 27 28 29 30 31 32 33 34 35 36 37 38 39 40 41 43 44 45 46 48 49 50 0

29
1 4 5 6 7 8 10 11 12 13 14 15 16 17 18 20 21 22 23 24 25 26 27 29 30 31 33 34 35 36 38 39 40 41 42 43 44 45 46 47 48 49 50 0

30
1 2 4 5 6 7 8 9 10 11 12 13 14 15 16 17 18 19 20 21 22 23 24 25 26 28 29 30 31 32 33 34 35 36 37 38 39 40 41 42 43 44 45 46 47 48 50 0

31
1 2 3 4 5 6 7 8 9 10 11 12 13 15 16 17 18 19 20 21 22 23 24 25 27 28 29 30 31 32 33 34 35 36 37 38 39 40 41 43 44 45 46 47 48 49 50 0

32
2 3 4 5 6 7 8 9 10 11 12 13 14 15 16 17 18 20 21 22 23 24 25 26 27 28 29 30 31 32 34 35 36 37 38 39 40 41 43 44 45 46 47 48 49 50 0

33
3 4 5 6 7 8 9 10 11 12 13 14 15 16 17 18 19 20 21 22 23 24 27 28 29 30 31 32 33 34 35 36 38 39 40 41 42 43 44 45 46 47 48 50 0

34
1 3 4 5 6 7 8 10 11 12 13 15 16 17 18 20 21 22 23 24 25 28 29 30 31 32 35 36 37 38 39 40 41 43 44 45 46 47 48 49 50 0

35
1 2 4 5 6 7 8 9 10 11 12 13 15 16 17 18 20 21 22 23 24 25 26 28 29 30 31 32 34 35 36 37 38 39 40 41 42 43 44 45 46 47 48 49 50 0

36
4 5 6 7 8 10 11 12 13 14 15 16 17 18 19 20 21 22 23 24 25 26 27 28 29 30 31 32 33 34 35 36 37 38 39 40 41 42 44 45 46 48 50 0

37
1 4 5 6 7 8 10 11 12 13 14 15 16 17 18 19 20 21 22 23 24 26 27 28 29 30 31 32 33 35 36 37 38 39 40 41 43 44 45 46 47 48 49 50 0

38
4 5 6 7 8 10 11 12 13 14 15 16 17 18 19 20 21 22 23 24 25 26 27 29 30 31 32 33 35 37 38 39 40 41 43 44 45 46 47 48 50 0

39
3 4 5 6 7 8 10 11 12 13 14 15 16 17 18 19 20 21 22 23 24 26 27 28 29 30 31 32 33 34 35 36 37 38 39 40 41 42 44 45 46 47 48 49 50 0

40
1 2 3 4 5 6 7 8 9 10 11 12 13 14 15 16 17 18 20 21 22 23 24 25 26 27 29 30 31 33 34 35 36 37 38 39 40 41 42 43 44 45 46 48 49 50 0

41
1 3 4 5 6 7 8 9 10 11 12 13 14 15 16 17 18 19 20 21 22 23 24 25 26 27 29 30 31 35 36 37 38 39 40 41 42 44 45 46 47 48 49 50 0

42
2 3 4 5 6 7 8 10 11 12 13 14 15 16 17 18 19 20 21 22 23 24 25 26 27 28 29 30 31 32 34 35 38 39 40 41 42 43 44 45 46 47 48 49 50 0

43
1 2 4 5 6 7 8 9 10 11 12 13 14 15 16 17 18 20 21 22 23 24 25 26 29 30 31 33 34 35 38 39 40 41 42 44 45 46 47 48 50 0

44
1 2 4 5 6 7 8 10 11 12 13 14 15 16 17 18 19 20 21 22 23 24 25 26 27 28 29 30 31 32 33 34 35 38 39 40 41 43 44 45 46 47 48 50 0

45
1 2 4 5 6 7 8 9 10 11 12 13 14 15 16 17 18 19 20 21 22 23 24 26 27 28 29 30 31 32 33 35 36 38 39 40 41 42 43 44 45 46 47 48 50 0

46
1 3 4 5 6 7 8 10 11 12 13 14 15 16 17 18 20 21 22 23 24 26 27 29 30 31 32 33 35 36 38 39 40 41 42 44 45 46 48 49 50 0

47
3 4 5 6 7 8 9 10 11 12 13 15 16 17 18 19 20 21 22 23 24 26 27 28 29 30 31 32 33 35 36 38 39 40 41 42 43 44 45 46 48 50 0

48
4 5 6 7 8 9 10 11 12 13 14 15 16 17 18 19 20 21 22 23 24 26 27 28 29 30 31 34 35 36 38 39 40 41 44 45 46 47 48 50 0

49
2 4 5 6 7 8 9 10 11 12 13 14 15 16 17 18 19 20 21 22 23 24 25 27 28 29 30 31 35 36 38 39 40 41 42 43 44 45 46 47 48 49 50 0

50
1 2 3 4 5 6 7 8 10 11 12 13 14 15 16 17 18 19 20 21 22 23 24 25 26 27 28 29 30 31 32 33 34 35 36 38 39 40 41 43 44 45 46 47 48 49 50 0

51
1 3 4 5 6 7 8 9 10 11 12 13 14 15 16 17 18 20 21 22 23 24 25 27 29 30 31 32 33 34 35 38 39 40 41 42 44 45 46 47 48 50 0

52
2 3 4 5 6 7 8 10 11 12 13 15 16 17 18 20 21 22 23 24 26 27 28 29 30 31 32 33 34 35 37 38 39 40 41 42 44 45 46 48 49 50 0

53
1 3 4 5 6 7 8 10 11 12 13 14 15 16 17 18 19 20 21 22 23 24 26 27 28 29 30 31 32 33 34 35 37 38 39 40 41 44 45 46 48 49 50 0

54
3 4 5 6 7 8 10 11 12 13 14 15 16 17 18 19 20 21 22 23 24 26 27 28 29 30 31 32 33 34 35 36 38 39 40 41 43 44 45 46 48 49 50 0

55
1 3 4 5 6 7 8 9 10 11 12 13 14 15 16 17 18 20 21 22 23 24 25 27 29 30 31 32 35 37 38 39 40 41 42 43 44 45 46 47 48 50 0

56
1 2 3 4 5 6 7 8 9 10 11 12 13 14 15 16 17 18 20 21 22 23 24 25 26 28 29 30 31 33 34 35 36 37 38 39 40 41 43 44 45 46 47 48 49 50 0

57
4 5 6 7 8 10 11 12 13 15 16 17 18 19 20 21 22 23 24 25 27 28 29 30 31 32 33 34 35 36 37 38 39 40 41 44 45 46 47 48 49 50 0

58
3 4 5 6 7 8 10 11 12 13 15 16 17 18 20 21 22 23 24 25 26 28 29 30 31 33 34 35 36 37 38 39 40 41 43 44 45 46 47 48 49 50 0

59
2 4 5 6 7 8 10 11 12 13 14 15 16 17 18 20 21 22 23 24 25 26 28 29 30 31 33 34 35 36 38 39 40 41 42 43 44 45 46 47 48 49 50 0

60
1 3 4 5 6 7 8 9 10 11 12 13 14 15 16 17 18 19 20 21 22 23 24 25 26 27 29 30 31 32 34 35 36 38 39 40 41 42 43 44 45 46 48 50 0

61
1 4 5 6 7 8 9 10 11 12 13 14 15 16 17 18 19 20 21 22 23 24 26 27 28 29 30 31 32 34 35 38 39 40 41 43 44 45 46 47 48 50 0

62
3 4 5 6 7 8 10 11 12 13 14 15 16 17 18 19 20 21 22 23 24 27 28 29 30 31 32 33 35 38 39 40 41 43 44 45 46 48 50 0

63
3 4 5 6 7 8 9 10 11 12 13 14 15 16 17 18 19 20 21 22 23 24 25 26 27 28 29 30 31 34 35 37 38 39 40 41 42 44 45 46 48 49 50 0

64
1 2 3 4 5 6 7 8 9 10 11 12 13 14 15 16 17 18 19 20 21 22 23 24 25 26 27 29 30 31 32 33 34 35 36 38 39 40 41 42 43 44 45 46 47 48 50 0

65
3 4 5 6 7 8 9 10 11 12 13 15 16 17 18 19 20 21 22 23 24 26 27 28 29 30 31 32 33 34 35 36 38 39 40 41 44 45 46 47 48 50 0

66
3 4 5 6 7 8 9 10 11 12 13 15 16 17 18 19 20 21 22 23 24 27 28 29 30 31 32 33 35 36 38 39 40 41 43 44 45 46 48 50 0

67
1 3 4 5 6 7 8 10 11 12 13 15 16 17 18 19 20 21 22 23 24 25 27 28 29 30 31 32 33 34 35 38 39 40 41 44 45 46 47 48 49 50 0

68
1 2 3 4 5 6 7 8 9 10 11 12 13 14 15 16 17 18 19 20 21 22 23 24 26 27 28 29 30 31 32 33 34 35 38 39 40 41 44 45 46 47 48 49 50 0

69
2 4 5 6 7 8 9 10 11 12 13 15 16 17 18 19 20 21 22 23 24 25 26 28 29 30 31 32 33 35 36 37 38 39 40 41 43 44 45 46 48 49 50 0

70
2 3 4 5 6 7 8 9 10 11 12 13 15 16 17 18 19 20 21 22 23 24 27 28 29 30 31 32 33 34 35 37 38 39 40 41 44 45 46 47 48 49 50 0

71
2 3 4 5 6 7 8 9 10 11 12 13 15 16 17 18 20 21 22 23 24 25 26 28 29 30 31 34 35 36 37 38 39 40 41 42 43 44 45 46 47 48 49 50 0

72
2 3 4 5 6 7 8 9 10 11 12 13 14 15 16 17 18 20 21 22 23 24 25 26 28 29 30 31 35 37 38 39 40 41 42 43 44 45 46 47 48 50 0

73
1 4 5 6 7 8 10 11 12 13 14 15 16 17 18 19 20 21 22 23 24 27 29 30 31 32 35 36 38 39 40 41 44 45 46 47 48 49 50 0

74
1 2 4 5 6 7 8 9 10 11 12 13 14 15 16 17 18 20 21 22 23 24 25 26 27 29 30 31 32 33 35 36 37 38 39 40 41 42 44 45 46 48 49 50 0

75
1 2 3 4 5 6 7 8 9 10 11 12 13 14 15 16 17 18 19 20 21 22 23 24 25 26 28 29 30 31 32 34 35 38 39 40 41 43 44 45 46 48 49 50 0

76
1 3 4 5 6 7 8 9 10 11 12 13 15 16 17 18 20 21 22 23 24 25 27 29 30 31 33 34 35 36 38 39 40 41 42 44 45 46 48 50 0

77
4 5 6 7 8 9 10 11 12 13 14 15 16 17 18 19 20 21 22 23 24 25 26 27 28 29 30 31 32 34 35 37 38 39 40 41 42 43 44 45 46 47 48 49 50 0

78
2 3 4 5 6 7 8 10 11 12 13 14 15 16 17 18 20 21 22 23 24 25 26 28 29 30 31 34 35 36 37 38 39 40 41 42 44 45 46 47 48 49 50 0

79
2 3 4 5 6 7 8 9 10 11 12 13 14 15 16 17 18 19 20 21 22 23 24 25 26 28 29 30 31 32 35 36 38 39 40 41 42 44 45 46 48 49 50 0

80
3 4 5 6 7 8 9 10 11 12 13 14 15 16 17 18 19 20 21 22 23 24 25 26 27 28 29 30 31 32 33 35 36 37 38 39 40 41 42 44 45 46 47 48 49 50 0

81
2 3 4 5 6 7 8 9 10 11 12 13 15 16 17 18 20 21 22 23 24 25 26 28 29 30 31 32 33 34 35 38 39 40 41 42 43 44 45 46 47 48 49 50 0

82
2 4 5 6 7 8 9 10 11 12 13 15 16 17 18 19 20 21 22 23 24 25 26 28 29 30 31 32 33 34 35 38 39 40 41 42 43 44 45 46 47 48 49 50 0

83
1 2 3 4 5 6 7 8 9 10 11 12 13 14 15 16 17 18 20 21 22 23 24 25 26 27 28 29 30 31 33 34 35 36 38 39 40 41 42 43 44 45 46 48 49 50 0

84
3 4 5 6 7 8 9 10 11 12 13 14 15 16 17 18 19 20 21 22 23 24 25 26 27 28 29 30 31 33 34 35 38 39 40 41 42 44 45 46 47 48 50 0

85
1 4 5 6 7 8 10 11 12 13 15 16 17 18 19 20 21 22 23 24 25 26 27 29 30 31 32 33 34 35 36 38 39 40 41 44 45 46 48 49 50 0

86
1 3 4 5 6 7 8 10 11 12 13 15 16 17 18 19 20 21 22 23 24 25 26 27 29 30 31 32 33 35 36 38 39 40 41 43 44 45 46 47 48 49 50 0

87
1 4 5 6 7 8 10 11 12 13 15 16 17 18 19 20 21 22 23 24 25 26 27 29 30 31 32 35 38 39 40 41 43 44 45 46 48 49 50 0

88
1 4 5 6 7 8 10 11 12 13 15 16 17 18 19 20 21 22 23 24 25 27 29 30 31 32 33 35 37 38 39 40 41 42 44 45 46 47 48 49 50 0

89
1 2 3 4 5 6 7 8 9 10 11 12 13 15 16 17 18 20 21 22 23 24 25 26 28 29 30 31 32 33 34 35 36 37 38 39 40 41 44 45 46 47 48 49 50 0

90
1 2 3 4 5 6 7 8 9 10 11 12 13 14 15 16 17 18 20 21 22 23 24 25 28 29 30 31 33 35 36 37 38 39 40 41 43 44 45 46 47 48 49 50 0

91
1 2 3 4 5 6 7 8 9 10 11 12 13 14 15 16 17 18 20 21 22 23 24 25 29 30 31 35 38 39 40 41 42 44 45 46 48 50 0

92
1 3 4 5 6 7 8 9 10 11 12 13 15 16 17 18 19 20 21 22 23 24 25 26 27 29 30 31 32 33 34 35 36 38 39 40 41 42 44 45 46 48 50 0

93
3 4 5 6 7 8 10 11 12 13 14 15 16 17 18 19 20 21 22 23 24 25 26 27 28 29 30 31 33 34 35 37 38 39 40 41 44 45 46 47 48 50 0

94
2 3 4 5 6 7 8 9 10 11 12 13 15 16 17 18 20 21 22 23 24 25 26 28 29 30 31 32 34 35 36 37 38 39 40 41 42 43 44 45 46 47 48 49 50 0

95
1 2 3 4 5 6 7 8 10 11 12 13 14 15 16 17 18 20 21 22 23 24 25 26 29 30 31 35 36 37 38 39 40 41 44 45 46 47 48 50 0

96
2 4 5 6 7 8 9 10 11 12 13 15 16 17 18 19 20 21 22 23 24 25 26 27 28 29 30 31 32 33 35 37 38 39 40 41 44 45 46 48 49 50 0

97
2 3 4 5 6 7 8 10 11 12 13 14 15 16 17 18 20 21 22 23 24 27 28 29 30 31 32 33 34 35 36 38 39 40 41 43 44 45 46 47 48 50 0

98
1 4 5 6 7 8 9 10 11 12 13 14 15 16 17 18 19 20 21 22 23 24 28 29 30 31 32 33 34 35 38 39 40 41 44 45 46 47 48 49 50 0

99
1 3 4 5 6 7 8 9 10 11 12 13 15 16 17 18 20 21 22 23 24 25 26 27 29 30 31 32 35 36 37 38 39 40 41 42 43 44 45 46 47 48 49 50 0

100
1 3 4 5 6 7 8 9 10 11 12 13 14 15 16 17 18 19 20 21 22 23 24 25 27 28 29 30 31 32 33 34 35 36 37 38 39 40 41 42 43 44 45 46 47 48 49 50 0

