1
1 2 3 4 5 6 8 10 11 12 13 14 16 17 18 19 20 21 23 25 26 27 28 29 31 32 33 34 35 37 38 39 40 41 42 43 44 45 47 48 49 0
1 2 5 7 9 10 11 12 13 16 18 19 20 22 24 25 27 29 30 31 32 33 35 36 38 39 40 42 43 44 45 46 47 49 0
2 3 4 7 12 13 15 17 21 23 24 26 28 32 34 36 37 38 39 42 44 45 46 48 49 50 0
3 4 8 10 12 14 16 20 21 22 24 26 27 29 32 33 34 35 38 40 42 43 45 46 49 0
1 5 7 8 11 13 14 15 17 18 19 21 22 24 25 30 32 33 34 35 36 40 41 42 43 46 49 0
5 20 21 22 23 25 26 27 29 31 39 44 45 48 0

2
2 3 4 6 8 9 10 11 12 13 14 15 16 17 18 19 20 22 23 24 25 26 28 29 30 31 33 34 35 36 37 38 39 40 41 42 43 44 45 46 47 48 50 0
1 2 3 4 5 6 8 9 10 11 12 13 16 17 18 20 22 24 25 26 27 28 29 30 31 32 34 36 37 38 39 40 42 44 45 46 47 48 49 50 0
1 2 4 5 6 7 10 13 15 17 18 19 21 23 24 25 26 27 28 30 31 34 35 36 37 38 39 40 42 44 45 46 48 49 0
3 4 8 10 12 14 16 20 21 22 24 26 27 29 30 32 33 34 35 38 40 42 43 45 46 49 0
1 5 7 8 11 13 14 15 17 18 19 21 22 25 26 30 32 33 34 35 36 40 41 42 43 46 49 0
1 2 5 10 13 15 20 21 22 23 25 26 27 29 31 33 35 36 39 43 44 45 46 48 49 0

3
1 2 3 4 5 7 8 9 10 11 12 13 16 17 18 19 20 21 23 24 25 26 27 28 29 31 32 33 34 35 36 37 38 39 40 41 42 43 45 46 47 48 50 0
1 3 9 10 11 12 19 20 22 23 24 25 27 29 30 31 32 33 36 37 38 39 40 41 43 44 45 46 47 49 0
2 3 4 5 7 9 10 12 13 14 15 17 20 21 23 24 25 26 28 30 31 32 34 36 37 38 39 41 42 43 44 45 46 47 48 49 50 0
3 4 8 10 12 13 14 16 20 21 22 24 26 27 29 30 32 33 34 35 38 40 42 43 45 46 49 0
5 7 8 11 13 15 18 19 22 24 30 31 33 34 35 36 40 41 42 46 49 0
5 20 21 22 23 25 26 27 29 31 39 44 45 48 0

4
1 2 3 4 5 6 7 8 9 10 11 12 13 14 15 16 17 18 20 23 24 25 26 27 29 30 31 32 33 34 35 36 37 38 39 40 41 42 43 44 45 48 49 0
3 4 5 9 10 11 12 13 16 18 19 20 22 23 24 25 27 30 31 32 36 38 39 40 41 43 44 45 46 47 49 0
2 3 4 7 12 13 17 21 23 25 26 28 34 36 37 38 39 42 44 45 46 48 49 50 0
3 4 8 10 12 14 16 20 21 22 24 26 27 29 32 33 34 35 38 40 42 43 45 46 49 0
5 7 8 11 13 15 18 19 22 25 30 31 33 34 35 36 40 41 42 46 49 0
5 20 21 22 23 25 26 27 29 31 39 44 45 48 0

5
1 2 4 5 7 8 9 10 11 12 14 15 16 17 18 20 21 22 23 24 25 26 27 28 29 30 31 33 34 35 36 37 38 39 41 42 43 44 45 46 47 48 50 0
1 3 8 9 10 11 12 19 20 22 23 24 25 26 27 30 31 32 33 36 37 38 39 40 41 43 44 45 46 47 48 49 0
2 3 4 7 10 12 13 14 15 17 21 23 25 26 28 30 31 34 36 37 38 39 42 44 45 46 48 49 50 0
3 4 8 10 12 14 16 20 21 22 24 26 27 29 32 33 34 35 38 40 42 43 45 46 49 0
5 7 8 11 13 15 18 19 22 24 30 31 33 34 35 36 40 41 42 46 49 0
5 20 21 22 23 25 26 27 29 31 39 44 45 48 0

6
2 3 4 5 7 8 10 11 12 13 14 15 16 17 18 19 20 22 23 24 25 26 27 28 29 31 34 35 36 37 39 41 42 43 45 46 50 0
1 3 9 10 11 12 13 20 21 22 23 24 25 27 28 30 31 32 33 36 37 38 39 40 41 42 43 44 45 46 47 48 49 0
2 3 4 5 7 10 12 13 14 15 17 20 21 23 24 25 26 28 30 31 34 36 37 38 39 41 42 44 45 46 47 48 49 0
3 4 8 10 12 13 14 16 20 21 22 24 26 27 29 30 32 33 34 35 38 40 42 43 45 46 49 0
5 7 8 11 13 15 18 19 22 24 25 30 31 33 34 35 36 40 41 42 46 49 0
4 5 20 21 22 23 25 26 27 29 31 39 44 45 48 0

7
2 3 4 5 6 8 9 10 11 12 13 14 16 17 18 19 20 21 22 23 24 25 26 27 28 29 31 33 34 35 36 37 39 40 42 43 44 45 46 48 49 50 0
4 5 6 9 10 11 12 14 15 19 20 22 23 24 25 27 28 30 31 32 33 38 39 40 41 42 43 44 45 46 47 48 49 50 0
2 4 7 10 11 12 13 14 15 16 17 21 23 25 26 30 31 33 34 36 37 38 39 41 42 44 45 46 47 48 49 50 0
1 3 4 7 8 10 12 13 14 16 20 21 22 23 24 26 27 29 30 31 32 33 34 35 36 38 40 41 42 43 45 46 48 49 0
5 6 7 8 11 13 15 18 19 22 24 30 31 33 34 35 36 38 40 41 42 46 49 0
4 5 20 21 22 23 25 26 27 29 31 39 44 45 48 0

9
1 2 3 6 8 9 10 11 12 13 14 15 17 18 19 21 22 23 24 25 26 27 28 29 31 32 34 35 36 37 39 40 41 42 43 44 45 47 48 49 50 0
4 5 9 10 11 12 15 16 19 20 22 23 24 25 27 29 30 31 32 33 36 38 39 40 41 43 44 45 46 47 49 0
2 4 12 13 14 15 17 21 23 25 26 28 30 32 34 36 37 38 39 42 44 45 46 48 49 50 0
3 4 8 10 12 13 14 16 20 21 22 24 26 27 29 32 33 34 35 38 40 42 43 45 46 49 0
5 7 8 11 13 15 18 19 22 24 25 30 31 33 34 35 36 40 41 42 46 49 0
4 5 20 21 22 23 25 26 27 29 31 39 44 45 48 0

10
2 3 4 7 8 10 11 12 13 14 15 16 17 19 20 21 23 24 25 27 28 29 31 32 34 35 37 38 39 40 43 45 46 47 48 49 50 0
1 3 9 10 11 12 14 19 20 21 22 23 24 25 27 30 31 32 33 35 36 37 38 39 40 41 43 44 45 46 47 49 0
2 3 4 5 7 9 10 11 12 13 14 15 16 17 20 21 23 24 25 26 28 30 33 34 36 37 38 39 41 42 44 45 46 47 48 49 50 0
1 3 4 7 8 9 10 12 13 14 16 20 21 22 24 26 27 29 30 31 32 33 34 35 38 40 41 42 43 45 46 47 48 49 0
5 7 8 11 13 15 18 19 22 24 25 30 31 33 34 35 36 40 41 42 46 49 0
4 5 20 21 22 23 25 26 27 29 31 39 44 45 48 0

11
1 2 4 5 8 10 11 12 13 15 16 17 18 19 20 21 23 25 26 27 28 29 31 32 33 34 35 36 37 38 39 40 43 45 46 48 49 50 0
1 3 5 7 9 10 11 12 14 15 17 19 20 21 22 23 24 25 27 28 30 31 32 33 35 36 37 38 39 40 41 43 44 45 46 47 49 0
2 3 4 7 10 12 13 14 15 17 21 23 24 25 26 28 30 31 32 33 34 36 37 38 39 41 42 44 45 46 47 48 49 50 0
3 4 8 10 12 13 14 16 20 21 22 24 26 27 29 30 31 32 33 34 35 38 40 41 42 43 45 46 49 0
5 7 8 11 13 15 18 19 22 24 30 31 33 34 35 36 40 41 42 46 49 0
4 5 20 21 22 23 25 26 27 29 31 39 44 45 48 0

12
1 2 4 6 7 8 10 11 12 13 14 15 16 17 18 19 20 21 22 24 25 27 28 29 30 31 34 35 36 37 39 40 41 43 46 49 50 0
1 3 7 9 10 11 12 14 15 16 19 20 21 22 23 24 25 27 28 29 30 31 32 33 35 37 38 39 40 41 42 43 44 45 46 47 48 49 50 0
2 3 4 7 9 10 12 13 14 15 17 21 23 24 25 26 28 30 31 32 34 36 37 38 39 41 42 43 44 45 46 47 48 49 50 0
3 4 8 10 12 13 14 16 18 20 21 22 24 26 27 29 30 32 33 34 35 38 40 42 43 45 46 49 0
5 7 8 11 13 15 18 19 22 24 25 30 31 33 34 35 36 40 41 42 46 49 0
5 20 21 22 23 25 26 27 29 31 39 44 45 48 0

13
2 3 4 5 6 7 8 10 11 12 13 14 15 16 17 18 19 20 21 22 24 25 26 27 28 29 30 31 32 33 34 35 36 37 38 39 40 41 42 43 45 46 47 50 0
1 3 9 10 11 12 13 15 20 21 22 23 24 25 27 29 30 31 32 36 38 39 40 41 42 43 44 45 46 47 48 49 0
2 3 4 5 10 12 13 15 17 21 23 24 25 26 27 28 30 31 34 35 36 37 38 39 40 42 43 44 45 46 48 49 0
3 4 8 10 12 14 16 18 19 20 21 22 24 26 27 29 32 33 34 35 38 40 42 43 44 45 46 49 0
5 7 8 11 13 15 17 18 19 22 24 25 30 31 32 33 34 35 36 40 41 42 43 46 49 0
4 5 20 21 22 23 25 26 27 29 31 39 44 45 48 0

14
2 3 4 5 6 8 9 10 11 12 13 14 16 17 18 19 21 22 23 24 25 26 27 28 29 30 31 32 33 35 37 38 39 40 42 45 46 47 48 49 0
1 2 3 4 5 9 10 11 12 14 16 17 18 19 20 22 24 25 27 29 30 31 32 35 36 38 39 40 41 43 44 45 46 47 48 49 0
2 3 4 6 7 10 12 13 14 15 17 19 21 22 23 24 26 28 30 32 33 34 36 37 38 39 42 44 45 46 47 48 49 50 0
3 4 8 10 12 13 14 16 20 21 22 24 26 27 28 29 30 32 33 34 35 38 40 42 43 44 45 46 49 0
1 5 7 8 11 13 14 15 17 18 19 21 22 24 25 26 30 31 32 33 34 35 36 40 41 42 43 46 48 49 0
1 2 5 10 13 15 20 21 22 23 25 26 27 29 31 33 35 36 39 43 44 45 46 48 49 0

15
1 2 3 5 6 7 8 11 12 13 14 15 16 17 20 24 25 26 27 29 30 31 32 33 34 35 36 37 38 39 40 41 42 43 45 46 47 49 50 0
1 3 8 9 10 11 12 13 18 19 20 22 23 24 25 27 30 32 33 35 36 38 39 40 42 44 45 46 47 48 49 0
2 3 4 5 9 12 13 15 17 18 21 23 24 25 26 27 28 31 34 35 36 38 39 40 42 43 44 45 46 48 49 50 0
3 4 8 10 12 14 16 18 19 20 21 22 24 26 27 29 32 33 34 35 38 40 42 43 44 45 46 49 0
1 5 7 8 11 13 14 15 17 18 19 22 25 30 31 32 33 34 35 36 40 41 42 43 46 49 0
5 20 21 22 23 25 26 27 29 31 39 44 45 48 0

16
2 4 5 6 7 8 10 11 12 13 14 15 16 17 18 19 20 22 23 24 25 26 28 29 30 31 32 33 34 36 37 38 39 40 41 42 43 47 48 49 50 0
1 3 8 9 10 11 12 13 18 20 21 22 23 24 25 27 28 30 31 32 36 37 38 39 40 42 43 44 45 46 47 48 49 0
2 3 4 5 9 12 13 15 17 21 23 24 25 26 28 30 31 34 36 37 38 39 42 44 45 46 48 49 50 0
3 4 8 10 12 14 16 20 21 22 24 26 27 29 32 33 34 35 38 40 42 43 45 46 49 0
5 7 8 11 13 15 18 19 22 24 25 30 31 33 34 35 36 40 41 42 43 46 49 0
5 20 21 22 23 25 26 27 29 31 39 44 45 48 0

17
1 2 3 5 7 8 11 12 13 14 15 16 17 20 22 24 25 26 27 29 30 31 32 33 34 35 36 37 38 39 40 41 42 43 45 46 47 48 49 50 0
1 3 8 9 10 11 12 13 18 19 20 21 22 24 25 27 30 32 33 35 36 38 39 40 41 42 43 44 45 46 47 48 49 0
2 3 4 5 7 9 12 13 15 17 18 19 21 23 24 25 26 27 28 31 32 34 35 36 38 39 40 42 43 44 45 46 48 49 50 0
3 4 5 8 10 11 12 14 16 18 19 20 21 22 24 26 27 28 29 32 33 34 35 38 40 42 43 44 45 46 49 0
1 5 7 8 11 13 14 15 17 18 19 22 23 25 28 30 31 32 33 34 35 36 40 41 42 43 46 49 0
5 20 21 22 23 25 26 27 29 31 39 44 45 48 0

18
1 2 3 4 5 6 7 8 9 10 11 12 13 14 15 16 18 19 20 21 23 24 25 27 29 30 31 32 33 34 35 36 37 38 39 40 41 42 43 45 47 48 0
2 3 4 5 7 9 10 11 12 13 14 15 17 19 20 22 23 24 25 26 27 28 29 30 31 32 33 35 36 38 39 40 41 43 44 45 46 47 48 49 50 0
2 3 4 5 7 12 13 17 21 23 24 25 26 27 28 31 34 35 36 38 39 40 42 43 44 45 46 48 49 0
2 3 4 8 10 11 12 14 15 16 18 19 20 21 22 24 26 27 28 29 32 33 34 35 38 40 42 43 44 45 46 49 0
1 5 7 8 11 13 14 15 17 18 19 21 22 24 25 26 30 31 32 33 34 35 36 40 41 42 43 46 48 49 0
5 20 21 22 23 25 26 27 29 31 39 44 45 48 0

19
1 2 3 4 6 7 8 9 10 11 12 13 14 15 17 18 19 21 22 23 24 25 26 27 28 29 30 31 32 33 34 35 36 37 39 40 41 42 43 44 48 50 0
4 5 7 9 10 11 12 15 16 20 21 22 23 24 25 27 29 30 31 32 33 36 38 40 43 44 45 46 47 0
2 4 10 12 13 14 15 17 21 23 26 30 32 34 36 37 38 39 42 44 46 48 49 0
3 4 8 10 12 13 14 16 20 21 22 24 26 27 29 32 33 34 35 38 40 42 43 45 46 49 0
5 7 8 11 13 15 18 19 22 24 25 30 33 34 35 36 40 41 42 46 49 0
4 5 20 21 22 23 25 26 27 29 31 39 44 45 48 0

20
2 3 4 6 7 8 10 11 12 13 14 16 17 18 19 21 22 23 24 25 26 27 28 29 31 34 35 37 39 40 41 42 43 45 47 48 49 50 0
2 4 5 9 10 11 12 14 16 19 20 21 22 24 25 27 30 31 32 33 35 38 39 40 42 43 44 45 46 47 48 49 0
2 4 7 12 13 14 15 17 21 23 25 26 28 30 32 34 36 37 38 39 42 44 45 46 48 49 50 0
3 4 8 10 12 13 14 16 20 21 22 24 26 27 29 30 32 33 34 35 38 40 42 43 45 46 49 0
5 7 8 11 13 15 18 19 22 24 25 30 31 33 34 35 36 40 41 42 46 49 0
5 20 21 22 23 25 26 27 29 31 39 44 45 48 0

21
1 2 3 4 6 8 9 10 11 12 13 14 15 16 17 18 19 20 21 22 23 24 25 26 28 29 30 31 32 33 34 35 36 37 38 39 40 41 42 43 44 45 46 47 48 50 0
1 2 3 4 5 6 8 9 10 11 12 13 16 17 18 20 21 22 24 25 26 27 28 29 30 31 32 34 37 38 39 40 42 44 45 46 47 48 49 50 0
1 2 4 5 6 7 10 13 15 17 21 23 24 25 26 27 28 30 31 34 36 37 38 39 42 44 45 46 48 49 0
3 4 8 10 12 14 16 20 21 22 24 26 27 29 30 32 33 34 35 38 40 42 43 45 46 49 0
1 5 7 8 11 13 14 15 17 18 19 21 22 25 26 30 32 33 34 35 36 40 41 42 43 46 49 0
1 2 5 10 13 15 20 21 22 23 25 26 27 29 31 33 35 36 39 43 44 45 46 48 49 0

22
1 2 4 5 6 7 8 9 10 11 12 14 15 16 17 18 19 20 21 23 24 25 26 27 29 30 31 32 33 35 36 37 38 39 40 42 43 44 46 48 49 50 0
1 3 4 5 7 9 10 11 12 14 16 17 18 19 20 22 23 24 25 26 27 30 31 32 35 36 37 38 39 40 41 43 44 45 46 47 49 0
2 3 4 5 6 7 9 10 12 13 14 16 17 19 21 22 23 24 25 26 27 28 29 30 32 33 34 35 36 37 38 39 40 41 42 43 44 45 46 47 48 49 50 0
2 3 4 5 6 8 10 11 12 13 14 15 16 18 19 20 21 22 24 26 27 28 29 30 32 33 34 35 38 40 42 43 44 45 46 49 50 0
1 5 7 8 11 12 13 14 15 17 18 19 21 22 23 25 26 28 30 31 32 33 34 35 36 40 41 42 43 46 48 49 0
1 2 5 8 10 13 15 20 21 22 23 25 26 27 29 31 33 35 36 39 43 44 45 46 48 49 0

23
1 2 3 4 5 6 7 8 9 11 12 13 15 16 17 18 19 20 25 27 29 30 31 32 33 34 35 36 37 38 39 40 42 43 44 45 46 47 48 49 0
6 7 9 10 11 13 15 16 17 19 20 23 24 25 27 29 30 31 32 35 36 38 39 40 41 43 44 45 46 47 48 49 0
1 2 3 4 5 6 7 8 12 13 15 17 18 19 21 22 23 24 26 28 31 32 34 35 36 38 39 40 42 44 45 46 48 49 50 0
2 3 4 6 8 10 11 12 14 15 16 19 20 21 22 24 26 27 28 29 32 33 34 35 38 40 42 43 44 45 46 49 0
1 5 7 8 11 13 14 15 17 18 19 21 22 24 25 26 30 31 32 33 34 35 36 40 41 42 43 46 48 49 0
1 2 5 10 12 13 15 20 21 22 23 25 26 27 29 31 33 35 36 39 43 44 45 46 48 49 0

24
1 2 3 5 8 9 11 12 13 14 15 16 17 18 20 21 22 23 24 25 26 27 29 30 31 32 33 34 35 36 37 38 39 40 41 42 43 44 45 46 47 48 50 0
1 3 7 9 10 11 12 15 19 20 22 23 24 25 27 29 30 31 32 33 36 37 38 39 40 41 43 44 45 46 47 49 0
2 4 7 10 12 13 14 15 17 21 23 25 26 30 31 34 36 37 38 39 41 42 44 45 46 48 49 50 0
3 4 8 10 12 14 16 20 21 22 24 26 27 29 30 32 33 34 35 38 40 42 43 45 46 49 0
5 7 8 11 13 15 18 19 22 24 30 31 33 34 35 36 40 41 42 46 49 0
5 20 21 22 23 25 26 27 29 31 39 44 45 48 0

25
2 3 5 6 7 8 11 12 13 14 15 16 17 20 21 23 24 26 27 29 30 31 32 33 34 35 36 37 38 39 40 41 42 43 45 46 47 49 50 0
1 3 8 9 10 11 12 16 19 20 22 23 24 25 27 28 29 30 31 32 34 35 36 37 38 39 40 42 43 44 45 46 47 48 49 0
2 3 4 5 7 9 12 13 15 17 18 21 23 24 25 26 27 28 31 32 34 35 36 38 39 40 42 43 44 45 46 48 49 50 0
3 4 8 10 12 14 16 18 19 20 21 22 24 26 27 29 32 33 34 35 38 40 42 43 44 45 46 49 0
5 7 8 11 13 15 17 18 19 22 25 30 31 32 33 34 35 36 40 41 42 43 46 49 0
5 20 21 22 23 25 26 27 29 31 39 44 45 48 0

26
1 2 3 4 5 6 7 8 9 10 11 12 13 14 15 16 17 19 20 21 22 23 24 25 26 27 29 30 31 32 33 34 35 36 37 39 40 41 42 43 44 45 47 48 49 50 0
1 2 3 5 6 7 8 9 10 11 12 13 16 18 19 20 21 22 23 24 25 27 28 30 31 32 33 34 35 36 37 38 39 40 41 42 43 44 45 46 47 48 49 50 0
1 2 3 4 5 6 7 9 12 13 15 17 18 19 21 22 23 24 25 26 27 28 29 30 31 34 35 36 37 38 39 40 42 43 44 45 46 48 49 50 0
2 3 4 5 6 8 10 11 12 14 15 16 18 19 20 21 22 24 26 27 28 29 32 33 34 35 38 40 42 43 44 45 46 49 50 0
1 5 7 8 11 12 13 14 15 17 18 19 21 22 23 25 26 28 30 31 32 33 34 35 36 40 41 42 43 46 48 49 0
1 2 5 8 9 10 12 13 15 20 21 22 23 25 26 27 29 31 33 34 35 36 39 43 44 45 46 48 49 0

27
1 2 4 6 7 8 9 10 11 12 13 14 15 16 17 18 19 20 21 22 23 24 25 26 28 29 30 31 32 33 34 35 37 38 39 40 41 42 43 45 46 47 50 0
1 2 3 7 9 11 12 13 15 20 21 22 23 24 25 26 27 28 30 31 32 33 36 37 38 39 40 43 44 45 46 47 48 49 50 0
2 3 4 10 13 14 15 17 21 23 25 26 28 30 32 34 36 37 38 39 42 43 44 46 48 49 0
3 4 5 8 10 12 13 16 18 20 22 24 26 29 32 33 34 35 38 40 41 42 43 45 49 0
3 4 5 6 7 8 9 13 15 18 19 20 22 23 24 25 28 30 33 34 35 36 37 38 39 40 41 42 44 45 46 49 50 0
3 4 5 6 7 11 14 16 17 18 19 20 21 22 23 24 25 26 27 28 29 30 31 32 37 38 39 40 41 42 44 45 48 50 0

28
1 2 3 4 5 8 9 10 11 12 13 14 15 16 17 18 19 20 21 22 23 24 25 26 27 28 29 31 32 33 34 35 36 37 39 40 42 43 44 45 46 47 48 49 50 0
4 5 9 10 11 12 14 15 20 22 23 24 25 27 28 30 31 32 33 38 39 40 41 43 44 45 46 47 48 49 50 0
2 3 4 10 11 12 13 14 15 17 21 23 24 25 26 28 30 31 34 36 37 38 39 42 44 45 46 47 48 49 50 0
3 4 8 10 12 13 14 16 20 21 22 24 26 27 29 30 32 33 34 35 38 40 42 43 45 46 49 0
5 7 8 11 13 15 18 19 22 24 25 30 31 33 34 35 36 40 41 42 46 49 0
4 5 20 21 22 23 25 26 27 29 31 39 44 45 48 0

29
2 3 4 5 7 9 10 11 12 13 14 15 16 18 19 20 21 22 23 24 25 26 27 29 31 32 33 34 35 36 37 38 39 40 41 42 43 44 45 46 47 48 49 0
1 2 3 4 5 9 10 11 12 14 17 19 20 21 22 23 24 25 27 28 29 30 31 32 34 35 36 37 38 39 40 41 43 44 45 46 47 48 49 0
2 3 4 5 7 8 9 10 11 12 13 14 16 17 20 21 23 24 25 26 28 30 32 33 34 35 36 37 38 39 40 41 42 43 44 45 46 47 48 49 50 0
1 2 3 4 5 7 8 9 10 11 12 13 14 15 16 17 18 19 20 21 22 23 24 26 27 28 29 30 31 32 33 34 35 37 38 39 40 41 42 43 44 45 46 47 48 49 0
1 5 7 8 11 13 15 17 18 19 22 23 25 28 30 31 32 33 34 35 36 40 41 42 43 46 48 49 0
5 20 21 22 23 25 26 27 29 31 39 44 45 48 0

30
1 2 3 4 5 6 7 8 9 10 11 12 13 14 15 16 17 18 19 20 21 22 24 25 26 27 28 29 30 31 32 33 34 35 36 37 38 39 40 41 42 43 44 45 46 47 48 50 0
1 3 5 8 9 10 11 12 15 19 20 22 23 24 25 27 30 31 32 33 36 38 39 40 41 42 43 44 45 46 47 48 49 0
2 3 4 5 9 10 12 13 15 17 21 23 24 25 26 28 30 31 34 35 36 37 38 39 42 43 44 45 46 48 49 50 0
3 4 8 10 12 14 16 20 21 22 24 26 27 29 32 33 34 35 38 40 42 43 45 46 49 0
5 7 8 11 13 15 18 19 22 24 25 30 31 33 34 35 36 40 41 42 43 46 49 0
5 20 21 22 23 25 26 27 29 31 39 44 45 48 0

31
1 2 3 6 7 8 9 10 11 12 13 14 15 17 18 19 22 23 25 26 27 28 29 30 31 34 35 36 37 38 39 40 41 42 43 44 45 46 49 50 0
1 3 5 9 10 11 12 13 15 16 18 19 20 22 23 24 25 27 29 30 31 32 33 35 36 37 38 39 40 43 44 45 46 47 0
2 4 6 7 13 15 17 19 21 23 26 31 32 34 36 37 38 39 44 46 48 50 0
3 4 8 10 12 14 16 17 20 21 22 24 26 27 29 32 33 34 35 38 39 40 42 43 45 46 49 0
1 5 7 8 13 14 15 17 18 19 21 22 24 25 26 30 32 33 34 35 36 40 41 42 43 46 49 0
1 2 4 5 10 12 13 15 20 21 22 23 25 26 27 29 31 33 34 35 36 39 43 44 45 46 48 49 0

32
1 2 3 4 5 6 7 8 9 10 11 12 13 14 15 16 18 19 20 21 22 23 24 25 26 27 28 29 31 32 33 34 35 36 37 38 39 40 41 42 43 44 45 48 49 0
1 2 3 4 5 9 10 11 12 13 15 16 18 20 22 23 24 25 27 30 31 32 35 36 37 38 39 40 43 44 45 46 47 48 49 0
2 3 4 6 12 13 15 17 19 21 23 24 26 28 31 32 34 36 37 38 39 42 44 46 48 49 50 0
3 4 8 10 12 14 16 20 21 22 24 26 27 29 32 33 34 35 38 40 42 43 45 46 49 0
1 5 7 8 11 13 14 15 17 18 19 21 22 24 25 26 30 31 32 33 34 35 36 40 41 42 43 46 49 0
5 20 21 22 23 25 26 27 29 31 39 44 45 48 0

33
1 2 3 4 6 7 8 9 10 11 12 13 14 15 17 18 19 22 23 25 26 27 28 29 31 33 35 36 37 39 40 41 42 43 44 45 50 0
4 5 7 9 10 11 12 13 15 16 20 21 22 23 24 25 27 29 30 31 32 33 35 36 38 40 43 44 45 46 47 0
2 4 12 13 14 15 17 21 23 25 26 31 32 34 36 37 38 39 44 46 48 49 0
3 4 8 10 12 14 16 20 21 22 24 26 29 32 33 34 35 38 40 42 43 45 46 49 0
5 7 8 11 13 15 17 18 19 22 24 25 30 32 33 34 35 36 40 41 42 43 46 49 0
4 5 20 21 22 23 25 26 27 29 31 39 44 45 48 0

34
1 2 3 4 5 6 7 8 9 10 11 12 13 14 16 17 18 19 21 22 23 24 25 26 27 28 29 31 32 33 34 35 36 37 39 41 43 44 45 47 48 49 50 0
4 5 6 8 9 10 11 12 14 15 19 20 21 22 23 24 25 27 30 31 32 33 38 39 40 41 42 43 44 45 46 47 48 49 50 0
2 3 4 7 10 11 12 13 14 15 16 17 20 21 23 24 25 26 28 30 31 33 34 36 37 38 39 41 42 43 44 45 46 47 48 49 50 0
1 3 4 7 8 9 10 12 13 14 16 20 21 22 23 24 26 27 29 30 31 32 33 34 35 38 40 41 42 43 45 46 48 49 0
5 7 8 11 13 15 18 19 22 24 25 30 31 33 34 35 36 40 41 42 46 49 0
4 5 20 21 22 23 25 26 27 29 31 39 44 45 48 0

35
1 2 3 4 5 6 7 8 9 11 12 14 15 16 17 18 19 20 21 22 23 24 27 28 29 31 32 33 34 35 36 37 39 40 41 43 45 46 47 48 49 50 0
1 3 9 10 11 12 19 20 21 22 24 25 26 27 30 31 32 36 37 38 39 40 43 44 45 46 47 49 0
2 4 7 10 12 13 15 17 21 23 24 25 26 28 30 34 36 37 38 39 42 44 45 46 48 49 50 0
3 4 8 10 12 14 16 20 21 22 24 26 27 29 30 32 33 34 35 38 40 42 43 45 46 49 0
5 7 8 11 13 15 18 19 22 30 31 33 34 35 36 40 41 42 46 49 0
5 20 21 22 23 25 26 27 29 31 39 44 45 48 0

36
1 2 3 5 6 7 8 9 10 11 12 13 14 15 16 17 18 19 20 23 24 25 26 27 28 29 30 31 32 34 35 36 37 38 39 40 41 42 43 44 45 46 47 48 49 0
1 3 4 5 9 10 11 12 14 15 19 20 22 23 24 25 27 29 30 31 32 36 38 39 40 41 43 44 45 46 47 48 49 0
2 3 4 7 10 12 13 14 15 17 21 23 24 25 26 28 30 31 34 36 37 38 39 42 44 45 46 48 49 50 0
3 4 8 10 12 13 14 16 20 21 22 24 26 27 29 30 32 33 34 35 38 40 42 43 45 46 49 0
5 7 8 11 13 15 18 19 22 24 25 30 31 33 34 35 36 40 41 42 43 46 49 0
5 20 21 22 23 25 26 27 29 31 39 44 45 48 0

37
1 2 3 4 5 6 7 9 10 11 12 13 14 15 16 17 18 19 20 21 22 23 24 25 26 27 29 31 32 33 34 35 36 37 38 39 40 41 42 43 45 46 48 49 50 0
3 4 5 7 9 10 11 12 14 19 20 22 24 25 26 27 30 31 32 33 35 37 38 39 40 41 43 44 45 46 47 48 49 0
2 3 4 7 9 10 12 13 14 15 17 21 23 24 25 26 28 30 32 34 36 37 38 39 41 42 43 44 45 46 47 48 49 50 0
3 4 8 10 12 14 16 20 21 22 24 26 27 29 30 32 33 34 35 38 40 42 43 45 46 49 0
5 7 8 11 13 15 18 19 22 30 31 33 34 35 36 40 41 42 46 49 0
5 20 21 22 23 25 26 27 29 31 39 44 45 48 0

38
1 2 3 4 5 7 8 9 10 11 12 13 14 15 16 17 18 19 20 21 22 23 24 25 26 27 28 29 31 32 33 34 35 36 37 39 40 41 42 43 45 46 47 48 49 50 0
1 3 9 10 11 12 13 19 20 22 23 24 25 27 29 30 31 32 33 36 37 38 39 40 41 42 43 44 45 46 47 49 0
2 3 4 5 7 9 10 12 13 14 15 17 21 23 24 25 26 28 30 32 34 36 37 38 39 42 43 44 45 46 48 49 50 0
3 4 8 10 12 14 16 20 21 22 24 26 27 29 30 32 33 34 35 38 40 42 43 45 46 49 0
5 7 8 11 13 15 18 19 22 30 31 33 34 35 36 40 41 42 46 49 0
5 20 21 22 23 25 26 27 29 31 39 44 45 48 0

39
2 3 4 5 6 7 8 10 11 12 13 14 15 17 18 20 21 22 23 24 25 26 27 28 29 30 31 33 34 35 37 39 40 41 42 43 44 46 48 49 50 0
1 4 8 9 10 11 12 13 16 18 20 21 22 23 24 25 27 28 30 31 32 35 36 37 38 39 40 41 42 43 44 45 46 47 48 49 0
2 3 4 9 10 12 13 14 15 17 21 23 24 25 26 27 28 30 31 32 34 35 36 37 38 39 42 43 44 45 46 48 49 50 0
3 4 8 10 12 14 16 20 21 22 24 26 27 29 32 33 34 35 38 40 42 43 45 46 49 0
5 7 8 11 13 15 18 19 22 24 25 30 31 33 34 35 36 40 41 42 46 49 0
5 20 21 22 23 25 26 27 29 31 39 44 45 48 0

40
2 3 4 5 6 8 9 10 11 12 13 14 15 16 17 18 19 20 22 23 24 25 26 27 28 29 30 31 32 33 34 36 37 38 39 40 42 43 44 45 46 47 48 49 50 0
2 4 5 8 9 10 11 12 14 15 20 22 23 24 25 27 30 31 32 33 36 38 39 40 41 42 43 44 45 46 47 48 49 0
2 3 4 5 7 9 10 12 13 14 15 17 21 23 24 25 26 28 30 31 34 36 37 38 39 42 43 44 45 46 48 49 50 0
3 4 8 10 12 13 14 16 18 20 21 22 24 26 27 29 32 33 34 35 38 40 42 43 45 46 49 0
5 7 8 11 13 15 18 19 22 24 25 30 31 33 34 35 36 40 41 42 46 49 0
4 5 20 21 22 23 25 26 27 29 31 39 44 45 48 0

41
1 2 3 4 5 8 11 12 13 14 15 16 17 18 19 20 21 22 23 24 25 28 29 31 32 33 34 35 36 37 38 39 40 41 42 43 45 46 49 50 0
1 2 3 7 9 10 11 12 17 19 20 22 23 24 25 27 29 30 31 32 33 36 37 38 39 40 41 43 44 45 46 47 49 0
2 3 4 7 10 12 13 14 15 17 21 23 24 25 26 28 30 34 36 37 38 39 41 42 44 45 46 47 48 49 50 0
3 4 8 10 12 13 14 16 20 21 22 24 26 27 29 30 32 33 34 35 38 40 42 43 45 46 49 0
5 7 8 11 13 15 18 19 22 24 30 31 33 34 35 36 40 41 42 46 49 0
5 20 21 22 23 25 26 27 29 31 39 44 45 48 0

42
1 2 3 4 5 6 7 8 10 11 12 13 14 15 17 18 19 20 21 22 23 24 25 26 27 28 29 31 34 35 36 37 39 40 41 42 43 44 45 46 47 50 0
5 9 10 11 12 13 15 20 21 22 23 24 25 27 28 29 30 31 32 36 38 40 41 43 44 45 46 47 48 49 50 0
2 4 12 13 15 17 21 23 25 26 28 30 31 34 36 37 38 39 42 44 46 48 49 50 0
3 4 8 10 12 13 14 16 20 21 22 24 26 27 29 32 33 34 35 38 40 42 43 45 46 49 0
5 7 8 11 13 15 18 19 22 24 25 30 31 33 34 35 36 40 41 42 46 49 0
4 5 20 21 22 23 25 26 27 29 31 39 44 45 48 0

43
1 2 3 4 5 6 7 8 9 10 11 12 13 14 16 17 18 19 20 21 22 23 24 25 26 27 28 29 30 31 32 34 35 36 37 38 39 41 42 43 44 45 46 47 48 49 50 0
3 4 5 7 8 9 10 11 12 14 15 19 20 22 23 24 25 26 27 30 31 32 33 36 37 38 39 40 41 43 44 45 46 47 48 49 0
2 3 4 5 7 9 10 12 13 14 15 17 20 21 23 24 25 26 28 30 31 32 34 36 37 38 39 41 42 43 44 45 46 47 48 49 50 0
3 4 8 10 12 13 14 16 18 20 21 22 24 26 27 29 30 32 33 34 35 38 40 42 43 45 46 49 0
5 7 8 11 13 15 18 19 22 24 25 30 31 33 34 35 36 40 41 42 46 49 0
5 20 21 22 23 25 26 27 29 31 39 44 45 48 0

44
1 2 4 5 7 8 10 11 12 13 14 15 16 19 20 21 22 23 24 25 26 27 28 29 30 31 32 33 34 35 37 39 40 41 43 45 46 48 49 50 0
1 3 7 9 10 11 12 14 15 19 20 21 22 23 24 25 27 28 30 31 32 35 36 37 38 39 40 41 42 43 44 45 46 47 49 0
2 3 4 7 9 10 12 13 14 15 16 17 20 21 23 24 25 26 28 30 34 36 37 38 39 41 42 43 44 45 46 47 48 49 50 0
3 4 8 10 12 13 14 16 18 20 21 22 24 26 27 29 30 32 33 34 35 38 40 41 42 43 45 46 49 0
5 7 8 11 13 15 18 19 22 24 25 30 31 33 34 35 36 40 41 42 46 49 0
4 5 20 21 22 23 25 26 27 29 31 39 44 45 48 0

45
2 3 5 7 8 9 10 11 12 13 14 15 16 17 19 20 21 22 24 25 26 27 28 29 30 31 32 33 34 35 36 37 38 39 40 41 42 43 46 47 48 50 0
1 3 8 9 10 11 12 15 20 22 23 24 25 27 28 29 30 31 32 36 37 38 39 40 41 43 44 45 46 47 48 49 50 0
2 3 4 5 7 9 10 12 13 14 15 17 21 23 24 25 26 27 28 30 31 34 35 36 37 38 39 40 41 42 43 44 45 46 47 48 49 0
3 4 5 8 10 12 13 14 16 18 19 20 21 22 24 26 27 29 32 33 34 35 38 40 42 43 44 45 46 49 0
5 7 8 11 13 15 18 19 22 24 25 30 31 33 34 35 36 40 41 42 43 46 49 0
4 5 20 21 22 23 25 26 27 29 31 39 44 45 48 0

46
1 2 3 4 5 6 8 9 10 11 12 13 14 18 19 21 23 24 25 26 27 29 31 32 33 34 35 36 37 38 39 40 41 42 43 44 45 46 48 49 0
1 2 3 4 5 9 10 11 12 14 15 19 20 21 22 23 24 25 27 28 29 30 31 32 34 36 37 38 39 40 41 43 44 45 46 47 49 0
2 3 4 7 8 10 12 13 14 15 16 17 20 21 23 24 25 26 28 30 32 33 34 36 37 38 39 41 42 43 44 45 46 47 48 49 50 0
1 3 4 7 8 9 10 12 13 14 16 17 20 21 22 23 24 26 27 29 30 31 32 33 34 35 37 38 39 40 41 42 43 45 46 47 48 49 0
5 7 8 11 13 15 18 19 22 24 25 30 31 33 34 35 36 40 41 42 46 49 0
5 20 21 22 23 25 26 27 29 31 39 44 45 48 0

47
1 2 3 4 5 6 8 10 11 12 13 15 16 17 18 19 20 21 22 23 24 25 26 27 29 30 31 32 33 34 35 36 37 38 39 40 41 42 43 45 48 49 50 0
1 2 4 5 7 9 10 11 12 13 16 17 18 19 20 22 24 25 26 27 30 32 33 38 39 40 41 43 44 45 46 47 49 0
2 3 4 5 6 7 9 12 13 15 17 19 21 22 23 24 25 26 27 28 29 30 32 34 35 36 37 38 39 40 42 43 44 45 46 48 49 50 0
2 3 4 5 6 8 10 11 12 14 15 16 18 19 20 21 22 24 26 27 28 29 32 33 34 35 38 40 42 43 44 45 46 49 50 0
1 5 7 8 11 12 13 14 15 17 18 19 21 22 23 25 26 28 30 31 32 33 34 35 36 40 41 42 43 46 48 49 0
1 2 5 8 10 15 20 21 22 23 25 26 27 29 31 33 35 36 39 43 44 45 46 48 0

48
1 2 3 4 5 8 9 10 11 12 13 14 16 18 19 20 21 22 23 24 25 26 27 28 29 30 31 32 34 35 36 37 38 39 41 42 43 44 45 46 47 48 50 0
3 5 7 9 10 11 12 13 19 20 22 23 24 25 26 27 29 30 31 32 33 36 37 38 39 40 41 43 44 45 46 47 49 0
2 3 4 5 7 9 12 13 15 17 21 23 24 25 26 28 30 31 32 34 36 37 38 39 42 43 44 45 46 48 49 50 0
3 4 5 8 10 12 14 16 18 20 21 22 24 26 27 29 32 33 34 35 38 40 42 43 45 46 49 0
5 7 8 11 13 15 18 19 22 25 30 31 33 34 35 36 40 41 42 46 49 0
5 20 21 22 23 25 26 27 29 31 39 44 45 48 0

49
1 2 3 4 5 6 8 9 10 11 12 13 14 15 18 20 21 22 23 24 25 26 29 30 31 32 33 34 35 36 37 39 40 41 42 43 44 45 46 48 50 0
1 3 4 5 9 11 12 14 19 20 22 23 24 25 27 30 31 32 33 34 36 37 38 39 40 41 43 44 45 46 47 48 49 0
2 4 7 8 10 12 13 14 15 16 17 20 21 23 25 26 30 32 33 34 36 37 38 39 41 42 44 45 46 47 48 49 50 0
1 3 4 8 10 12 13 14 16 20 21 22 24 26 27 29 30 32 33 34 35 38 40 41 42 43 45 46 49 0
5 7 8 11 13 15 18 19 22 24 30 31 33 34 35 36 40 41 42 46 49 0
5 20 21 22 23 25 26 27 29 31 39 44 45 48 0

50
1 2 3 4 5 6 7 8 9 10 11 12 13 14 15 16 17 18 19 20 21 22 23 24 25 26 27 28 29 30 31 32 34 35 36 37 38 39 40 41 42 43 44 48 49 0
1 4 5 9 10 11 12 15 16 18 20 22 23 24 25 27 28 30 31 32 33 36 38 39 40 41 43 44 45 46 47 48 49 0
2 3 4 12 13 14 15 17 21 23 26 28 30 32 34 36 37 38 39 42 44 45 46 48 49 50 0
3 4 8 10 12 14 16 20 21 22 24 26 27 29 32 33 34 35 38 40 42 43 45 46 49 0
1 5 7 8 11 13 14 15 17 18 19 22 24 25 30 31 32 33 34 35 36 40 41 42 43 46 49 0
4 5 20 21 22 23 25 26 27 29 31 39 44 45 48 0

51
1 2 3 4 5 6 7 8 9 10 11 12 13 14 15 16 18 19 20 21 23 24 25 26 27 29 30 31 32 33 35 36 37 38 39 40 41 42 43 44 45 48 49 0
1 4 5 8 9 10 11 12 13 14 16 18 19 20 21 22 23 24 25 26 27 28 29 30 31 32 33 36 38 39 40 41 43 44 45 46 47 49 50 0
2 3 4 5 6 7 9 12 13 14 17 19 21 22 23 24 25 26 28 30 32 34 35 36 37 38 39 42 43 44 45 46 48 49 50 0
2 3 4 5 8 10 12 14 15 16 18 19 20 21 22 24 26 27 28 29 32 33 34 35 38 40 42 43 44 45 46 49 0
1 5 7 8 11 13 15 17 18 19 22 23 25 28 30 31 32 33 34 35 36 40 41 42 43 46 48 49 0
5 20 21 22 23 25 26 27 29 31 39 44 45 48 0

52
1 2 3 4 5 6 8 9 10 11 12 13 14 15 16 17 18 19 21 22 23 24 25 26 27 28 29 30 31 32 33 35 36 37 39 40 41 42 43 44 46 48 49 50 0
1 2 4 5 7 9 10 11 12 15 16 17 20 21 22 23 24 25 27 29 30 31 32 33 36 38 39 40 41 43 44 45 46 47 49 0
2 4 10 11 12 13 14 15 16 17 21 23 26 28 30 32 33 34 36 37 38 39 41 42 44 45 46 47 48 49 50 0
3 4 8 10 12 13 14 16 20 21 22 24 26 27 29 30 32 33 34 35 38 40 41 42 43 45 46 49 0
5 6 7 8 11 13 15 18 19 22 24 25 30 31 33 34 35 36 38 40 41 42 46 49 0
4 5 20 21 22 23 25 26 27 29 30 31 39 44 45 48 0

53
1 2 4 5 8 10 11 12 13 14 15 16 17 18 19 20 21 22 24 25 26 27 29 30 31 32 33 34 35 37 39 40 43 45 46 47 49 50 0
1 3 7 9 10 11 12 20 21 22 23 24 25 27 28 30 31 32 36 37 38 39 40 41 43 44 45 46 47 48 49 50 0
2 3 4 5 7 9 10 12 13 14 15 17 21 23 24 25 26 27 28 30 34 35 36 37 38 39 40 42 43 44 45 46 48 49 0
2 3 4 5 8 10 11 12 13 14 15 16 18 19 20 21 22 24 26 27 28 29 30 32 33 34 35 38 40 42 43 44 45 46 49 0
1 5 7 8 11 13 15 17 18 19 22 23 24 25 28 30 31 32 33 34 35 36 40 41 42 43 46 49 0
4 5 20 21 22 23 25 26 27 29 31 39 44 45 48 0

54
1 2 3 4 5 6 7 8 11 12 13 14 15 16 17 18 20 21 22 23 24 25 26 27 29 31 32 33 34 35 36 37 38 39 40 41 42 43 45 47 49 50 0
1 6 8 9 10 11 12 13 16 18 19 20 22 23 24 25 26 27 30 32 36 38 39 40 42 44 45 46 47 49 0
2 3 4 5 9 12 13 15 17 18 21 23 25 26 28 31 32 34 36 38 39 40 42 44 45 46 48 49 0
3 4 8 10 12 14 16 20 21 22 24 26 27 29 32 33 34 35 38 40 42 43 45 46 49 0
5 7 8 11 13 15 18 19 22 25 30 31 33 34 35 36 40 41 42 43 46 49 0
5 20 21 22 23 25 26 27 29 31 39 44 45 48 0

55
1 2 3 5 6 7 8 9 10 11 12 13 14 15 16 17 18 19 20 23 24 25 26 27 29 30 31 32 33 34 35 36 37 38 39 40 41 42 43 44 45 46 47 48 49 50 0
3 4 5 9 10 11 12 13 14 16 18 19 20 22 23 24 25 27 28 30 31 32 36 37 38 39 40 41 42 43 44 45 46 47 48 49 50 0
2 3 4 7 12 13 14 15 17 21 23 25 26 28 30 31 34 36 37 38 39 42 44 45 46 48 49 50 0
3 4 8 10 12 14 16 20 21 22 24 26 27 29 32 33 34 35 38 40 42 43 45 46 49 0
5 7 8 11 13 15 18 19 22 25 30 31 33 34 35 36 40 41 42 43 46 49 0
5 20 21 22 23 25 26 27 29 31 39 44 45 48 0

56
2 4 5 6 7 8 9 10 11 12 13 15 16 18 19 21 23 24 25 27 29 31 32 34 35 36 37 38 39 40 41 42 43 44 45 46 47 48 49 50 0
1 2 3 4 5 6 7 8 9 10 11 12 14 15 17 18 19 20 21 22 23 24 25 26 27 29 30 31 32 33 34 35 36 37 38 39 40 41 43 44 45 46 47 49 0
2 4 7 8 10 11 12 13 14 15 16 17 20 21 23 25 26 28 30 31 32 33 34 36 37 38 39 41 42 44 45 46 47 48 49 50 0
1 3 4 7 8 9 10 12 13 14 16 17 20 21 22 23 24 25 26 27 29 30 31 32 33 34 35 36 37 38 39 40 41 42 43 45 46 47 48 49 0
2 3 4 5 6 7 8 9 10 11 13 15 16 18 19 20 22 24 27 29 30 31 33 34 35 36 38 39 40 41 42 44 45 46 47 49 50 0
3 4 5 6 7 11 14 16 17 18 19 20 21 22 23 24 25 26 27 28 29 30 31 32 38 39 40 41 42 44 45 47 48 0

57
1 2 3 4 5 6 7 8 9 10 11 12 13 14 15 16 19 21 23 24 25 26 27 29 30 31 32 33 34 35 36 37 39 40 41 42 43 44 45 46 47 48 49 50 0
1 2 3 4 7 9 10 11 12 13 15 16 17 18 19 20 22 23 24 25 27 29 30 31 32 33 35 36 37 38 39 40 41 42 43 44 45 46 47 49 0
2 3 4 7 10 12 13 14 15 17 21 23 24 25 26 28 30 34 36 37 38 39 41 42 44 45 46 48 49 50 0
3 4 8 10 12 14 16 20 21 22 24 26 27 29 30 32 33 34 35 38 40 42 43 45 46 49 0
5 7 8 11 13 15 18 19 22 25 30 31 33 34 35 36 40 41 42 46 49 0
5 20 21 22 23 25 26 27 29 31 39 44 45 48 0

58
2 3 4 5 7 8 10 11 12 13 14 15 16 17 18 19 20 21 22 24 25 26 27 28 29 30 31 32 33 34 35 36 37 39 41 42 43 44 46 47 50 0
1 3 8 9 10 11 12 13 20 21 22 23 24 25 27 29 30 31 32 35 36 37 38 39 40 42 43 44 45 46 47 48 49 0
2 3 4 5 9 10 12 13 14 15 17 18 21 23 24 25 26 27 28 30 31 32 34 35 36 37 38 39 40 42 43 44 45 46 48 49 0
3 4 8 10 12 13 16 19 20 21 22 24 26 27 29 32 33 34 35 38 40 42 43 45 46 49 0
5 7 8 11 13 15 18 19 22 24 25 30 31 33 34 35 36 40 41 42 43 46 49 0
4 5 20 21 22 23 25 26 27 29 30 31 39 44 45 48 0

59
1 2 3 4 5 6 7 8 9 10 11 12 13 14 15 16 18 19 20 21 22 24 25 26 27 29 31 32 34 35 36 37 38 39 40 41 42 43 44 45 46 48 49 0
2 3 4 5 9 10 11 12 14 15 19 20 22 23 24 25 27 28 29 30 31 32 33 34 36 37 38 39 40 41 43 44 45 46 47 48 49 0
2 3 4 5 7 8 9 10 12 13 14 15 17 20 21 23 24 25 26 28 30 31 32 33 34 36 37 38 39 41 42 43 44 45 46 47 48 49 50 0
3 4 5 8 10 12 13 14 16 18 19 20 21 22 24 26 27 29 30 31 32 33 34 35 38 40 42 43 45 46 49 0
5 7 8 11 13 15 18 19 22 24 25 30 31 33 34 35 36 40 41 42 46 49 0
5 20 21 22 23 25 26 27 29 31 39 44 45 48 0

60
1 2 3 4 6 8 9 10 11 12 13 14 15 16 17 18 19 21 22 23 24 25 26 27 28 29 31 32 33 34 35 36 37 39 40 41 42 43 44 45 47 48 49 50 0
4 5 7 9 10 11 12 15 16 20 21 22 23 24 25 27 28 29 30 31 32 33 36 38 39 40 41 43 44 45 46 47 48 49 0
2 4 10 11 12 13 14 15 17 21 23 26 28 30 32 33 34 36 37 38 39 41 42 44 45 46 47 48 49 50 0
3 4 8 10 12 13 14 16 20 21 22 24 26 27 29 32 33 34 35 38 40 41 42 43 45 46 49 0
5 6 7 8 11 13 15 18 19 22 24 25 30 31 33 34 35 36 38 40 41 42 46 49 0
4 5 20 21 22 23 25 26 27 29 30 31 39 44 45 48 0

61
2 3 5 6 9 10 11 12 13 14 15 16 17 18 19 20 21 22 23 24 25 26 27 28 29 30 31 32 34 35 36 37 38 39 41 42 43 45 46 48 49 0
3 4 5 9 10 11 12 14 15 19 20 22 23 24 25 27 28 29 30 31 32 36 37 38 39 40 41 43 44 45 46 47 49 0
2 3 4 7 10 12 13 14 15 17 21 23 24 25 26 28 30 31 34 36 37 38 39 42 44 45 46 48 49 50 0
3 4 8 10 12 13 14 16 20 21 22 24 26 27 29 30 32 33 34 35 38 40 42 43 45 46 49 0
5 7 8 11 13 15 18 19 22 24 25 30 31 33 34 35 36 40 41 42 43 46 49 0
4 5 20 21 22 23 25 26 27 29 31 39 44 45 48 0

62
2 3 4 5 6 7 8 10 11 12 13 14 15 16 17 19 20 21 22 24 25 26 27 28 29 30 31 32 33 34 35 36 37 38 39 40 41 42 43 46 47 48 50 0
1 3 8 9 10 11 12 13 16 20 21 22 23 24 25 27 29 30 31 32 35 36 37 38 39 40 41 42 43 44 45 46 47 48 49 0
2 3 4 5 7 10 12 13 15 17 21 23 24 25 26 27 28 30 31 34 35 36 37 38 39 40 42 43 44 45 46 48 49 0
3 4 8 10 12 14 16 18 19 20 21 22 24 26 27 29 32 33 34 35 38 40 42 43 44 45 46 49 0
5 7 8 11 13 15 18 19 22 24 25 30 31 32 33 34 35 36 40 41 42 43 46 49 0
5 20 21 22 23 25 26 27 29 31 39 44 45 48 0

63
1 2 3 4 5 6 7 8 9 10 11 12 13 14 15 16 17 18 19 20 21 22 23 24 25 26 27 28 29 30 31 34 35 36 37 38 39 40 42 43 44 45 48 49 0
1 2 3 4 5 9 10 11 12 13 14 15 16 17 18 19 20 22 23 24 25 26 27 29 30 31 32 35 37 38 39 40 41 43 44 45 46 47 48 49 0
2 3 4 6 7 8 12 13 14 15 17 19 20 21 22 23 24 26 28 30 32 34 36 37 38 39 42 44 45 46 48 49 50 0
2 3 4 8 10 12 14 15 16 17 20 21 22 24 26 27 28 29 32 33 34 35 38 39 40 42 43 44 45 46 49 0
1 5 7 8 11 12 13 14 15 17 18 19 21 22 24 25 26 30 31 32 33 34 35 36 40 41 42 43 46 48 49 0
1 2 5 9 10 12 13 15 20 21 22 23 25 26 27 29 31 33 34 35 36 39 43 44 45 46 48 49 0

64
1 2 3 4 5 6 7 9 10 11 12 13 14 15 16 17 18 20 22 23 24 25 27 28 29 30 31 33 34 35 37 38 39 41 43 44 45 46 47 48 49 50 0
1 3 7 9 10 11 12 13 15 16 17 19 20 22 24 25 26 27 29 30 31 32 37 38 39 40 41 42 43 44 45 46 47 48 49 0
2 4 7 12 13 15 17 21 23 24 25 26 28 31 34 36 37 38 39 42 44 45 46 48 49 50 0
3 4 8 10 12 14 16 20 21 22 24 26 27 29 32 33 34 35 38 40 42 43 45 46 49 0
5 7 8 11 13 15 18 19 22 25 30 33 34 35 36 40 41 42 43 46 49 0
5 20 21 22 23 25 26 27 29 31 39 44 45 48 0

65
2 3 5 8 10 11 12 13 14 15 16 17 18 19 20 21 24 26 27 28 29 31 32 34 35 36 37 39 40 41 42 43 44 45 47 48 50 0
1 3 9 10 11 12 14 19 20 21 22 23 24 25 26 27 28 30 31 32 33 35 36 37 38 39 40 41 43 44 45 46 47 49 0
2 3 4 5 7 9 10 12 13 14 15 17 20 21 23 24 25 26 28 30 31 34 36 37 38 39 41 42 44 45 46 47 48 49 50 0
3 4 8 10 12 13 14 16 20 21 22 24 26 27 29 30 31 32 33 34 35 38 40 41 42 43 45 46 49 0
5 7 8 11 13 15 18 19 22 24 30 31 33 34 35 36 40 41 42 46 49 0
4 5 20 21 22 23 25 26 27 29 31 39 44 45 48 0

66
1 2 3 5 6 7 8 9 10 11 12 13 14 15 17 18 19 20 23 24 25 26 27 29 30 31 32 33 35 36 37 38 39 40 41 42 43 44 45 46 48 49 0
1 4 5 9 10 11 12 13 15 16 18 19 20 21 22 23 24 25 26 27 28 29 30 31 32 33 36 38 39 40 41 43 44 45 46 47 49 50 0
2 3 4 5 6 7 9 12 13 14 15 17 19 21 22 23 24 25 26 27 28 30 31 32 34 35 36 37 38 39 40 42 43 44 45 46 48 49 50 0
2 3 4 5 8 10 11 12 14 15 16 18 19 20 21 22 24 26 27 28 29 32 33 34 35 38 40 42 43 44 45 46 49 0
1 5 7 8 11 13 14 15 17 18 19 22 23 25 28 30 31 32 33 34 35 36 40 41 42 43 46 48 49 0
5 20 21 22 23 25 26 27 29 31 36 39 44 45 48 0

67
1 2 3 5 6 8 9 11 12 13 14 15 16 17 18 19 20 21 22 24 25 26 28 29 31 32 34 35 36 37 38 39 40 41 42 43 44 45 46 47 48 50 0
1 3 5 7 8 9 10 11 12 14 15 19 20 22 23 24 25 27 28 30 31 32 33 36 37 38 39 40 41 43 44 45 46 47 49 0
2 3 4 7 10 11 12 13 14 15 17 20 21 23 25 26 28 30 31 34 36 37 38 39 41 42 44 45 46 47 48 49 50 0
1 3 4 7 8 10 12 13 14 16 20 21 22 24 26 27 29 30 31 32 33 34 35 38 40 41 42 43 45 46 48 49 0
5 7 8 11 13 15 18 19 22 24 30 31 33 34 35 36 40 41 42 46 49 0
4 5 20 21 22 23 25 26 27 29 31 39 44 45 48 0

68
1 2 3 4 5 6 8 9 10 11 12 13 15 16 17 18 20 21 22 23 24 25 26 28 29 30 31 32 33 34 35 36 37 39 40 41 42 43 44 45 46 47 48 50 0
3 4 5 9 10 11 12 14 15 19 20 22 23 24 25 27 29 30 31 32 33 34 36 38 39 40 41 43 44 45 46 47 48 49 0
2 4 7 10 12 13 14 15 17 20 21 23 25 26 28 30 31 32 34 36 37 38 39 41 42 44 45 46 47 48 49 50 0
3 4 8 10 12 13 14 16 20 21 22 24 26 27 29 30 32 33 34 35 38 40 42 43 45 46 49 0
5 7 8 11 13 15 18 19 22 24 30 31 33 34 35 36 40 41 42 46 49 0
5 20 21 22 23 25 26 27 29 31 39 44 45 48 0

69
2 3 5 8 10 11 12 13 14 15 16 17 18 19 20 21 24 26 27 28 29 31 32 33 34 35 36 37 39 40 41 42 43 44 45 47 48 50 0
1 3 9 10 11 12 14 19 20 21 22 23 24 25 26 27 28 30 31 32 33 35 36 37 38 39 40 41 43 44 45 46 47 49 0
2 3 4 5 7 9 10 12 13 14 15 17 20 21 23 24 25 26 28 30 31 34 36 37 38 39 41 42 44 45 46 47 48 49 50 0
3 4 8 10 12 13 14 16 20 21 22 24 26 27 29 30 31 32 33 34 35 38 40 41 42 43 45 46 49 0
5 7 8 11 13 15 18 19 22 24 30 31 33 34 35 36 40 41 42 46 49 0
4 5 20 21 22 23 25 26 27 29 31 39 44 45 48 0

70
1 2 3 4 7 8 10 11 12 13 14 15 16 17 18 19 20 21 22 24 25 26 27 28 29 30 31 33 34 35 36 37 39 40 41 42 43 46 47 50 0
1 3 8 9 10 11 12 13 15 20 21 22 23 24 25 27 28 30 31 32 35 36 37 38 40 42 43 44 45 46 47 49 0
2 3 4 5 9 10 12 13 14 15 17 18 21 23 24 25 26 27 28 30 31 32 34 35 36 37 38 39 40 42 44 46 48 49 0
3 4 8 10 12 13 16 19 20 21 22 24 26 29 32 33 34 35 38 40 42 43 45 49 0
3 5 6 7 8 9 13 15 18 19 22 24 25 30 31 33 34 35 36 37 38 39 40 41 42 43 45 46 49 0
4 5 11 16 17 20 21 22 23 25 26 27 28 29 30 31 39 41 44 45 48 50 0

71
1 2 3 5 7 8 9 11 12 13 14 15 16 17 20 24 25 26 27 29 30 31 32 33 34 35 36 37 38 39 40 41 42 43 45 46 47 48 49 50 0
1 3 8 9 10 11 12 13 18 19 20 22 23 24 25 27 29 30 32 33 35 36 38 39 40 42 43 44 45 46 47 48 49 0
2 3 4 5 7 9 12 13 15 17 18 21 23 24 25 26 27 28 31 32 34 35 36 38 39 40 42 43 44 45 46 48 49 0
3 4 8 10 12 14 16 18 19 20 21 22 24 26 27 29 32 33 34 35 38 40 42 43 44 45 46 49 0
5 7 8 11 13 15 18 19 22 25 30 31 32 33 34 35 36 40 41 42 43 46 49 0
5 20 21 22 23 25 26 27 29 31 39 44 45 48 0

72
2 3 4 5 6 8 9 10 11 12 13 14 15 16 17 18 19 20 21 22 23 24 25 26 27 28 29 30 31 32 34 35 36 37 38 39 40 41 42 43 44 46 47 48 50 0
1 3 5 8 9 10 11 12 14 15 19 20 22 23 24 25 27 29 30 31 32 36 37 38 39 40 41 42 43 44 45 46 47 48 49 0
2 3 4 5 7 9 10 12 13 14 15 17 21 23 24 25 26 28 30 31 34 35 36 37 38 39 40 41 42 43 44 45 46 47 48 49 50 0
3 4 5 8 10 12 13 14 16 18 19 20 21 22 24 26 27 29 30 32 33 34 35 38 40 42 43 44 45 46 49 0
5 7 8 11 13 15 18 19 22 24 25 30 31 33 34 35 36 40 41 42 43 46 49 0
4 5 20 21 22 23 25 26 27 29 31 39 44 45 48 0

73
1 2 3 5 6 7 8 9 10 11 12 13 14 15 16 17 18 19 20 21 23 24 25 26 27 29 30 31 34 35 36 37 38 39 40 41 42 43 44 45 49 50 0
2 3 5 9 10 11 12 13 16 18 19 20 22 24 25 26 27 29 30 32 33 36 38 39 40 41 42 43 44 45 46 47 49 0
2 3 4 5 6 7 9 12 13 17 19 21 22 23 24 25 26 28 31 34 35 36 38 39 42 43 44 45 46 48 49 50 0
3 4 8 10 12 14 16 20 21 22 24 26 27 29 32 33 34 35 38 40 42 43 44 45 46 49 0
1 5 7 8 11 13 14 15 17 18 19 21 22 25 30 31 32 33 34 35 36 40 41 42 43 46 49 0
5 20 21 22 23 25 26 27 29 31 39 44 45 48 0

74
2 3 4 5 6 8 9 10 11 12 13 14 15 16 17 18 19 20 22 23 24 25 26 27 28 29 30 31 32 33 34 36 37 38 39 40 42 43 44 45 46 47 48 49 50 0
1 2 4 5 8 9 10 11 12 14 15 20 22 23 24 25 27 30 31 32 33 36 38 39 40 41 42 43 44 45 46 47 48 49 0
2 3 4 5 7 9 10 12 13 14 15 17 21 23 24 25 26 28 30 31 34 36 37 38 39 42 43 44 45 46 47 48 49 50 0
3 4 8 10 12 13 14 16 18 20 21 22 24 26 27 29 30 32 33 34 35 38 40 42 43 45 46 49 0
5 7 8 11 13 15 18 19 22 24 25 30 31 33 34 35 36 40 41 42 46 49 0
4 5 20 21 22 23 25 26 27 29 31 39 44 45 48 0

75
2 3 4 5 6 7 8 9 10 11 12 13 15 16 17 18 19 20 21 25 26 27 29 31 32 33 34 35 36 37 38 39 40 41 42 43 44 45 48 49 50 0
1 2 3 4 5 8 9 10 11 12 14 15 17 19 20 21 22 23 24 25 26 27 29 30 31 32 33 34 35 36 37 38 39 40 41 42 43 44 45 46 47 48 49 0
2 3 4 7 10 11 12 13 14 15 17 21 23 25 26 28 30 31 32 33 34 36 37 38 39 41 42 44 45 46 47 48 49 50 0
1 3 4 7 8 9 10 12 13 14 16 17 20 21 22 23 24 26 27 29 30 31 32 33 34 35 37 38 39 40 41 42 43 45 46 47 48 49 0
5 7 8 11 13 15 18 19 22 24 25 30 31 33 34 35 36 40 41 42 46 49 0
4 5 20 21 22 23 25 26 27 29 31 39 44 45 48 0

76
2 3 4 5 7 8 10 11 12 13 14 15 16 17 18 19 20 21 22 24 25 26 27 28 29 30 31 32 33 34 35 36 37 39 40 41 42 43 46 47 50 0
1 3 9 10 11 12 13 15 20 21 22 23 24 25 27 29 30 31 32 35 36 37 38 39 40 42 43 44 45 46 47 48 49 0
2 3 4 5 10 12 13 14 15 17 21 23 24 25 26 27 28 30 31 34 35 36 37 38 39 40 42 43 44 45 46 48 49 0
3 4 5 8 10 12 14 16 18 19 20 21 22 24 26 27 29 32 33 34 35 38 40 42 43 44 45 46 49 0
5 7 8 11 13 15 18 19 22 24 25 30 31 33 34 35 36 40 41 42 43 46 49 0
4 5 20 21 22 23 25 26 27 29 31 39 44 45 48 0

77
1 2 3 5 7 8 9 10 11 12 13 15 16 17 18 19 20 21 23 24 25 26 27 29 30 31 32 33 34 35 36 37 38 39 40 41 42 43 45 47 48 49 50 0
2 3 5 6 7 8 9 10 11 12 13 16 18 20 22 23 24 25 26 27 29 30 31 32 35 36 38 39 40 41 42 43 44 45 46 47 49 0
1 2 3 4 5 6 7 9 12 13 15 17 18 19 21 23 24 25 26 27 28 31 34 35 36 38 39 40 42 44 45 46 48 49 50 0
2 3 4 8 10 12 14 15 16 19 20 21 22 24 26 27 28 29 32 33 34 35 38 40 42 43 44 45 46 49 0
1 5 7 8 11 13 14 15 17 18 19 21 22 25 26 30 31 32 33 34 35 36 40 41 42 43 46 49 0
1 2 5 10 13 15 20 21 22 23 25 26 27 29 31 33 35 36 39 43 44 45 46 48 49 0

78
2 3 4 5 6 8 10 11 12 14 15 16 18 19 20 21 22 23 24 25 26 27 28 29 31 32 33 34 35 36 37 38 39 41 42 43 44 46 47 48 49 50 0
2 3 6 7 8 9 10 11 12 13 15 16 17 18 19 20 22 24 25 26 27 30 32 33 34 35 36 37 38 39 40 41 42 44 45 46 47 48 49 0
1 2 3 4 5 6 7 9 12 13 17 18 19 21 22 23 24 25 26 27 28 29 31 32 34 35 36 37 38 39 40 42 43 44 45 46 48 49 50 0
2 3 4 5 6 8 10 11 12 14 15 16 18 19 20 21 22 24 26 27 28 29 32 33 34 35 38 40 42 43 44 45 46 49 50 0
1 5 7 8 11 12 13 14 15 17 18 19 21 22 23 25 26 28 30 31 32 33 34 35 36 40 41 42 43 46 48 49 0
1 2 5 8 10 12 13 15 20 21 22 23 25 26 27 29 31 33 34 35 36 39 43 44 45 46 48 49 0

79
1 2 3 4 5 7 8 9 10 11 12 13 15 16 17 18 19 20 21 22 23 24 25 26 27 28 29 31 32 33 34 35 36 37 38 39 40 41 42 43 44 45 46 47 48 49 50 0
1 3 4 5 6 9 10 11 12 13 14 17 19 20 21 22 23 24 25 27 28 29 30 31 32 33 36 37 38 39 40 41 42 43 44 45 46 47 48 49 50 0
1 2 3 4 5 6 7 9 10 12 13 14 15 17 18 19 21 22 23 24 25 26 27 28 29 30 31 32 34 35 36 37 38 39 40 42 43 44 45 46 48 49 50 0
2 3 4 5 6 8 10 11 12 14 15 16 18 19 20 21 22 24 26 27 28 29 32 33 34 35 38 40 42 43 44 45 46 49 50 0
1 5 7 8 11 12 13 14 15 17 18 19 21 22 23 25 26 28 30 31 32 33 34 35 36 40 41 42 43 46 48 49 0
1 2 5 8 9 10 12 13 15 20 21 22 23 25 26 27 29 31 33 34 35 36 39 43 44 45 46 48 49 0

80
1 2 3 5 8 9 11 12 13 14 15 16 18 19 21 22 23 24 25 27 28 29 31 32 33 34 35 36 37 38 39 40 41 42 43 44 45 46 48 49 50 0
2 3 4 5 7 9 10 11 12 14 15 17 19 20 22 23 24 25 26 27 29 30 31 32 33 34 35 36 37 38 39 40 41 43 44 45 46 47 49 0
2 4 7 10 12 13 14 15 17 21 23 25 26 28 30 31 32 34 36 37 38 39 41 42 44 45 46 47 48 49 50 0
3 4 8 10 12 13 14 16 20 21 22 24 26 27 29 30 32 33 34 35 38 40 42 43 45 46 49 0
5 7 8 11 13 15 18 19 22 24 30 31 33 34 35 36 40 41 42 46 49 0
5 20 21 22 23 25 26 27 29 31 39 44 45 48 0

81
1 2 3 4 5 8 9 11 12 13 14 15 16 17 19 20 21 22 23 24 25 28 29 31 32 33 34 35 36 37 38 39 40 41 42 43 45 46 48 49 50 0
1 2 3 7 9 10 11 12 17 19 20 22 23 24 25 27 29 30 31 32 33 36 37 38 39 40 41 43 44 45 46 47 49 0
2 3 4 7 10 12 13 14 15 17 21 23 24 25 26 28 30 32 34 36 37 38 39 41 42 44 45 46 47 48 49 50 0
3 4 8 10 12 14 16 20 21 22 24 26 27 29 30 32 33 34 35 38 40 42 43 45 46 49 0
5 7 8 11 13 15 18 19 22 24 30 31 33 34 35 36 40 41 42 46 49 0
5 20 21 22 23 25 26 27 29 31 39 44 45 48 0

82
2 3 6 7 8 10 11 12 13 14 15 16 17 18 19 21 23 24 25 26 28 29 31 34 35 37 38 39 40 41 42 43 46 47 48 49 50 0
2 5 7 9 10 11 12 16 17 18 19 20 22 24 25 27 29 30 31 32 33 35 38 39 40 42 43 44 45 46 47 49 0
2 3 4 7 12 13 15 17 21 23 24 26 28 30 32 34 36 37 38 39 42 44 45 46 48 49 50 0
3 4 8 10 12 14 16 20 21 22 24 26 27 29 32 33 34 35 38 40 42 43 45 46 49 0
5 7 8 11 13 15 17 18 19 22 24 25 30 32 33 34 35 36 40 41 42 43 46 49 0
5 20 21 22 23 25 26 27 29 31 39 44 45 48 0

83
2 3 4 5 8 9 10 11 12 13 14 15 16 18 19 20 22 24 26 27 29 30 31 32 33 34 35 36 37 39 40 42 43 44 45 46 47 48 50 0
1 3 4 5 9 10 11 12 14 15 19 20 22 23 24 25 27 30 31 32 36 37 38 39 40 41 43 44 45 46 47 48 49 0
2 3 4 5 7 9 10 12 13 14 15 17 21 23 24 25 26 28 30 31 34 36 37 38 39 41 42 43 44 45 46 48 49 50 0
3 4 8 10 12 13 14 16 18 19 20 21 22 24 26 27 29 30 32 33 34 35 38 40 42 43 45 46 49 0
5 7 8 11 13 15 18 19 22 24 25 30 31 33 34 35 36 40 41 42 43 46 49 0
4 5 20 21 22 23 25 26 27 29 31 39 44 45 48 0

84
2 3 4 6 8 10 11 12 13 14 15 18 19 20 21 22 23 24 25 26 27 29 30 31 33 34 35 37 39 43 46 47 49 50 0
4 5 9 10 11 12 15 20 21 22 23 24 25 27 28 29 30 31 32 33 36 38 39 40 42 43 44 45 46 47 49 50 0
2 3 4 10 12 13 14 15 17 21 23 24 25 26 28 30 33 34 36 37 38 39 42 43 44 46 48 49 50 0
3 4 8 10 12 13 14 16 20 21 22 24 26 27 29 32 33 34 35 38 40 42 43 45 46 49 0
5 7 8 11 13 15 18 19 22 24 25 30 31 33 34 35 36 40 41 42 46 49 0
4 5 20 21 22 23 25 26 27 29 31 39 44 45 48 0

85
2 3 4 5 6 7 8 9 10 11 12 13 14 15 16 17 19 20 21 22 23 24 25 26 28 29 30 31 32 33 34 35 36 37 38 39 40 41 42 43 46 47 48 50 0
1 3 4 5 7 9 10 11 12 14 15 17 20 22 23 24 25 27 28 29 30 31 32 36 37 38 39 40 41 42 43 44 45 46 47 48 49 0
2 3 4 5 7 10 11 12 13 14 15 17 21 23 24 25 26 28 30 31 34 35 36 37 38 39 40 41 42 43 44 45 46 47 48 49 50 0
3 4 8 10 12 13 14 16 18 19 20 21 22 24 26 27 29 30 32 33 34 35 38 40 41 42 43 44 45 46 49 0
5 7 8 11 13 15 18 19 22 24 25 30 31 33 34 35 36 40 41 42 43 46 49 0
4 5 20 21 22 23 25 26 27 29 31 39 44 45 48 0

86
2 3 4 5 6 7 8 9 10 11 12 13 14 15 16 18 19 20 21 22 23 24 25 26 27 29 31 32 33 34 35 36 37 38 39 40 42 43 44 45 46 48 49 50 0
2 3 4 5 7 9 10 11 12 14 15 17 19 20 22 23 24 25 27 29 30 31 32 33 34 35 36 37 38 39 40 41 42 43 44 45 46 47 48 49 0
2 3 4 5 7 9 10 12 13 14 17 21 23 24 25 26 28 30 31 32 34 36 37 38 39 41 42 43 44 45 46 47 48 49 50 0
3 4 8 10 12 13 14 16 20 21 22 24 26 27 29 30 32 33 34 35 38 40 42 43 45 46 49 0
5 7 8 11 13 15 18 19 22 24 25 30 31 33 34 35 36 40 41 42 46 49 0
5 20 21 22 23 25 26 27 29 31 39 44 45 48 0

88
1 2 4 5 7 8 11 12 13 15 16 17 18 20 21 23 24 25 26 27 28 29 31 32 33 34 35 36 37 38 39 40 41 42 43 45 47 49 50 0
1 3 8 9 10 11 12 13 19 20 22 23 24 25 26 27 30 32 36 37 38 39 40 41 42 43 44 45 46 47 49 0
2 4 7 12 13 15 17 21 23 25 26 28 31 34 36 38 39 42 44 45 46 48 49 50 0
3 4 8 10 12 14 16 20 21 22 24 26 27 29 32 33 34 35 38 40 42 43 45 46 49 0
5 7 8 11 13 15 18 19 22 30 31 33 34 35 36 40 41 42 46 49 0
5 20 21 22 23 25 26 27 29 31 39 44 45 48 0

89
1 2 3 4 5 7 8 9 10 11 12 13 14 15 16 17 18 19 20 21 22 23 24 25 26 27 29 31 32 33 34 35 36 37 38 39 40 41 42 43 44 45 46 47 48 50 0
1 3 7 9 10 11 12 15 17 19 20 22 23 24 25 27 29 30 31 32 33 36 38 39 40 41 43 44 45 46 47 49 0
2 4 7 10 12 13 15 17 21 23 25 26 28 31 34 36 37 38 39 42 44 45 46 48 49 0
3 4 8 10 12 14 16 20 21 22 24 26 27 29 32 33 34 35 38 40 42 43 45 46 49 0
5 7 8 11 13 15 18 19 22 24 30 31 33 34 35 36 40 41 42 46 49 0
5 20 21 22 23 25 26 27 29 31 39 44 45 48 0

90
2 3 4 6 8 10 11 12 13 14 15 16 17 18 19 20 21 22 23 24 25 26 27 28 29 30 31 33 34 35 37 39 41 43 44 46 47 49 0
4 5 9 10 11 12 15 16 20 22 23 24 25 27 28 29 30 31 32 33 38 39 40 43 44 45 46 47 48 50 0
2 3 4 12 13 15 17 21 23 24 25 26 28 30 34 36 37 38 39 42 43 44 46 48 49 50 0
3 4 8 10 12 14 16 20 21 22 24 26 27 29 32 33 34 35 38 40 42 43 45 46 49 0
5 7 8 11 13 15 18 19 22 24 25 30 31 33 34 35 36 40 41 42 46 49 0
4 5 20 21 22 23 25 26 27 29 31 39 44 45 48 0

91
1 2 3 4 5 6 7 8 9 11 12 13 14 15 16 17 18 19 20 21 22 23 24 26 27 29 31 32 33 34 35 36 37 38 39 40 41 42 43 45 46 48 49 50 0
1 3 9 10 11 12 19 20 21 22 23 24 25 27 29 30 32 36 37 38 39 40 43 44 45 46 47 49 0
2 4 7 12 13 15 17 21 23 25 26 31 32 34 36 38 39 42 44 45 46 48 49 0
3 4 8 10 12 14 16 20 21 22 24 26 27 29 32 33 34 35 38 40 42 43 45 46 49 0
5 7 8 11 13 15 18 19 22 30 31 33 34 35 36 40 41 42 46 49 0
5 20 21 22 23 25 26 27 29 31 39 44 45 48 0

92
1 2 3 5 6 7 8 11 12 13 14 15 17 20 24 25 26 27 29 30 31 33 34 35 36 37 39 41 42 43 45 47 49 50 0
1 3 4 5 6 8 9 10 11 12 13 16 17 18 20 22 24 25 26 27 30 32 33 34 35 36 38 39 40 42 44 45 46 47 49 50 0
1 2 3 4 5 6 8 9 12 13 15 17 18 19 21 22 23 24 25 26 27 28 29 31 32 34 35 36 38 39 40 42 44 45 46 48 49 50 0
2 3 4 5 6 8 10 11 12 14 15 16 18 19 20 21 22 24 26 27 28 29 32 33 34 35 38 39 40 42 43 44 45 46 49 50 0
1 5 7 8 11 12 13 14 15 17 18 19 21 22 23 25 26 28 30 31 32 33 34 35 36 40 41 42 43 46 48 49 0
1 2 5 8 9 10 12 13 15 20 21 22 23 25 26 27 29 31 33 34 35 36 39 43 44 45 46 48 49 0

93
1 2 3 4 5 6 8 10 11 12 13 14 15 16 17 19 20 21 22 23 24 25 26 27 28 29 30 31 32 33 34 36 37 38 39 41 42 43 45 46 47 48 49 50 0
1 3 5 8 9 10 11 12 14 20 22 23 24 25 27 30 31 32 36 37 38 39 40 41 43 44 45 46 47 48 49 0
2 3 4 7 9 10 12 13 14 15 17 21 23 24 25 26 28 30 31 34 35 36 37 38 39 42 43 44 45 46 48 49 50 0
3 4 8 10 12 14 16 18 20 21 22 24 26 27 29 32 33 34 35 38 40 42 43 45 46 49 0
5 7 8 11 13 15 18 19 22 24 25 30 31 33 34 35 36 40 41 42 46 49 0
5 20 21 22 23 25 26 27 29 31 39 44 45 48 0

94
2 3 4 5 6 8 9 11 12 13 14 15 16 17 20 22 23 24 26 27 29 31 32 33 34 35 36 37 38 39 40 41 42 43 45 46 49 50 0
1 3 9 10 11 12 19 20 21 22 23 24 25 26 27 30 31 32 33 36 37 38 39 40 41 43 44 45 46 47 49 0
2 4 7 12 13 15 17 21 23 24 25 26 28 31 32 34 36 38 39 42 44 45 46 48 49 50 0
3 4 8 10 12 14 16 20 21 22 24 26 27 29 32 33 34 35 38 40 42 43 45 46 49 0
5 7 8 11 13 15 18 19 22 30 31 33 34 35 36 40 41 42 46 49 0
5 20 21 22 23 25 26 27 29 31 39 44 45 48 0

95
2 3 5 6 7 8 9 10 11 12 13 14 15 16 17 18 19 20 22 23 24 25 26 27 28 29 30 31 32 33 34 35 36 37 38 39 40 41 42 43 47 48 49 50 0
1 3 4 5 9 10 11 12 14 15 19 20 21 22 23 24 25 27 28 30 31 32 33 36 37 38 39 40 41 42 43 44 45 46 47 48 49 0
2 3 4 5 7 9 10 12 13 14 15 17 21 23 24 25 26 28 30 31 34 35 36 37 38 39 41 42 43 44 45 46 47 48 49 50 0
3 4 5 8 10 12 13 14 16 18 19 20 21 22 24 26 27 29 30 32 33 34 35 38 40 42 43 44 45 46 49 0
5 7 8 11 13 15 18 19 22 24 25 30 31 33 34 35 36 40 41 42 46 49 0
4 5 20 21 22 23 25 26 27 29 31 39 44 45 48 0

96
1 2 3 4 5 8 9 11 12 13 14 15 16 17 19 20 21 22 23 24 25 28 29 31 32 33 34 35 36 37 38 39 40 41 42 43 45 46 48 49 50 0
1 2 3 7 9 10 11 12 17 19 20 22 23 24 25 27 29 30 31 32 33 36 37 38 39 40 41 43 44 45 46 47 49 0
2 3 4 7 10 12 13 14 15 17 21 23 24 25 26 28 30 32 34 36 37 38 39 41 42 44 45 46 47 48 49 50 0
3 4 8 10 12 14 16 20 21 22 24 26 27 29 30 32 33 34 35 38 40 42 43 45 46 49 0
5 7 8 11 13 15 18 19 22 24 30 31 33 34 35 36 40 41 42 46 49 0
5 20 21 22 23 25 26 27 29 31 39 44 45 48 0

97
1 2 3 4 5 8 9 11 12 13 15 16 17 18 19 20 21 22 23 24 25 26 27 29 31 32 33 34 35 36 37 38 39 40 41 42 43 44 45 46 47 48 49 50 0
1 3 9 10 11 12 14 15 19 20 22 23 24 25 27 29 30 31 32 33 36 37 38 39 40 41 43 44 45 46 47 49 0
2 3 4 7 10 12 13 14 15 17 21 23 24 25 26 28 30 31 32 34 36 37 38 39 42 44 45 46 48 49 0
3 4 8 10 12 14 16 20 21 22 24 26 27 29 30 32 33 34 35 38 40 42 43 45 46 49 0
5 7 8 11 13 15 18 19 22 24 30 31 33 34 35 36 40 41 42 46 49 0
5 20 21 22 23 25 26 27 29 31 39 44 45 48 0

98
1 2 3 4 5 7 8 9 10 11 12 13 14 15 16 18 19 20 21 22 24 25 26 27 28 29 31 32 33 34 35 36 37 38 39 40 41 42 43 44 45 46 48 49 50 0
2 3 4 5 7 9 10 11 12 14 15 17 19 20 22 23 24 25 26 27 28 29 30 31 32 33 34 36 37 38 39 40 41 43 44 45 46 47 48 49 0
2 3 4 7 8 10 11 12 13 14 15 16 17 20 21 23 25 26 28 30 31 32 33 34 36 37 38 39 41 42 44 45 46 47 48 49 50 0
1 3 4 7 8 9 10 12 13 14 16 17 20 21 22 23 24 25 26 27 29 30 31 32 33 34 35 37 38 39 40 41 42 43 45 46 47 48 49 0
5 7 8 11 13 15 18 19 22 24 30 31 33 34 35 36 40 41 42 46 49 0
4 5 20 21 22 23 25 26 27 29 31 39 44 45 48 0

99
2 3 4 5 6 7 8 10 11 12 13 14 15 16 17 19 20 21 22 24 25 26 27 28 29 30 31 32 33 34 35 36 37 38 39 40 41 42 43 45 46 47 48 50 0
1 3 9 10 11 12 13 16 20 22 23 24 25 27 29 30 31 32 35 36 37 38 39 40 42 43 44 45 46 47 48 49 0
2 3 4 5 7 10 12 13 15 17 21 23 24 25 26 27 28 30 31 34 35 36 37 38 39 40 42 43 44 45 46 48 49 0
3 4 8 10 12 14 16 18 19 20 21 22 24 26 27 29 32 33 34 35 38 40 42 43 44 45 46 49 0
5 7 8 11 13 15 17 18 19 22 24 25 30 31 32 33 34 35 36 40 41 42 43 46 49 0
5 20 21 22 23 25 26 27 29 31 39 44 45 48 0

100
1 2 3 4 5 6 7 8 9 10 11 12 13 14 15 17 18 21 22 23 24 25 26 27 28 29 30 31 32 33 34 35 37 38 39 40 41 42 43 44 45 46 48 0
2 3 9 10 11 12 13 16 18 20 22 24 25 26 27 30 32 34 35 38 40 43 44 45 46 47 48 49 0
2 3 4 6 8 12 13 15 17 19 21 22 23 24 26 28 31 32 34 36 38 39 42 44 45 46 48 49 50 0
3 4 8 10 12 14 16 17 20 21 22 24 26 27 28 29 32 33 34 35 38 39 40 42 43 44 45 46 49 0
1 5 7 8 11 12 13 14 15 17 18 19 21 22 25 26 30 32 33 34 35 36 40 41 42 43 46 48 49 0
1 2 5 10 12 13 15 20 21 22 23 25 26 27 29 31 33 34 35 36 39 43 44 45 46 48 49 0

