1
1 3 4 5 6 7 8 9 10 12 13 14 15 16 17 18 19 20 21 22 23 24 25 26 27 29 31 33 34 35 36 37 38 39 42 43 47 48 49 0
1 3 4 5 6 7 8 9 11 12 13 14 16 17 18 21 25 26 28 30 32 33 35 37 38 39 40 45 46 47 48 0
2 3 6 9 11 14 16 22 23 24 29 31 32 33 36 38 39 40 41 44 49 50 0
1 12 16 21 25 26 30 31 34 35 36 40 43 45 47 48 49 50 0

2
1 3 5 6 7 8 9 10 11 12 13 14 15 17 18 19 20 21 23 24 25 26 27 29 30 31 33 35 36 37 38 39 40 41 42 44 45 46 48 49 50 0
1 2 3 4 5 6 7 8 9 10 11 12 13 14 16 18 19 20 21 25 26 27 28 30 32 33 34 35 36 37 39 40 41 42 43 44 45 46 47 48 50 0
1 3 4 5 6 9 12 13 14 16 17 20 22 23 24 26 28 29 31 33 35 36 37 38 39 40 44 49 50 0
1 12 16 21 25 26 30 31 34 35 36 40 43 45 47 48 49 50 0

3
2 3 5 6 7 8 10 11 12 13 15 16 17 18 19 20 21 22 23 24 25 26 27 28 29 30 31 32 33 34 35 36 37 38 39 40 41 42 43 44 46 47 48 50 0
1 2 3 6 7 8 9 10 11 12 14 15 16 18 20 21 23 25 27 28 30 31 32 33 35 37 39 40 41 42 43 44 45 46 47 49 50 0
2 6 9 11 14 19 21 22 23 24 31 32 33 36 38 39 41 44 45 47 49 50 0
1 12 16 21 25 26 30 31 34 35 36 40 43 45 47 48 49 50 0

4
1 2 3 4 5 6 7 9 10 11 12 13 14 15 17 18 19 20 21 23 24 25 26 27 28 30 32 33 34 35 37 39 40 41 42 43 44 47 48 49 50 0
1 2 3 4 5 6 7 8 9 11 14 15 16 17 18 19 21 25 28 30 32 33 35 37 38 39 40 41 42 45 46 47 0
6 9 11 14 16 22 23 24 31 32 33 36 38 39 41 44 49 50 0
1 12 16 21 25 26 30 31 34 35 36 40 43 45 47 48 49 50 0

5
2 3 5 6 7 9 10 11 12 13 15 16 17 19 20 21 22 23 24 25 26 27 28 29 30 31 32 35 36 37 38 39 41 43 44 45 47 48 49 50 0
1 2 3 7 8 9 10 11 14 16 18 20 21 25 28 30 32 33 35 37 39 40 41 42 43 44 45 46 47 50 0
2 6 9 11 14 19 21 22 23 24 31 32 33 36 38 39 41 44 45 47 48 50 0
1 12 16 21 25 26 30 31 34 35 36 40 43 45 47 48 49 50 0

6
1 2 3 4 5 6 7 8 10 11 12 13 14 15 16 17 19 20 21 22 23 24 25 26 27 29 30 31 32 33 34 35 36 37 38 39 40 41 42 44 45 46 48 0
1 2 3 4 5 6 7 8 9 10 11 12 14 16 17 18 20 21 23 24 25 26 28 30 32 33 35 37 39 40 41 42 43 44 45 46 47 48 49 50 0
2 3 6 9 11 12 14 16 19 20 21 22 23 24 29 31 32 33 36 38 39 40 41 42 43 44 45 46 47 48 49 50 0
1 7 9 11 12 14 16 20 21 22 23 24 25 26 27 30 31 33 34 35 36 37 40 41 42 43 44 45 47 48 49 50 0

7
3 4 5 6 7 9 10 11 12 13 14 15 16 18 19 20 21 22 23 24 25 26 27 29 30 32 33 34 35 36 37 38 39 40 41 42 43 44 45 46 47 48 50 0
1 2 3 7 8 9 11 13 14 15 16 18 21 25 26 27 28 30 32 33 35 37 38 39 40 41 42 44 45 46 47 48 49 50 0
2 6 9 11 14 18 19 21 22 23 24 25 27 30 31 32 33 36 38 39 41 42 43 44 45 46 47 48 49 50 0
1 7 9 11 12 14 16 20 21 22 23 24 25 26 27 30 31 33 34 35 36 37 40 41 42 43 44 45 47 48 49 50 0

9
1 2 3 4 5 6 7 9 10 12 13 14 16 17 18 19 20 21 22 23 24 25 26 27 28 29 30 31 32 34 35 36 37 38 39 40 41 42 43 44 46 47 48 50 0
1 2 3 5 7 8 9 11 12 13 14 16 17 18 20 21 22 23 24 25 26 28 30 32 33 35 37 38 39 41 42 43 45 46 47 48 49 50 0
2 6 9 11 14 18 19 21 22 23 24 25 27 30 31 32 33 36 38 39 41 42 43 44 45 46 47 48 49 50 0
1 7 12 14 16 21 22 23 25 26 30 31 34 35 36 40 43 44 45 47 48 49 50 0

10
1 3 4 6 7 8 10 11 12 13 14 15 16 17 18 19 20 21 22 23 25 27 29 30 31 33 34 36 37 38 40 42 43 45 48 50 0
1 2 3 7 8 9 10 11 12 13 14 16 18 20 21 23 24 25 26 27 28 29 30 31 32 33 35 37 38 39 40 42 43 44 45 46 47 49 50 0
2 6 9 11 14 18 19 21 22 23 24 25 27 30 31 32 33 36 38 39 41 42 43 44 45 46 47 48 49 50 0
1 7 12 14 16 21 22 25 26 30 31 34 35 36 40 43 45 47 48 49 50 0

11
1 2 3 4 5 6 7 8 9 10 11 12 14 15 16 18 19 20 21 22 23 24 25 26 27 29 30 32 34 36 38 39 40 41 42 43 44 46 47 48 0
1 2 3 7 8 9 11 12 13 14 16 18 20 21 23 24 25 26 28 30 31 32 33 35 37 38 40 41 42 43 44 45 46 47 48 49 50 0
2 6 9 11 14 19 21 22 23 24 31 32 33 36 38 39 41 42 43 44 45 47 48 49 50 0
1 12 14 16 21 25 26 30 31 34 35 36 40 43 45 47 48 49 50 0

12
1 3 4 6 7 8 9 10 11 13 14 15 16 17 18 19 20 21 22 23 25 27 29 30 32 33 34 36 37 40 42 43 44 46 47 48 49 50 0
1 2 3 7 8 9 10 11 12 13 14 16 18 20 21 23 25 26 27 28 29 30 31 32 33 35 37 38 39 40 42 43 44 46 47 49 50 0
2 6 9 11 14 18 19 21 22 23 24 25 27 30 31 32 33 36 38 39 40 41 42 43 44 45 46 47 48 49 50 0
1 7 9 11 12 14 16 20 21 22 23 24 25 26 27 30 31 33 34 35 36 37 40 41 42 43 44 45 47 48 49 50 0

13
1 2 3 4 5 6 7 8 9 10 11 12 15 16 17 18 19 20 21 22 23 24 25 26 27 29 30 31 32 33 34 35 36 38 40 42 43 44 45 47 48 49 50 0
1 2 3 4 5 6 7 8 9 10 11 12 14 16 17 18 20 21 23 24 25 28 30 32 33 35 37 40 41 42 43 44 45 46 47 48 49 50 0
2 6 9 11 14 16 19 21 22 23 24 31 32 33 36 38 39 41 44 45 47 48 49 50 0
1 12 16 21 25 26 30 31 34 35 36 40 43 45 47 48 49 50 0

14
1 2 3 4 5 6 7 8 9 10 11 13 14 15 16 18 19 20 21 22 23 24 25 26 27 28 29 30 33 34 35 36 37 39 40 42 44 45 46 47 48 49 0
1 2 3 4 5 6 7 8 9 10 11 12 13 14 15 16 17 18 21 24 25 26 27 28 29 30 32 33 34 35 37 38 39 40 41 42 43 44 45 46 47 49 0
1 2 3 4 6 7 8 9 10 11 12 14 15 16 17 20 21 22 23 24 28 29 31 32 33 35 36 37 38 39 40 41 44 45 49 50 0
1 12 15 16 21 25 26 30 31 32 34 35 36 40 43 45 46 47 48 49 50 0

15
1 2 3 5 6 7 10 11 12 14 15 16 17 18 19 20 21 22 23 24 25 26 27 28 30 31 32 33 34 35 37 38 39 41 44 45 46 47 48 49 50 0
2 3 4 5 6 8 9 11 14 16 17 18 19 22 25 26 28 30 31 32 33 35 36 37 38 41 42 45 46 47 49 0
3 4 5 6 8 9 10 12 13 14 15 16 20 22 23 24 26 28 29 31 33 34 35 36 37 38 39 40 44 49 50 0
1 3 4 12 16 21 25 26 30 31 32 34 35 36 38 40 43 45 47 48 49 50 0

16
1 2 3 4 5 6 7 8 9 10 11 12 13 14 15 16 17 19 20 21 22 23 24 25 27 29 30 31 32 33 34 35 36 37 38 39 40 41 42 43 44 45 47 48 50 0
1 2 3 4 5 6 7 8 9 10 11 12 14 16 17 18 20 21 23 25 27 28 30 32 33 35 37 39 40 42 43 44 45 46 47 49 50 0
2 6 9 11 14 16 21 22 23 24 31 32 33 36 38 39 41 44 45 47 49 50 0
1 12 16 21 25 26 30 31 34 35 36 40 43 45 47 48 49 50 0

17
1 2 3 5 6 7 8 10 11 12 13 14 15 17 19 20 21 23 24 25 26 27 28 30 31 32 33 34 35 37 38 39 40 41 44 45 46 47 48 49 50 0
3 4 5 6 8 9 11 14 15 16 17 18 19 22 25 26 28 30 32 33 35 36 37 39 41 42 45 46 47 49 0
3 4 5 6 8 9 10 12 13 14 16 20 22 23 24 26 28 29 31 33 34 35 36 37 38 39 40 44 49 50 0
1 12 16 21 25 26 30 31 34 35 36 40 43 45 47 48 49 50 0

18
1 2 3 4 5 6 7 8 9 10 11 12 15 16 18 20 21 22 23 24 25 26 27 28 30 31 32 33 34 36 38 40 43 44 45 47 48 49 50 0
1 2 3 4 5 6 7 8 9 10 11 14 16 17 18 24 25 28 29 30 32 33 34 35 37 38 39 40 41 45 46 47 48 49 50 0
1 3 4 5 6 7 8 9 10 12 13 14 15 16 17 20 22 23 24 26 28 29 31 32 33 34 35 36 37 38 39 40 41 44 49 50 0
1 3 4 5 6 8 12 15 16 17 19 21 25 26 28 29 30 31 32 34 35 36 38 39 40 43 45 46 47 48 49 50 0

19
1 2 3 4 5 6 7 8 9 10 11 12 13 14 15 16 17 18 19 20 21 22 23 24 26 27 28 30 31 32 33 34 35 36 37 39 40 41 42 43 44 46 47 48 49 50 0
1 2 3 4 5 6 7 8 9 10 11 12 13 14 16 17 18 20 21 22 23 24 25 26 27 28 29 30 32 33 34 35 36 37 38 39 40 41 42 43 45 46 47 48 49 50 0
2 3 4 6 9 11 14 16 20 21 22 23 24 29 31 32 33 36 38 39 40 41 44 49 50 0
1 12 16 21 25 26 30 31 34 35 36 40 43 45 47 48 49 50 0

20
1 3 4 5 6 7 8 9 10 11 12 13 14 15 16 17 18 19 20 21 23 24 25 26 27 29 31 33 34 35 36 37 39 40 41 42 43 47 48 49 50 0
1 2 3 5 7 8 9 11 13 14 16 18 21 25 26 28 30 32 33 35 37 38 39 40 45 46 47 48 49 0
2 6 9 11 14 16 21 22 23 24 31 32 33 36 38 39 40 41 44 49 50 0
1 12 16 21 25 26 30 31 34 35 36 40 43 45 47 48 49 50 0

21
1 3 5 6 7 8 9 10 11 12 13 14 15 17 18 19 20 21 23 24 25 26 27 29 30 31 33 34 35 36 37 38 40 41 42 44 45 46 48 49 50 0
1 2 3 4 5 6 7 8 9 10 11 12 13 14 16 18 19 20 21 25 26 27 28 30 32 33 34 35 36 37 39 40 41 42 43 44 45 46 47 48 50 0
1 3 4 6 7 9 12 13 14 16 20 22 23 24 26 28 29 31 33 35 36 37 38 39 40 44 49 50 0
1 12 16 21 25 26 30 31 34 35 36 40 43 45 47 48 49 50 0

22
1 2 3 4 6 7 8 9 10 11 12 13 15 16 17 18 19 20 21 22 23 24 25 26 27 28 29 30 31 32 33 35 36 37 39 40 41 42 43 44 46 47 48 49 0
1 2 3 5 6 7 8 9 11 12 13 14 16 18 19 20 21 25 26 28 30 32 33 34 35 37 38 39 43 44 45 46 47 48 49 50 0
2 6 9 11 14 16 19 21 22 23 24 25 27 30 31 32 33 36 38 39 40 41 42 44 45 47 49 50 0
1 12 16 21 25 26 30 31 34 35 36 40 43 45 47 48 49 50 0

23
1 2 3 4 5 6 7 9 10 11 12 13 14 16 18 19 20 21 22 23 24 25 26 27 29 30 31 32 33 34 36 37 38 40 41 43 44 45 46 47 48 49 50 0
1 2 3 4 5 6 7 8 9 11 14 16 17 18 21 23 25 27 28 30 32 33 35 37 38 40 45 46 47 48 49 50 0
1 3 4 5 6 7 8 9 10 12 14 15 16 17 20 22 23 24 26 28 29 31 33 34 35 36 37 38 39 40 44 49 50 0
1 4 5 12 15 16 17 21 25 26 30 31 32 34 35 36 38 40 43 45 46 47 48 49 50 0

24
1 2 3 5 6 7 8 9 10 11 12 14 15 16 17 19 20 21 22 23 24 25 26 27 30 31 32 34 35 36 37 38 39 40 41 43 44 47 48 50 0
2 3 5 6 7 8 9 10 11 15 16 18 20 21 24 25 28 30 32 33 34 35 37 41 42 44 45 46 47 48 49 50 0
2 6 9 11 14 19 21 22 23 24 31 32 33 36 38 39 41 44 45 47 49 50 0
1 12 16 21 25 26 30 31 34 35 36 40 43 45 47 48 49 50 0

25
1 2 3 4 5 6 7 8 9 11 12 13 14 15 17 19 20 21 22 23 24 25 26 27 30 31 32 33 34 35 36 37 38 39 40 41 43 44 45 46 47 48 50 0
1 2 3 4 5 6 7 8 9 10 11 12 14 16 18 19 21 25 27 28 30 32 33 35 36 37 39 40 41 42 44 45 46 47 49 50 0
3 6 9 14 16 20 22 23 24 31 33 36 38 39 40 41 44 49 50 0
1 12 16 21 25 26 30 31 34 35 36 40 43 45 47 48 49 50 0

26
1 2 3 4 5 6 7 8 9 10 11 12 14 15 17 18 19 20 21 22 23 24 25 26 27 28 30 31 32 33 34 35 37 38 40 41 43 44 45 46 47 48 49 50 0
1 2 3 4 5 6 7 8 9 10 11 13 14 15 16 17 18 19 21 22 25 26 28 29 30 32 33 35 36 37 38 39 40 41 42 43 45 46 47 48 50 0
2 3 4 5 6 7 8 9 10 12 13 14 15 16 17 20 21 22 23 24 26 28 29 31 32 33 34 35 36 37 38 39 40 41 44 49 50 0
1 2 3 4 5 6 8 10 12 13 15 16 17 18 19 21 25 26 28 29 30 31 32 34 35 36 38 39 40 43 45 46 47 48 49 50 0

27
1 2 3 4 5 6 7 8 9 10 11 12 13 14 16 17 19 20 21 23 24 25 27 29 30 31 33 34 35 36 37 38 40 41 42 44 45 46 47 48 49 50 0
1 2 3 4 5 6 7 8 9 10 11 12 14 15 16 18 19 20 21 23 25 26 27 28 29 30 31 32 33 34 35 36 37 39 40 41 42 43 44 45 46 47 48 49 50 0
1 2 3 5 6 9 12 13 14 15 16 20 22 23 24 26 28 29 31 33 34 35 36 37 38 39 40 41 44 49 50 0
1 4 12 16 21 25 26 30 31 34 35 36 40 43 45 46 47 48 49 50 0

28
1 2 3 4 5 6 7 8 9 10 11 13 14 15 16 17 18 19 20 21 22 23 24 25 26 27 29 30 31 32 33 34 35 36 37 38 39 40 42 43 44 46 47 48 50 0
1 2 3 5 6 7 8 9 10 11 12 13 14 15 16 17 18 20 21 23 25 26 27 28 30 31 32 33 34 35 37 38 39 40 41 42 43 44 45 46 47 48 49 50 0
2 6 9 11 14 18 19 21 22 23 24 25 27 30 31 32 33 36 38 39 40 41 42 43 44 45 46 47 48 49 50 0
1 7 9 11 12 14 16 20 21 22 23 24 25 26 27 30 31 33 34 35 36 37 40 41 42 43 44 45 47 48 49 50 0

29
1 2 3 4 5 6 7 8 9 10 11 12 13 14 15 16 17 18 19 20 21 22 23 24 25 26 27 28 29 30 31 32 33 35 36 37 38 39 40 42 43 44 45 46 47 48 49 0
1 2 3 5 6 7 8 9 11 12 13 14 15 16 17 18 20 21 24 25 27 28 29 30 31 32 33 35 37 38 39 40 41 42 43 44 45 46 48 50 0
2 6 9 11 14 18 19 21 22 23 24 25 27 30 31 32 33 36 38 39 40 41 42 43 44 45 46 47 48 49 50 0
1 12 14 16 21 25 26 30 31 34 35 36 40 43 45 47 48 49 50 0

30
1 2 3 4 5 6 7 10 11 12 14 15 16 17 19 20 21 22 23 24 25 26 27 28 29 30 32 34 37 38 39 43 44 45 47 48 50 0
2 3 4 5 6 9 10 11 14 15 16 17 18 19 25 28 30 32 33 34 35 36 37 40 41 42 45 46 47 48 50 0
2 3 6 9 11 14 16 19 21 22 23 24 31 32 33 36 38 39 41 44 45 47 48 49 50 0
1 12 14 16 21 25 26 30 31 34 35 36 40 43 45 47 48 49 50 0

31
1 2 3 4 5 6 7 8 10 11 12 13 14 15 16 17 18 19 20 21 22 23 24 25 26 27 28 29 30 31 32 33 34 35 36 37 39 40 41 42 43 44 46 47 48 49 50 0
1 2 3 4 5 6 7 9 10 11 12 13 14 16 17 18 20 21 22 24 25 26 27 28 29 30 32 33 34 35 36 37 38 39 40 42 45 46 47 48 49 50 0
1 2 3 4 5 6 7 8 9 10 11 12 13 14 15 16 17 20 22 23 24 26 28 29 31 32 33 34 35 36 37 38 39 40 41 44 49 50 0
1 2 3 4 5 6 8 10 12 13 15 16 17 18 19 21 25 26 28 29 30 31 32 34 35 36 38 39 40 43 45 46 47 48 49 50 0

32
1 2 3 5 6 7 8 9 10 11 12 13 14 16 18 19 20 21 22 23 24 25 26 27 28 29 30 31 33 34 35 36 37 38 39 42 44 47 48 49 50 0
1 2 3 4 5 6 7 8 9 10 11 13 14 15 16 17 18 21 25 26 27 28 29 30 32 33 34 35 36 37 38 39 40 43 45 46 47 49 0
2 3 4 6 7 9 10 11 14 16 20 21 22 23 24 29 31 32 33 35 36 38 39 40 41 44 49 50 0
1 12 16 21 25 26 30 31 34 35 36 40 43 45 47 48 49 50 0

33
1 2 3 4 5 6 7 8 9 10 11 12 13 14 15 16 17 18 19 20 21 22 23 24 25 26 27 28 30 31 32 33 34 35 36 37 39 40 41 42 43 44 45 46 47 48 49 50 0
1 2 3 4 5 6 7 8 9 10 11 12 13 14 16 17 18 20 21 22 24 25 26 27 28 29 30 32 33 34 35 36 37 38 39 40 41 45 46 47 48 49 50 0
2 3 4 6 9 10 11 12 14 16 17 20 22 23 24 29 31 32 33 35 36 38 39 40 41 44 49 50 0
1 12 16 21 25 26 30 31 34 35 36 40 43 45 47 48 49 50 0

34
1 2 3 6 7 8 9 10 11 13 14 15 16 17 18 19 20 21 22 23 24 25 26 27 29 31 33 34 35 36 37 38 39 40 41 42 43 45 46 47 48 0
1 2 3 7 8 9 11 12 13 14 15 16 18 19 20 21 23 25 26 27 28 30 31 32 33 35 37 38 39 40 41 42 43 44 45 46 47 48 49 50 0
2 6 9 11 14 18 19 21 22 23 24 25 26 27 30 32 33 36 38 39 40 41 42 43 44 45 46 47 48 49 50 0
1 7 9 11 12 14 16 20 21 22 23 24 25 26 27 30 31 33 34 35 36 37 40 41 42 44 45 47 48 49 50 0

35
1 3 5 6 7 8 9 10 11 14 17 19 20 21 22 23 25 27 30 31 32 33 34 35 36 37 38 39 40 41 42 43 44 45 46 47 48 49 50 0
1 2 3 4 5 6 7 8 9 11 12 13 14 16 18 21 25 26 28 30 32 33 35 37 39 40 43 45 46 47 50 0
3 6 9 12 14 16 20 22 23 24 29 31 33 36 38 39 40 44 49 50 0
1 12 16 21 25 26 30 31 34 35 36 40 43 45 47 48 49 50 0

36
1 2 3 4 5 6 7 8 10 11 12 15 16 19 20 21 22 23 24 25 26 27 28 29 30 32 33 34 37 38 39 40 42 44 45 47 48 49 50 0
1 2 3 4 5 6 7 8 9 10 11 14 15 16 18 21 24 25 28 30 32 33 35 37 40 41 42 45 46 47 48 49 50 0
2 6 9 11 14 16 21 22 23 24 31 32 33 36 38 39 41 44 45 47 48 49 50 0
1 12 16 21 25 26 30 31 34 35 36 40 43 45 47 48 49 50 0

37
1 2 3 6 7 8 9 11 12 13 15 16 18 19 20 21 22 23 24 25 26 27 29 30 32 33 34 35 36 37 38 39 40 41 42 43 44 46 47 48 49 50 0
1 2 3 7 8 9 10 11 12 13 14 16 17 18 20 21 23 25 26 27 28 30 31 32 33 34 35 37 38 39 40 41 42 43 44 45 46 47 49 50 0
2 6 9 11 14 18 19 21 22 23 24 25 27 30 31 32 33 36 38 39 41 42 43 44 45 46 47 48 49 50 0
1 12 14 16 21 25 26 30 31 34 35 36 40 45 47 48 49 50 0

38
2 4 5 6 7 8 9 10 11 12 13 15 16 17 18 19 20 21 22 23 24 25 26 27 28 29 30 31 32 33 34 35 36 37 38 39 40 41 42 43 44 46 47 48 49 50 0
1 2 3 6 7 8 9 10 11 12 14 16 18 20 21 23 25 27 28 30 31 32 33 35 37 39 41 42 43 44 45 46 49 50 0
2 6 9 11 14 19 21 22 23 24 31 32 33 36 38 39 41 44 45 47 48 50 0
1 12 16 21 25 26 30 31 34 35 36 40 43 45 47 48 49 50 0

39
1 2 3 4 5 6 7 8 9 10 11 12 13 14 15 16 17 18 19 20 21 22 23 24 25 26 27 28 29 30 31 32 33 34 35 36 37 38 39 40 41 42 44 45 46 47 48 49 50 0
1 2 3 4 5 6 7 8 9 11 12 13 14 15 16 17 18 20 21 23 25 26 27 28 30 31 32 33 35 37 38 39 40 41 42 43 44 45 46 47 49 50 0
2 3 6 9 11 12 14 16 18 19 20 21 22 23 24 25 27 29 30 31 32 33 36 38 39 40 41 42 43 44 45 46 47 48 49 50 0
1 7 9 11 12 14 16 20 21 22 23 24 25 26 27 30 31 33 34 35 36 37 40 41 42 43 44 45 47 48 49 50 0

40
1 2 3 4 5 6 7 8 9 10 11 12 13 15 16 17 18 19 20 21 22 23 24 25 26 27 29 30 32 34 35 36 37 38 39 42 44 45 46 47 48 50 0
1 2 3 5 6 7 8 9 11 14 15 16 17 18 21 25 26 27 28 30 31 32 33 34 35 37 38 39 40 41 42 44 45 46 47 50 0
2 6 9 11 14 18 19 21 22 23 24 31 32 33 36 38 39 41 43 44 45 47 48 49 50 0
1 12 14 16 21 22 23 25 26 30 31 34 35 36 40 43 45 47 48 49 50 0

41
2 3 4 5 6 7 8 10 11 12 13 14 15 16 17 19 20 21 22 23 24 25 26 27 28 30 31 32 34 35 36 37 38 39 40 41 42 43 44 46 47 48 49 50 0
1 2 3 6 7 8 9 10 11 12 13 14 15 16 18 20 21 22 23 24 25 27 28 29 30 32 33 34 35 37 40 41 42 43 44 45 46 48 49 50 0
2 6 9 11 14 19 21 22 23 24 31 32 33 36 38 39 41 42 43 44 45 47 48 49 50 0
1 12 14 16 21 25 26 30 31 34 35 36 40 43 45 47 48 49 50 0

42
1 2 3 4 5 6 7 8 9 10 11 12 13 14 15 16 17 18 19 20 21 22 23 24 25 26 27 28 29 30 31 32 33 34 36 37 38 39 40 42 43 44 47 48 49 50 0
1 2 3 5 6 7 8 9 10 11 12 13 14 16 17 18 20 21 23 25 26 28 30 32 33 35 37 38 39 40 42 43 44 45 46 47 48 49 50 0
2 6 9 11 14 16 18 19 21 22 23 24 31 32 33 36 38 39 40 41 42 43 44 45 46 47 48 49 50 0
1 7 12 14 16 21 22 23 25 26 30 31 34 35 36 40 43 44 45 47 48 49 50 0

43
1 2 3 4 5 6 7 8 9 10 11 12 13 14 15 16 17 18 19 20 21 22 23 24 25 26 27 28 29 30 32 33 34 35 36 37 38 39 41 42 43 44 46 47 48 50 0
1 2 3 7 8 9 10 11 12 13 14 16 18 20 21 25 26 27 28 30 31 32 33 34 35 37 38 39 40 41 42 43 44 45 46 47 50 0
2 6 9 11 14 18 19 21 22 23 24 30 31 32 33 36 38 39 41 42 44 45 47 48 49 50 0
1 12 16 21 25 26 30 31 34 35 36 40 43 45 47 48 49 50 0

44
1 2 3 6 7 8 9 10 11 13 14 15 16 18 19 20 21 22 23 24 25 26 27 28 29 30 31 32 33 34 35 36 37 38 40 42 44 45 48 50 0
1 2 3 7 8 9 10 11 12 13 14 16 17 18 20 21 23 25 27 28 30 31 32 33 34 35 37 38 39 40 42 43 44 45 46 47 49 50 0
2 6 9 11 14 19 21 22 23 24 25 27 30 31 32 33 36 38 39 40 41 42 43 44 45 47 48 49 50 0
1 12 14 16 21 25 26 30 31 34 35 36 40 43 45 47 48 49 50 0

45
1 2 3 4 5 6 7 8 9 10 11 12 13 15 16 17 18 19 20 21 22 23 24 25 26 27 28 29 30 31 32 33 34 35 36 37 38 39 40 42 43 44 45 47 48 49 50 0
1 2 3 4 5 6 7 8 9 10 11 12 14 15 16 18 20 21 23 24 25 28 30 32 33 34 35 37 39 40 41 42 43 44 45 46 47 48 49 50 0
2 6 9 11 14 16 18 19 21 22 23 24 27 30 31 32 33 36 38 39 41 42 43 44 45 47 48 49 50 0
1 7 9 11 12 14 16 20 21 22 23 24 25 26 27 30 31 33 34 35 36 37 40 41 42 43 44 45 47 48 49 50 0

46
1 2 3 4 6 7 8 9 10 11 12 13 14 15 16 17 18 19 20 21 22 23 24 25 26 27 28 29 30 33 34 36 37 38 39 40 42 44 46 47 48 49 50 0
1 2 3 5 6 7 8 9 10 11 12 13 14 15 16 17 18 20 21 23 25 26 27 28 29 30 31 32 33 35 37 38 39 40 41 42 43 45 46 48 49 50 0
2 6 9 11 14 18 19 21 22 23 24 25 27 30 31 32 33 36 38 39 40 41 42 43 44 45 46 47 48 49 50 0
1 12 14 16 21 25 26 30 31 34 35 36 40 43 45 47 48 49 50 0

47
1 2 3 5 6 7 8 9 10 12 13 14 15 16 18 19 20 21 23 24 25 26 29 30 32 33 34 36 37 38 39 41 42 43 44 46 47 48 49 50 0
1 3 4 6 7 8 9 10 11 12 14 15 16 18 20 21 22 24 25 27 28 29 30 31 32 33 34 35 36 37 39 40 41 42 43 45 46 47 49 0
2 3 4 6 9 11 14 16 21 22 23 24 29 31 32 33 36 38 39 40 41 44 49 50 0
1 12 16 21 25 26 30 31 34 35 36 40 43 45 47 48 49 50 0

48
1 2 4 5 6 7 8 9 10 11 12 13 14 15 16 17 18 19 20 21 22 23 24 25 26 27 28 29 30 33 34 35 36 37 38 39 40 41 42 43 44 46 47 48 50 0
1 2 3 6 7 8 9 10 11 12 14 15 16 18 20 21 25 27 28 30 31 32 33 34 35 37 39 40 41 42 43 44 45 46 47 50 0
2 6 9 11 14 19 21 22 23 24 31 32 33 36 38 39 41 44 45 47 48 49 50 0
1 12 16 21 25 26 30 31 34 35 36 40 43 45 47 48 49 50 0

49
2 3 4 5 6 7 8 9 10 11 12 13 14 15 16 17 18 19 20 22 23 24 25 26 27 29 30 32 33 34 36 37 39 40 42 44 45 46 47 48 49 50 0
1 2 3 7 8 9 10 11 13 14 15 16 18 20 21 25 27 28 30 31 32 35 37 39 40 41 42 43 44 45 46 49 50 0
2 6 9 11 14 18 19 21 22 23 24 31 32 33 36 38 39 41 44 45 47 48 49 50 0
1 12 14 16 21 25 26 30 31 34 35 36 40 45 47 48 49 50 0

50
1 3 4 5 6 7 8 9 10 11 12 13 14 16 17 18 19 20 21 22 23 24 25 26 27 28 29 30 31 32 33 34 35 36 37 38 39 40 41 42 43 44 47 48 49 50 0
1 2 3 4 5 6 7 8 9 10 11 12 13 14 16 17 18 20 21 23 25 26 28 30 32 33 35 37 38 39 40 42 43 44 45 46 47 48 0
2 6 9 11 14 16 18 19 21 22 23 24 25 31 32 33 36 38 39 40 41 42 44 45 47 48 49 50 0
1 12 16 21 25 26 30 31 34 35 36 40 43 45 47 48 49 50 0

51
1 2 3 4 5 6 7 8 9 10 11 12 13 14 15 16 17 18 19 20 21 22 23 24 25 26 27 28 29 30 31 32 33 34 36 37 38 39 40 42 43 44 46 47 48 50 0
1 3 5 6 7 8 9 10 11 13 14 15 16 17 18 20 21 22 24 25 26 27 28 29 30 31 32 33 34 35 36 37 38 39 40 41 43 45 46 47 49 50 0
2 3 4 6 7 9 10 11 14 16 20 21 22 23 24 29 31 32 33 35 36 38 39 40 41 44 45 49 50 0
1 12 16 21 25 26 30 31 34 35 36 40 43 45 47 48 49 50 0

52
1 2 3 5 6 7 8 9 10 11 12 13 14 15 16 17 18 19 20 21 22 23 24 26 27 28 30 32 33 34 35 36 37 38 39 40 41 42 43 44 46 47 48 49 50 0
1 2 3 5 6 7 8 9 10 11 12 13 14 15 16 17 18 20 21 23 24 25 26 27 28 29 30 31 32 33 34 35 37 38 39 40 41 42 43 45 46 47 48 50 0
2 6 9 11 14 16 18 19 21 22 23 24 25 27 30 31 32 33 36 38 39 40 41 42 43 44 45 46 47 48 49 50 0
1 12 14 16 21 25 26 30 31 34 35 36 40 43 45 47 48 49 50 0

53
1 2 3 4 5 6 7 8 9 10 11 12 13 14 15 16 17 18 19 20 21 22 23 24 25 26 27 30 31 33 34 35 36 37 38 39 40 41 42 43 44 45 47 48 0
1 2 3 7 8 9 10 11 12 14 16 18 20 21 23 24 25 28 30 31 32 33 35 37 38 40 42 43 44 45 46 47 48 50 0
2 6 9 11 14 19 21 22 23 24 31 32 33 36 38 39 41 42 43 44 45 47 48 49 50 0
1 12 14 16 21 25 26 30 31 34 35 36 40 43 45 47 48 49 50 0

54
1 2 3 5 6 7 8 9 10 11 12 13 14 15 16 17 18 19 20 21 22 23 24 25 26 27 28 29 30 31 32 34 35 37 38 39 40 41 43 44 45 46 47 48 49 50 0
2 3 4 5 6 8 9 10 11 16 17 18 19 22 25 26 28 30 31 32 33 35 36 37 42 45 46 47 49 50 0
3 5 6 9 10 12 13 14 16 20 22 23 24 26 28 31 33 34 35 36 37 38 39 44 49 50 0
1 12 16 21 25 26 30 31 34 35 36 40 43 45 47 48 49 50 0

55
2 3 4 5 6 7 8 10 11 12 13 15 16 17 19 20 21 22 23 24 25 26 27 30 31 32 33 34 35 37 38 39 40 42 43 44 45 47 48 49 50 0
1 2 3 4 5 6 7 8 9 10 11 14 15 16 18 19 21 23 24 25 26 28 30 32 33 34 35 36 37 38 40 41 42 43 45 46 47 48 49 50 0
2 6 9 11 14 19 21 22 23 24 31 32 33 36 38 39 41 44 45 47 48 49 50 0
1 12 16 21 25 26 30 31 34 35 36 40 43 45 47 48 49 50 0

56
1 2 3 7 8 9 11 12 13 14 15 16 19 20 21 23 24 25 26 27 28 29 30 32 33 34 36 37 39 40 41 42 43 44 45 48 49 50 0
1 2 3 5 6 7 8 9 11 12 13 14 15 16 17 18 20 21 23 25 26 27 29 30 31 32 33 35 37 38 39 40 41 42 43 46 47 48 49 50 0
2 6 9 11 14 18 19 21 22 23 24 25 27 30 31 32 33 36 38 39 40 41 42 43 44 45 46 47 48 49 50 0
1 12 14 16 21 25 26 30 31 34 35 36 40 43 45 47 48 49 50 0

57
1 2 3 6 7 8 9 10 11 12 13 14 16 17 18 19 20 21 22 23 24 25 26 27 28 29 30 31 32 33 34 36 37 38 40 41 42 43 45 46 47 48 0
1 2 3 4 5 6 7 8 9 11 12 14 16 17 18 19 20 21 24 25 27 28 29 30 32 33 34 35 37 38 40 42 45 46 47 48 49 50 0
2 3 6 9 12 14 16 20 22 23 24 31 32 33 36 38 39 40 41 44 49 50 0
1 12 16 21 25 26 30 31 34 35 36 40 43 45 47 48 49 50 0

58
1 2 3 4 5 6 7 8 10 11 12 13 14 15 16 17 19 20 21 22 23 24 25 26 27 29 30 31 32 33 34 35 36 37 38 40 41 42 44 45 46 47 48 49 50 0
1 2 3 4 5 6 7 8 9 10 11 12 14 16 17 18 20 21 23 24 25 26 28 30 32 33 34 35 37 40 41 42 43 44 45 46 47 49 50 0
2 3 6 9 11 12 14 16 19 20 21 22 23 24 29 31 32 33 36 38 39 40 41 42 43 44 45 47 48 49 50 0
1 7 9 11 12 14 16 20 21 22 23 24 25 26 27 30 31 33 34 35 36 37 40 41 42 43 44 45 47 48 49 50 0

59
1 2 3 4 6 7 8 9 11 12 13 14 15 16 17 18 19 20 21 22 23 24 25 26 27 28 29 30 31 32 33 35 36 37 38 39 40 44 46 47 48 50 0
1 2 3 5 6 7 8 9 11 12 13 14 16 17 18 20 21 24 25 28 29 30 32 33 35 37 38 39 40 41 43 45 46 47 48 49 50 0
2 6 9 11 14 21 22 23 24 31 32 33 36 38 39 41 44 49 50 0
1 12 16 21 25 26 30 31 34 35 36 40 43 45 47 48 49 50 0

60
1 2 3 4 5 6 7 9 10 11 12 13 14 15 16 17 18 19 20 21 22 23 24 25 26 27 28 30 31 32 34 35 36 37 38 39 40 41 42 43 44 47 48 50 0
1 2 3 5 6 7 9 11 12 13 14 15 16 17 18 20 21 22 23 24 25 26 28 30 32 33 34 35 37 38 39 41 42 43 44 45 46 47 48 49 50 0
2 6 9 11 14 18 19 21 22 23 24 25 27 30 31 32 33 36 38 39 41 42 43 44 45 46 47 48 49 50 0
1 7 9 11 12 14 16 20 21 22 23 24 25 26 27 30 31 33 34 35 36 37 40 41 42 43 44 45 47 48 49 50 0

61
1 2 3 4 5 6 7 8 10 11 12 13 15 16 18 19 20 21 22 23 24 25 26 27 28 29 30 32 33 36 37 38 39 40 42 44 45 47 48 49 0
1 2 3 4 5 6 7 9 11 12 13 14 16 18 20 21 25 28 30 32 33 34 35 37 38 39 40 41 42 43 44 45 46 47 50 0
2 3 6 9 11 14 16 19 21 22 23 24 31 32 33 36 38 39 40 41 44 45 47 48 49 50 0
1 12 16 21 25 26 30 31 34 35 36 40 43 45 47 48 49 50 0

62
1 2 3 4 5 6 7 8 9 10 11 12 13 15 16 17 18 19 20 21 22 23 24 25 26 27 30 31 32 33 34 35 36 38 39 40 41 42 43 44 45 47 48 49 50 0
1 2 3 4 5 6 7 8 9 10 11 12 14 16 17 18 20 21 23 24 25 28 30 32 33 35 37 40 41 42 44 45 46 47 48 49 50 0
2 6 9 11 14 16 19 21 22 23 24 31 32 33 36 38 39 41 44 45 47 48 49 50 0
1 12 14 16 21 25 26 30 31 34 35 36 40 43 45 47 48 49 50 0

63
1 2 3 5 6 7 8 9 10 11 12 13 14 16 18 19 20 21 22 23 24 25 26 27 28 29 30 33 34 35 36 37 38 39 40 42 44 45 47 48 49 50 0
1 3 4 5 6 7 8 9 10 11 13 14 15 16 17 18 20 21 25 26 28 29 30 32 33 34 35 36 37 38 39 40 42 43 44 45 46 47 49 0
1 2 3 4 6 7 9 10 11 12 14 15 16 17 20 21 22 23 24 28 29 31 32 33 34 35 36 37 38 39 40 41 44 45 49 50 0
1 12 15 16 21 25 26 30 31 32 34 35 36 40 43 45 47 48 49 50 0

64
1 2 3 5 6 7 8 9 10 11 12 13 14 15 16 17 19 20 21 23 24 25 26 27 28 29 30 31 33 34 35 36 37 38 39 40 41 42 43 44 45 46 47 48 49 0
1 2 3 4 5 6 7 8 9 10 11 12 14 15 16 18 19 20 21 22 23 25 26 27 28 30 32 33 34 35 36 37 39 40 42 43 44 45 46 47 49 50 0
1 2 3 4 6 9 12 14 16 20 22 23 24 29 31 32 33 35 36 38 39 40 41 44 49 50 0
1 12 16 21 25 26 30 31 34 35 36 40 43 45 47 48 49 50 0

65
3 6 7 8 10 11 12 13 14 15 16 17 19 20 21 23 24 25 26 27 28 29 30 31 32 33 34 36 37 40 43 44 48 0
1 2 3 5 6 7 8 9 10 11 14 15 16 18 21 25 28 30 32 33 34 35 37 39 41 42 44 45 46 47 50 0
2 6 9 11 14 19 21 22 23 24 31 32 33 36 38 39 41 44 45 47 48 49 50 0
1 12 16 21 25 26 30 31 34 35 36 40 43 45 47 48 49 50 0

66
1 2 3 4 5 6 7 8 9 10 11 12 13 14 15 16 17 18 19 20 21 22 23 24 25 26 27 28 29 30 31 33 34 36 37 39 40 42 43 44 46 47 48 49 50 0
1 3 4 5 6 7 8 9 10 11 12 14 16 17 18 19 20 21 22 25 28 30 32 33 35 36 37 38 39 41 43 45 46 47 48 49 50 0
3 4 6 9 10 11 14 16 22 23 24 29 31 32 33 36 38 39 40 41 44 49 50 0
1 12 16 21 25 26 30 31 34 35 36 40 43 45 47 48 49 50 0

67
1 2 3 5 6 7 10 11 12 13 14 15 16 17 19 20 21 22 23 24 25 26 27 28 30 31 32 34 37 38 42 43 44 46 47 48 50 0
2 3 5 6 7 8 9 10 11 14 15 16 18 19 21 22 24 25 28 30 32 33 35 36 37 41 42 45 46 47 48 49 50 0
2 6 9 11 14 18 19 21 22 23 24 31 32 33 36 38 39 41 44 45 47 48 49 50 0
1 7 12 14 16 20 21 22 23 25 26 30 31 34 35 36 40 43 44 45 47 48 49 50 0

68
2 3 4 5 6 7 8 9 10 11 12 13 14 15 16 17 18 19 20 21 23 24 25 26 27 28 29 30 33 34 36 37 39 42 44 45 46 47 48 49 50 0
1 2 3 7 8 9 10 11 13 14 15 16 18 20 21 25 26 27 28 30 31 32 35 37 38 39 40 41 42 43 44 45 46 49 50 0
2 6 9 11 14 18 19 21 22 23 24 25 27 30 31 32 33 36 38 39 41 42 44 45 46 47 48 49 50 0
1 12 14 16 21 22 25 26 30 31 34 35 36 40 45 47 48 49 50 0

69
3 6 7 8 9 10 11 12 13 14 15 16 17 19 20 21 23 24 25 26 27 28 29 30 31 32 33 34 36 37 40 43 44 48 0
1 2 3 5 6 7 8 9 10 11 14 15 16 18 21 25 28 30 32 33 34 35 37 39 41 42 44 45 46 47 50 0
2 6 9 11 14 19 21 22 23 24 31 32 33 36 38 39 41 44 45 47 48 49 50 0
1 12 14 16 21 25 26 30 31 34 35 36 40 43 45 47 48 49 50 0

70
1 2 3 4 5 6 7 8 9 10 11 12 13 15 16 17 18 19 20 21 22 23 24 25 27 28 30 31 32 33 34 35 36 37 38 40 41 43 44 45 46 47 48 49 50 0
2 3 4 5 6 7 8 9 10 11 13 14 15 16 18 19 21 25 26 27 28 29 30 31 32 33 35 36 37 38 39 40 42 45 46 47 48 50 0
3 5 6 8 9 10 12 13 14 15 16 18 20 22 23 24 25 26 27 28 29 31 33 34 35 36 37 38 39 44 49 50 0
1 2 3 4 5 6 8 10 12 13 15 16 17 18 19 21 25 26 28 29 30 31 32 34 35 36 38 39 40 43 45 46 47 48 49 50 0

71
1 2 3 5 6 7 8 10 11 12 13 14 15 16 17 19 20 21 22 23 24 25 26 27 30 31 32 33 34 35 37 38 40 41 44 45 46 47 48 49 50 0
2 3 4 5 6 8 9 11 14 15 16 17 18 19 22 25 26 28 30 32 33 35 36 37 40 41 42 45 46 47 48 49 50 0
3 4 5 6 7 8 9 10 12 13 14 15 16 17 20 22 23 24 26 28 29 31 33 34 35 36 37 38 39 40 41 44 49 50 0
1 12 16 21 25 26 30 31 34 35 36 40 43 45 47 48 49 50 0

72
1 2 3 4 5 6 7 8 9 10 11 12 13 15 16 17 18 19 20 21 22 23 24 25 26 27 28 29 30 31 32 33 34 35 36 37 38 39 40 42 43 44 45 46 47 48 50 0
1 2 3 4 5 6 7 8 9 11 12 14 15 16 17 18 20 21 24 25 28 30 31 32 33 35 37 40 41 42 44 45 46 47 48 49 50 0
2 6 9 11 14 18 19 21 22 23 24 31 32 33 36 38 39 41 43 44 45 47 48 49 50 0
1 12 14 16 21 25 26 30 31 34 35 36 40 43 45 47 48 49 50 0

73
2 3 4 5 6 7 8 9 10 14 15 16 17 19 20 21 23 24 25 26 27 28 30 32 33 34 37 38 39 40 41 42 43 44 46 47 48 49 50 0
3 4 5 6 8 9 10 11 14 15 16 17 18 19 25 28 29 30 32 33 34 35 36 37 41 42 45 46 47 48 49 0
2 3 6 9 11 14 16 20 21 22 23 24 29 31 32 33 36 38 39 41 44 49 50 0
1 12 16 21 25 26 30 31 34 35 36 40 43 45 47 48 49 50 0

74
1 2 3 4 5 6 7 8 9 10 11 12 13 15 16 17 18 19 20 21 22 23 24 25 26 27 28 29 30 31 32 34 35 36 37 38 39 42 43 44 45 46 47 48 50 0
1 2 3 5 6 7 8 9 11 12 14 15 16 18 20 21 25 26 27 28 30 31 32 33 34 35 37 39 41 42 44 45 46 47 50 0
2 6 9 11 14 18 19 21 22 23 24 31 32 33 36 38 39 41 42 43 44 45 47 48 49 50 0
1 7 12 14 16 20 21 22 23 25 26 30 31 33 34 35 36 40 43 44 45 47 48 49 50 0

75
1 2 3 4 5 6 7 8 10 11 13 14 16 17 19 20 21 22 23 24 25 26 27 28 29 30 32 33 34 36 37 38 39 40 41 42 46 47 48 49 0
1 2 3 7 8 9 10 11 12 14 16 18 20 21 23 24 25 28 30 32 33 35 37 40 41 42 45 46 47 48 49 50 0
2 6 9 14 21 22 23 24 31 32 33 36 38 39 41 44 47 48 49 50 0
1 12 16 21 25 26 30 31 34 35 36 40 43 45 47 48 49 50 0

76
1 2 3 4 5 6 7 8 9 10 11 12 15 16 17 18 19 20 21 22 23 24 25 26 27 29 30 31 32 33 34 35 36 38 40 41 42 44 45 47 48 50 0
1 2 3 4 5 6 7 8 9 10 11 12 14 16 17 18 20 21 23 24 25 28 30 32 33 34 35 37 40 42 43 44 45 46 47 48 49 50 0
2 6 9 11 14 16 19 21 22 23 24 31 32 33 36 38 39 41 42 43 44 45 47 48 49 50 0
1 12 14 16 21 25 26 30 31 34 35 36 40 43 45 47 48 49 50 0

77
1 2 3 5 6 7 8 9 10 11 12 13 14 15 16 17 19 20 21 23 24 25 26 27 28 29 30 31 35 36 37 38 40 41 42 43 44 45 47 48 0
1 2 3 4 5 6 7 8 9 10 11 14 16 18 19 20 21 22 23 25 26 27 28 29 30 32 33 35 36 37 39 40 42 43 44 45 46 47 0
3 5 6 9 10 12 13 14 15 16 20 22 23 24 26 28 29 31 33 34 35 36 37 38 39 40 44 49 50 0
1 12 16 21 25 26 30 31 34 35 36 40 43 45 47 48 49 50 0

78
1 2 3 5 6 7 8 9 10 11 12 13 14 15 16 17 18 19 20 21 22 23 24 25 26 27 28 29 30 31 32 33 34 35 36 37 38 39 40 41 42 43 44 45 47 48 0
1 2 3 4 6 7 8 9 10 11 12 14 15 16 18 20 21 22 25 26 27 28 29 30 32 33 34 35 36 37 39 40 42 43 44 45 46 47 49 50 0
3 6 9 12 14 16 20 22 23 24 29 31 33 36 38 39 40 44 49 50 0
1 12 16 21 25 26 30 31 34 35 36 40 43 45 47 48 49 50 0

79
1 2 3 5 6 7 8 9 10 11 12 13 14 15 16 17 18 19 20 21 22 23 24 25 26 27 28 30 32 33 34 35 36 37 38 39 40 41 42 43 46 47 48 49 50 0
1 2 3 4 5 6 7 9 10 11 14 16 17 18 19 20 21 22 23 24 25 28 29 30 32 33 35 36 37 38 39 40 41 42 45 46 47 48 50 0
3 4 5 6 7 8 9 10 12 14 16 17 20 22 23 24 29 31 32 33 35 36 38 39 40 41 44 49 50 0
1 12 16 21 25 26 30 31 34 35 36 40 43 45 47 48 49 50 0

80
2 4 6 7 8 9 10 11 12 13 14 15 16 17 18 19 20 21 22 23 24 25 26 27 28 30 31 32 33 34 37 38 39 40 41 42 43 44 46 47 50 0
1 2 3 7 8 9 11 12 13 15 16 18 20 21 22 23 24 25 26 27 28 29 30 31 32 33 34 35 37 38 40 41 42 45 46 48 49 50 0
2 6 9 11 14 18 19 21 22 23 24 27 30 31 32 33 36 38 39 41 42 43 44 45 46 47 48 49 50 0
1 12 14 16 21 25 26 30 31 34 35 36 40 45 47 48 49 50 0

81
2 3 4 5 6 7 8 10 11 12 13 14 15 16 17 19 20 21 22 23 24 25 26 27 28 30 31 32 33 34 35 36 37 38 39 40 41 42 43 46 47 48 49 50 0
1 2 3 6 7 8 9 10 11 12 14 15 16 18 20 21 23 24 25 27 28 29 30 31 32 33 34 35 37 39 40 41 42 43 44 45 46 48 50 0
2 6 9 11 14 19 21 22 23 24 31 32 33 36 38 39 41 42 43 44 45 47 48 49 50 0
1 12 16 21 25 26 30 31 34 35 36 40 43 45 47 48 49 50 0

82
1 3 4 5 6 7 8 9 10 12 13 14 15 16 17 18 19 20 21 23 24 25 26 27 29 31 34 35 36 37 38 39 42 43 47 48 0
1 3 4 5 7 8 9 11 12 13 14 16 18 21 25 26 28 30 32 33 35 37 38 39 40 43 45 46 47 48 49 0
2 3 6 9 11 14 16 21 22 23 24 29 31 32 33 36 38 39 40 41 44 49 50 0
1 12 16 21 25 26 30 31 34 35 36 40 43 45 47 48 49 50 0

83
2 3 6 7 10 11 12 14 15 16 19 20 21 23 24 25 26 27 28 30 32 34 35 37 38 40 43 44 47 48 50 0
1 2 3 5 6 7 8 9 11 14 15 16 17 18 21 25 28 30 32 33 34 35 37 38 39 40 41 42 45 46 47 48 50 0
2 6 9 11 14 16 21 22 23 24 31 32 33 36 38 39 41 44 45 47 48 49 50 0
1 12 16 21 25 26 30 31 34 35 36 40 43 45 47 48 49 50 0

84
1 2 3 5 6 7 8 9 10 12 13 14 16 19 20 21 23 24 25 26 27 28 29 30 32 33 34 36 37 38 39 40 42 44 45 46 47 48 49 50 0
1 2 3 4 5 6 7 8 9 10 11 12 13 14 15 16 17 18 20 21 22 23 24 25 27 28 29 30 31 32 33 34 35 36 37 39 40 41 42 43 44 45 46 47 49 0
1 2 3 4 5 6 7 8 9 10 11 12 13 14 15 16 17 20 22 23 24 26 28 29 31 32 33 34 35 36 37 38 39 40 41 44 49 50 0
1 2 3 4 5 6 8 10 12 13 15 16 17 18 19 21 25 26 28 29 30 31 32 34 35 36 38 39 40 43 45 46 47 48 49 50 0

85
1 2 3 4 5 6 7 8 9 10 11 12 15 16 17 18 19 20 21 22 23 24 25 26 27 29 30 32 33 34 35 36 37 38 40 42 43 44 45 46 47 48 49 50 0
1 2 3 4 5 6 7 8 9 10 11 12 14 15 16 17 18 20 21 24 25 26 28 30 31 32 33 34 35 37 38 39 40 41 42 44 45 46 47 48 49 50 0
2 6 9 11 14 16 18 19 21 22 23 24 27 30 31 32 33 36 38 39 41 42 43 44 45 47 48 49 50 0
1 7 9 12 14 16 20 21 22 23 24 25 26 30 31 33 34 35 36 40 43 44 45 47 48 49 50 0

86
1 2 3 4 6 7 9 10 11 12 14 15 17 18 19 20 21 23 24 25 26 27 28 30 31 32 34 36 37 38 39 40 41 42 43 44 48 49 50 0
1 2 3 4 5 6 7 8 9 11 13 14 16 17 18 19 21 22 25 27 28 30 31 32 33 34 35 36 37 38 39 40 41 42 45 46 47 48 50 0
2 3 6 9 11 14 16 17 20 21 22 23 24 29 31 32 33 36 38 39 40 41 44 49 50 0
1 12 16 21 25 26 30 31 34 35 36 40 43 45 47 48 49 50 0

87
1 2 3 4 5 6 7 8 9 10 11 13 14 17 18 19 20 21 22 23 24 25 26 27 28 30 31 32 33 34 36 37 39 40 41 42 43 44 47 48 50 0
1 2 3 7 9 11 12 13 14 15 16 17 18 20 21 22 23 24 25 26 27 28 29 30 31 32 33 34 35 36 37 38 39 40 41 42 43 44 45 46 47 48 49 50 0
2 6 9 11 14 18 19 21 22 23 24 25 27 30 31 32 33 36 38 39 41 42 43 44 45 46 47 48 49 50 0
1 7 9 11 12 14 16 20 21 22 23 24 25 26 27 30 31 33 34 35 36 37 40 41 42 43 44 45 47 48 49 50 0

88
1 2 3 5 6 7 8 9 10 11 12 13 14 17 19 20 21 22 23 24 25 26 27 30 31 32 33 34 35 36 37 38 39 40 41 43 44 45 47 48 50 0
1 2 3 4 5 6 7 8 9 10 11 12 16 17 18 19 20 21 25 26 27 28 30 32 33 35 36 37 42 43 44 45 46 47 48 50 0
2 3 6 9 11 14 16 19 20 21 22 23 24 31 32 33 36 38 39 41 44 45 47 49 50 0
1 12 16 21 25 26 30 31 34 35 36 40 43 45 47 48 49 50 0

89
1 2 3 4 5 6 7 9 10 11 12 14 15 16 17 19 20 21 22 23 24 25 26 27 30 32 33 34 37 38 39 40 43 44 47 48 50 0
2 3 5 6 7 8 9 11 14 15 16 18 19 24 25 28 30 32 33 34 35 36 37 40 41 45 46 47 48 49 50 0
6 9 14 22 23 24 31 32 33 36 38 39 41 44 49 50 0
1 12 16 21 25 26 30 31 34 35 36 40 43 45 47 48 49 50 0

90
1 3 4 5 6 7 8 9 10 11 12 13 14 16 17 18 19 20 21 22 23 24 25 26 27 28 29 30 31 32 33 34 35 36 37 38 39 40 41 42 43 44 45 47 48 50 0
1 2 3 5 6 7 8 9 11 12 13 14 16 17 18 20 21 23 25 26 28 30 32 33 34 35 37 38 39 40 43 44 45 46 47 49 50 0
2 6 9 11 14 16 18 19 21 22 23 24 25 30 31 32 33 36 38 39 40 41 42 44 45 47 48 49 50 0
1 12 16 21 25 26 30 31 34 35 36 40 43 45 47 48 49 50 0

91
2 3 5 6 7 9 10 11 14 16 17 18 19 20 21 22 23 24 25 26 27 30 31 32 33 34 35 36 37 38 39 40 41 42 43 44 45 46 47 48 49 50 0
2 3 4 5 6 7 8 9 11 12 14 16 17 18 19 20 22 25 26 28 30 32 33 35 36 37 40 41 45 46 47 48 49 50 0
3 4 5 6 9 12 13 14 16 20 22 23 24 26 28 29 31 33 34 35 36 37 38 39 40 44 49 50 0
1 12 16 21 25 26 30 31 34 35 36 40 43 45 47 48 49 50 0

92
1 2 3 5 6 7 10 12 13 14 15 17 18 19 20 21 23 24 25 26 27 28 29 30 31 32 33 34 35 37 38 39 41 44 45 46 47 48 49 50 0
3 4 5 6 8 9 11 14 16 17 18 19 22 25 26 28 30 31 32 33 35 36 37 40 42 45 46 47 0
3 5 6 8 9 10 12 13 14 16 20 22 23 24 26 28 29 31 33 34 35 36 37 38 39 40 44 49 50 0
1 12 16 21 25 26 30 31 34 35 36 40 43 45 47 48 49 50 0

93
2 3 4 5 6 7 8 9 10 11 12 13 14 15 16 17 18 19 20 21 22 23 24 25 26 27 28 29 30 31 32 33 34 35 36 37 38 39 40 42 43 44 45 46 47 48 50 0
1 2 3 5 6 7 8 9 11 12 14 15 16 17 18 20 21 25 27 28 30 32 33 34 35 37 39 40 41 42 44 45 46 47 49 50 0
2 6 9 14 22 23 24 31 32 33 36 38 39 41 44 45 49 50 0
1 12 16 21 25 26 30 31 34 35 36 40 43 45 47 48 49 50 0

94
1 2 3 5 6 7 8 9 10 11 12 13 14 15 17 19 20 21 23 24 25 26 27 30 31 32 33 34 35 36 37 38 39 40 43 44 45 46 47 48 49 50 0
1 2 3 4 5 6 7 8 9 11 12 14 16 18 19 21 25 28 30 32 33 34 35 36 37 39 42 45 46 47 50 0
3 6 9 14 16 20 22 23 24 31 33 36 38 39 40 44 49 50 0
1 12 16 21 25 26 30 31 34 35 36 40 43 45 47 48 49 50 0

95
1 2 3 4 5 6 7 8 9 10 11 12 15 16 18 19 20 21 22 23 24 25 26 27 29 30 31 32 33 34 35 36 37 38 40 42 44 46 47 48 50 0
1 2 3 5 6 7 8 9 11 12 13 14 15 16 18 20 21 23 24 25 28 30 31 32 33 35 37 38 41 42 44 45 46 47 48 49 50 0
2 6 9 11 14 19 21 22 23 24 31 32 33 36 38 39 41 42 43 44 45 47 48 49 50 0
1 12 14 16 21 25 26 30 31 34 35 36 40 43 45 47 48 49 50 0

96
2 3 4 5 6 7 8 10 11 12 13 14 15 16 17 19 20 21 22 23 24 25 26 27 28 30 31 32 33 34 35 36 37 38 39 40 41 42 43 46 47 48 49 50 0
1 2 3 6 7 8 9 10 11 12 14 15 16 18 20 21 23 24 25 27 28 29 30 31 32 33 34 35 37 39 40 41 42 43 44 45 46 48 50 0
2 6 9 11 14 19 21 22 23 24 31 32 33 36 38 39 41 42 43 44 45 47 48 49 50 0
1 12 16 21 25 26 30 31 34 35 36 40 43 45 47 48 49 50 0

97
2 3 6 7 9 10 11 12 14 15 16 19 20 21 22 23 24 25 26 27 30 32 34 36 37 38 40 42 43 44 46 47 48 50 0
1 2 3 5 6 7 8 9 11 14 15 16 18 25 28 30 32 33 35 37 41 42 45 46 47 48 49 50 0
2 6 9 14 22 23 24 31 32 33 36 38 39 41 44 49 50 0
1 12 16 21 25 26 30 31 34 35 36 40 43 45 47 48 49 50 0

98
1 2 3 4 5 6 7 8 9 10 11 12 13 15 16 17 18 19 20 21 22 23 24 25 26 27 28 29 30 32 33 34 35 36 37 38 39 40 42 43 44 46 47 48 49 50 0
1 2 3 6 7 8 9 11 12 13 14 15 16 18 20 21 24 25 26 27 28 29 30 31 32 33 34 35 37 38 39 40 41 42 43 45 46 48 50 0
2 6 9 11 14 18 19 21 22 23 24 25 27 30 31 32 33 36 38 39 41 43 44 45 46 47 48 49 50 0
1 7 9 11 12 14 16 20 21 22 23 24 25 26 27 30 31 33 34 35 36 37 40 41 42 44 45 47 48 49 50 0

99
1 2 3 4 5 6 7 8 9 10 11 12 13 15 16 17 19 20 21 22 23 24 25 26 27 29 30 31 32 33 34 35 36 37 38 39 40 41 42 43 44 45 47 48 49 50 0
1 2 3 4 5 6 7 8 9 10 11 12 14 16 18 20 21 23 24 25 28 30 32 33 35 37 40 41 42 44 45 46 47 48 50 0
2 6 9 11 14 16 19 21 22 23 24 31 32 33 36 38 39 41 44 45 47 48 49 50 0
1 12 14 16 21 25 26 30 31 34 35 36 40 43 45 47 48 49 50 0

100
1 3 4 5 6 7 8 9 10 11 12 13 14 15 16 17 19 20 21 22 23 25 26 27 28 29 30 33 34 35 36 37 38 39 40 41 42 43 44 45 46 47 48 49 0
1 3 4 5 6 8 9 10 11 14 16 17 18 21 25 28 29 30 32 33 35 37 40 41 43 45 46 47 0
1 3 4 6 7 9 12 14 16 20 22 23 24 29 31 33 35 36 38 39 40 44 49 50 0
1 12 16 21 25 26 30 31 34 35 36 40 43 45 47 48 49 50 0

