1
1 2 3 4 5 7 8 9 10 12 13 15 16 17 18 19 21 22 23 24 26 28 29 32 33 34 35 36 37 38 39 41 42 44 45 46 47 48 49 50 0
2 3 4 9 10 15 16 19 20 22 25 26 28 31 34 35 39 46 47 0

2
2 3 4 5 6 7 8 9 10 11 12 13 15 16 19 20 21 22 23 24 25 26 27 28 29 31 33 34 35 36 37 38 39 40 41 42 43 44 45 46 47 48 50 0
2 3 4 6 9 10 13 15 16 19 20 22 23 24 25 28 30 31 34 35 39 44 46 47 49 0

3
3 4 5 6 8 9 10 11 12 13 14 15 16 17 18 19 20 21 22 23 24 25 26 27 28 29 30 33 35 36 37 38 39 40 41 44 45 46 47 48 49 50 0
1 2 3 4 5 7 8 9 10 11 12 13 14 15 16 17 18 19 20 21 22 23 25 26 28 29 31 32 33 34 35 37 38 39 40 41 42 43 46 47 49 0

4
1 2 3 4 5 7 8 9 10 11 12 13 14 16 18 19 20 21 22 23 27 28 29 30 31 32 33 34 35 36 37 38 41 42 44 46 47 48 50 0
2 3 4 9 10 13 15 16 19 20 22 25 26 28 31 32 33 34 35 37 39 46 47 49 50 0

5
1 2 4 5 6 8 9 11 12 13 14 15 16 17 18 21 22 23 24 25 26 27 28 29 30 31 33 34 35 36 37 38 39 40 41 43 44 46 47 48 49 50 0
1 2 3 4 5 6 8 9 10 11 12 13 15 16 17 18 19 20 21 22 24 25 26 27 28 29 30 31 32 33 34 35 36 37 38 39 40 41 42 43 46 49 50 0

6
1 2 3 4 5 8 10 11 13 18 19 20 21 22 23 25 26 27 29 30 33 34 36 37 38 41 42 43 44 45 46 47 48 49 50 0
1 2 3 4 5 7 8 9 10 11 12 14 15 16 17 18 19 20 21 22 24 25 26 28 29 31 32 33 34 35 36 37 38 39 40 41 42 43 45 46 47 48 0

7
1 2 4 5 7 9 10 11 12 13 14 16 18 19 21 22 23 25 26 27 28 29 31 33 34 35 36 37 38 41 42 43 44 46 47 48 50 0
1 2 5 7 8 9 12 13 14 15 17 18 20 21 25 26 29 32 33 35 36 37 38 39 40 41 42 43 45 48 49 50 0

9
1 2 3 4 5 6 7 9 10 12 13 14 16 18 19 21 22 23 26 29 32 34 35 36 37 38 41 42 44 45 46 47 48 49 50 0
1 2 3 4 9 10 13 15 16 19 20 22 25 26 28 31 33 34 35 37 38 39 42 46 47 49 0

10
2 3 4 5 6 7 8 9 10 13 14 15 16 18 19 20 21 22 23 24 25 26 27 28 29 30 32 33 34 35 36 37 38 40 41 42 43 44 45 46 47 50 0
1 2 3 4 5 7 8 9 10 11 12 14 15 16 17 18 19 20 21 22 25 26 28 29 31 32 33 34 35 36 37 38 39 40 41 42 43 45 46 47 48 50 0

11
2 3 4 5 6 7 8 10 11 12 13 15 16 17 18 19 20 21 22 23 24 25 26 27 29 30 31 33 35 36 37 38 40 41 42 43 44 45 46 47 48 49 0
1 2 3 4 5 7 8 9 10 11 12 13 15 16 17 18 19 20 22 25 28 29 31 33 34 35 36 37 38 39 40 41 42 43 45 46 47 48 49 0

12
1 2 3 4 5 7 8 9 10 11 12 13 14 16 17 18 19 20 21 22 23 24 25 26 27 28 29 30 31 32 33 34 35 36 37 38 39 41 42 43 44 45 46 47 49 50 0
1 2 3 4 5 7 8 9 10 11 12 14 15 16 17 18 19 20 21 22 23 25 26 27 28 29 31 32 33 34 35 36 37 38 39 40 41 42 43 45 46 47 48 50 0

13
2 3 4 5 8 10 11 12 13 15 16 18 19 20 21 22 23 25 26 27 29 30 31 33 36 37 38 39 40 41 42 43 44 45 46 47 48 49 50 0
1 2 3 4 5 7 8 9 10 11 12 14 15 16 17 18 19 20 22 23 25 26 28 29 31 33 34 35 37 38 39 40 41 42 43 46 47 48 0

14
1 2 3 5 6 7 8 9 10 11 13 14 16 17 18 19 20 21 22 23 26 27 29 30 31 32 33 34 35 36 37 38 40 41 42 43 44 45 46 47 48 49 50 0
1 2 3 4 6 9 10 13 15 16 19 20 22 23 24 25 26 28 30 31 33 34 35 38 39 46 47 49 50 0

15
1 2 3 4 5 7 8 10 13 14 15 16 17 18 19 20 21 22 24 25 27 29 32 35 36 37 38 39 41 43 44 45 46 47 48 49 50 0
1 2 3 4 6 8 9 10 12 15 16 17 19 20 22 23 24 25 26 27 28 29 30 31 34 35 38 39 41 44 46 47 0

16
2 3 4 5 7 8 10 12 13 14 15 18 19 20 21 22 23 25 26 27 29 30 31 33 34 36 37 41 42 43 44 45 46 47 48 49 50 0
1 2 3 4 5 7 8 9 10 12 14 15 16 17 18 19 20 21 22 24 25 26 28 29 31 33 34 35 36 37 38 39 40 41 42 43 45 46 47 48 50 0

17
4 5 6 7 8 10 11 13 14 15 16 17 18 19 20 21 22 23 24 25 26 27 29 31 32 33 35 36 37 41 43 44 45 46 47 48 50 0
2 3 4 6 9 10 15 16 19 20 22 23 24 25 26 27 28 31 34 35 39 44 46 47 0

18
2 3 4 5 6 8 9 10 11 13 14 15 17 18 19 21 22 23 24 25 26 27 28 29 30 31 32 33 36 37 38 39 40 41 42 43 44 45 46 47 48 49 50 0
2 3 4 5 7 9 10 12 15 16 19 20 22 23 25 26 28 29 31 34 35 37 39 40 42 43 46 47 0

19
1 2 3 4 5 7 8 9 10 11 13 14 16 18 19 21 22 23 26 27 28 29 30 31 32 34 36 37 38 40 41 42 44 45 46 47 48 49 50 0
1 2 3 4 7 8 9 10 11 12 13 14 15 16 17 19 20 22 25 28 29 31 32 33 34 35 37 38 39 40 41 42 43 45 46 47 49 0

20
1 2 3 4 5 6 7 9 10 11 12 13 14 15 16 17 19 20 21 22 23 26 29 31 32 34 35 36 37 38 40 41 42 44 45 46 47 48 49 50 0
2 3 4 9 10 13 15 16 19 20 22 23 25 26 28 31 33 34 35 37 39 46 47 49 0

21
1 2 3 4 5 6 7 8 9 10 11 13 15 16 17 19 20 21 22 23 25 26 27 28 29 30 31 33 34 36 37 38 39 40 41 42 43 44 45 46 47 48 50 0
2 3 4 6 9 10 13 15 16 19 20 22 24 25 28 30 31 33 34 35 39 43 44 46 47 49 0

22
1 2 3 4 5 7 9 10 11 13 14 15 16 17 18 19 20 21 22 23 25 26 28 29 30 31 32 33 34 36 37 38 40 41 42 43 44 46 47 48 49 50 0
1 2 5 7 8 9 10 11 12 13 14 15 17 18 20 21 25 26 28 29 31 32 33 35 36 37 38 39 40 41 42 43 45 47 49 50 0

23
1 2 3 4 5 7 8 9 11 13 15 16 17 18 19 20 22 23 25 26 28 29 30 31 34 36 37 38 39 40 41 43 44 45 46 47 49 0
2 3 4 6 8 9 10 12 15 16 19 20 22 23 25 28 29 30 31 34 35 37 38 39 40 42 46 47 49 0

24
1 2 3 4 5 6 8 10 12 13 14 15 16 17 18 19 20 21 22 25 27 28 29 30 31 32 33 34 35 36 37 38 39 40 41 42 44 45 46 47 48 49 50 0
1 2 3 4 5 7 8 9 10 11 12 13 15 16 17 18 19 20 21 22 25 26 28 29 31 32 33 34 35 36 37 38 39 40 41 42 43 45 46 47 48 49 50 0

25
3 4 5 6 8 10 12 13 14 15 18 19 20 21 22 23 26 27 29 30 31 32 33 34 36 37 38 40 41 43 44 45 46 47 48 49 50 0
1 2 3 4 5 7 8 9 10 11 12 15 16 17 18 19 20 22 24 25 26 28 29 31 33 34 35 37 38 39 40 41 42 43 46 47 48 0

26
1 2 3 4 5 8 10 11 12 13 14 15 16 17 18 19 20 21 22 23 25 26 27 29 30 31 33 36 37 39 40 41 42 43 44 45 46 47 48 49 50 0
1 2 3 4 5 7 8 9 10 11 12 13 14 15 16 17 18 19 20 21 22 25 26 28 29 31 32 33 34 35 36 37 38 39 40 41 42 43 45 46 47 48 49 50 0

27
2 4 5 6 7 8 9 10 11 12 13 14 15 16 17 18 19 20 21 22 23 24 25 26 27 29 31 32 33 34 35 36 37 38 39 40 41 43 44 45 46 47 48 49 50 0
2 3 4 6 9 10 13 15 16 19 20 22 23 24 25 26 27 28 30 31 34 35 39 44 46 47 49 0

28
1 2 3 4 5 6 7 8 9 10 11 12 13 14 15 16 17 18 19 20 21 22 23 25 26 27 29 31 32 34 35 36 37 38 41 42 44 45 46 47 48 49 50 0
1 2 3 4 5 7 8 9 10 12 13 14 15 16 17 18 19 20 21 22 25 26 28 29 31 32 33 34 35 36 37 38 39 40 41 42 43 45 46 47 48 49 50 0

29
1 4 5 6 7 8 9 10 12 13 14 15 17 18 19 21 22 23 24 25 28 29 30 31 34 35 36 37 38 39 40 41 44 45 46 47 48 49 50 0
1 2 3 5 7 8 9 10 11 12 13 14 15 17 18 19 20 21 22 25 26 28 29 31 32 33 35 36 37 38 39 40 41 42 43 45 46 48 49 50 0

30
2 4 5 7 8 9 10 12 13 14 15 16 17 18 19 20 21 22 23 24 25 27 28 29 30 32 34 35 36 37 38 39 41 43 44 45 46 47 48 0
1 2 3 4 5 6 8 9 10 12 13 15 16 17 18 19 20 21 22 23 24 25 26 27 28 29 30 31 32 33 34 35 36 37 38 39 40 41 42 43 44 45 46 47 48 49 50 0

31
1 2 3 5 6 7 8 9 11 13 14 15 16 17 18 19 20 21 22 23 26 27 28 29 30 31 32 34 36 37 38 40 41 42 43 44 45 46 47 48 49 50 0
1 2 3 4 7 9 10 11 15 16 17 19 20 22 23 25 26 28 29 31 32 33 34 35 37 38 39 40 42 43 46 47 49 0

32
1 2 3 4 5 7 9 10 11 12 13 14 15 16 17 18 19 20 21 22 23 24 26 27 28 29 30 31 32 34 36 37 38 40 41 42 43 44 45 46 47 48 49 50 0
1 2 3 4 9 10 13 15 16 19 20 22 23 25 26 28 31 33 34 35 37 38 39 46 47 49 50 0

33
1 2 3 4 5 7 8 9 11 13 14 16 17 18 19 20 21 22 23 24 26 27 28 29 30 31 32 34 36 37 38 40 41 42 44 45 46 47 48 49 50 0
1 2 3 4 7 8 9 10 11 15 16 17 19 20 22 23 25 28 29 31 32 33 34 35 37 38 39 40 42 43 46 47 49 0

34
1 2 3 4 5 6 7 8 9 10 12 13 14 16 19 21 22 23 24 25 26 27 29 30 32 34 35 36 37 38 39 41 42 44 46 47 48 49 50 0
1 5 7 8 9 11 12 13 14 15 17 18 20 21 29 32 33 35 36 37 38 39 40 41 42 43 45 48 49 50 0

35
1 2 3 4 5 6 8 10 11 12 13 15 17 18 19 20 21 22 23 24 25 26 27 28 30 32 33 34 36 37 38 40 41 42 43 44 45 46 47 48 49 50 0
1 2 3 4 5 7 8 9 10 11 12 14 15 16 17 18 19 20 21 22 24 25 26 28 29 31 32 33 34 35 38 39 40 41 42 43 45 46 47 48 0

36
1 2 3 4 5 7 8 9 11 12 13 14 15 16 17 18 19 20 21 22 23 24 25 26 27 28 29 30 31 33 34 36 37 40 41 42 43 44 45 46 47 49 50 0
1 2 3 4 5 7 8 9 10 11 12 15 16 17 18 19 20 22 23 25 26 28 29 31 33 34 35 37 38 39 40 41 42 43 46 47 49 0

37
1 2 3 5 6 7 8 9 11 12 13 14 15 16 17 19 21 22 23 25 26 27 28 29 30 31 35 36 37 38 39 40 41 44 45 46 47 48 49 50 0
1 2 3 4 5 7 8 9 10 11 12 13 14 15 16 17 18 20 21 25 26 28 29 31 33 35 36 37 38 39 40 41 42 43 48 49 0

38
1 2 3 4 5 6 7 8 9 13 14 15 16 17 18 19 21 22 23 25 26 27 28 29 30 31 33 35 36 37 38 39 40 41 44 45 46 47 48 49 50 0
1 2 3 4 5 7 8 9 10 11 12 14 15 16 17 18 19 20 21 22 25 26 28 29 31 32 33 34 35 37 38 39 40 41 42 43 46 49 0

39
1 2 3 4 5 6 7 8 9 10 11 12 13 14 15 18 19 20 21 22 23 25 26 27 28 29 30 32 33 34 36 37 38 39 41 42 43 44 45 46 47 49 50 0
1 2 3 4 5 7 8 9 10 11 12 14 15 16 17 19 20 22 25 26 28 29 31 32 33 34 35 37 38 39 40 41 42 43 45 46 47 48 0

40
2 4 5 6 8 10 11 12 13 14 15 16 17 18 19 20 21 22 23 25 26 27 29 30 32 33 34 36 37 41 42 43 44 45 46 47 48 49 50 0
1 2 3 4 5 8 9 10 12 13 15 16 17 18 19 20 21 22 23 25 26 28 29 31 32 33 34 35 36 37 38 39 40 41 42 43 45 46 47 48 49 50 0

41
3 4 5 6 8 9 10 12 13 14 15 18 19 20 21 22 23 24 25 26 27 28 29 31 32 33 35 36 37 38 39 40 41 42 43 44 45 46 47 48 49 50 0
1 2 3 4 5 7 8 9 10 11 12 14 15 16 17 18 19 20 21 22 25 26 28 29 31 32 33 34 35 36 37 38 39 40 41 42 43 46 47 48 0

42
1 2 3 4 5 7 8 9 10 12 13 14 16 18 19 20 21 22 23 25 26 27 29 32 33 34 35 36 37 38 39 41 42 43 44 45 46 47 49 50 0
1 2 3 4 7 8 9 10 11 12 13 14 15 16 17 18 19 20 22 25 28 29 31 32 33 34 35 37 38 39 40 41 42 43 45 46 47 48 49 50 0

43
1 2 5 6 7 8 9 11 12 13 14 15 16 17 18 19 21 22 23 24 25 28 29 30 31 32 33 34 35 36 37 39 40 41 44 45 46 47 48 49 50 0
1 2 3 4 5 6 8 9 10 12 13 14 15 16 17 18 19 20 21 22 24 25 26 27 28 29 30 31 32 33 34 35 36 37 38 39 40 41 42 43 45 46 49 50 0

44
2 3 4 5 8 10 11 13 14 16 18 19 20 21 22 23 25 26 27 29 30 31 33 34 35 36 37 41 42 43 44 45 46 47 48 49 50 0
1 2 3 4 5 7 8 9 10 11 12 13 14 15 16 17 18 19 20 21 22 25 26 28 29 31 33 34 35 36 37 38 39 40 41 42 43 45 46 47 48 50 0

45
2 3 4 5 8 10 11 12 13 14 15 16 18 19 20 21 22 23 24 25 26 27 29 30 31 33 34 36 37 39 40 41 42 43 44 45 46 47 48 49 50 0
1 2 3 4 5 7 8 9 10 11 12 13 14 15 16 17 18 19 20 21 22 23 25 26 28 29 31 32 33 34 35 36 37 38 39 40 41 42 43 45 46 47 48 50 0

46
1 2 3 4 5 6 7 8 9 10 13 14 15 16 18 19 20 21 22 23 25 27 28 29 30 31 32 33 34 35 36 37 38 39 40 41 42 43 44 45 46 47 49 50 0
1 5 7 8 9 11 12 13 14 15 17 18 20 21 26 28 29 32 33 35 36 37 38 39 40 41 42 43 45 48 49 50 0

47
2 3 5 7 8 10 11 12 13 14 15 16 17 18 19 20 21 22 23 25 26 27 28 29 31 32 33 35 36 37 38 39 40 41 42 44 45 46 47 49 50 0
2 3 4 6 9 10 15 16 19 20 22 23 24 25 26 27 28 30 31 33 34 35 37 39 46 47 49 0

48
2 3 4 5 6 7 8 11 12 13 14 15 16 17 18 19 20 21 22 23 24 25 26 28 29 30 31 32 35 36 37 38 39 40 41 44 45 46 47 48 49 50 0
1 2 3 4 6 8 9 10 12 13 15 16 17 19 20 22 23 24 25 26 27 28 29 30 31 33 34 35 37 38 39 40 43 44 46 47 49 0

49
1 2 3 5 6 7 9 10 11 12 13 14 15 16 17 18 19 21 22 24 25 27 28 29 30 31 32 33 34 35 36 37 38 39 41 43 44 45 46 47 48 49 50 0
1 2 9 13 14 15 17 20 21 26 32 33 35 36 37 38 39 40 42 45 49 50 0

50
1 2 3 5 7 8 9 10 11 12 13 14 15 16 18 19 20 21 22 23 26 27 29 31 32 34 35 36 37 38 40 41 42 44 45 46 47 48 49 50 0
1 2 3 4 9 10 13 15 16 19 20 22 23 25 26 28 31 32 33 34 35 37 39 40 45 46 47 49 50 0

51
2 3 4 5 6 7 8 9 10 11 13 14 15 16 17 18 19 21 22 23 24 25 26 28 29 30 31 32 33 34 35 36 37 38 39 40 41 44 45 46 47 49 50 0
1 2 3 4 9 10 13 15 16 19 20 22 23 25 26 28 29 31 32 33 34 35 37 38 39 40 43 46 47 49 0

52
1 2 3 4 5 7 8 9 10 12 13 14 15 16 18 19 21 22 23 26 27 29 30 31 32 34 36 37 38 41 42 44 45 46 47 48 49 50 0
1 2 3 4 9 10 13 15 16 19 20 22 23 25 26 28 31 32 33 34 35 37 38 39 40 42 43 46 47 49 0

53
1 2 3 4 5 6 8 10 11 12 13 19 20 21 22 23 24 25 26 27 28 29 30 31 33 34 35 36 37 38 40 41 42 43 44 45 46 47 48 50 0
1 2 3 4 5 7 8 9 10 11 12 14 15 16 17 18 19 20 22 24 25 26 28 29 31 33 34 35 37 38 39 40 41 42 43 46 47 0

54
1 2 3 4 5 8 10 13 15 16 17 18 19 20 21 22 24 25 26 27 28 29 30 31 33 35 36 37 38 39 40 41 43 44 45 46 47 48 49 50 0
2 3 4 5 6 8 9 10 12 15 16 17 19 20 22 23 24 25 26 27 28 29 30 31 34 35 38 39 40 41 43 44 46 47 0

55
1 2 3 4 5 6 7 8 10 11 12 13 14 15 16 17 18 19 20 21 22 23 24 25 26 27 29 30 31 32 33 34 35 36 37 38 39 40 41 42 43 44 45 46 47 48 49 50 0
1 2 3 4 6 8 9 10 12 13 15 16 17 19 20 22 23 24 25 26 28 29 30 31 33 34 35 37 38 39 40 42 43 46 47 49 0

56
1 2 3 4 5 6 7 9 10 12 13 14 15 16 18 19 20 21 22 23 24 25 27 28 29 30 31 32 33 34 35 36 37 38 39 40 41 42 44 45 46 47 49 50 0
1 2 3 4 5 7 8 9 10 11 12 13 14 15 16 18 19 20 21 22 25 28 29 31 32 33 34 35 36 37 38 39 40 41 42 43 44 45 46 47 48 49 50 0

57
1 3 4 5 6 8 9 10 11 13 14 15 16 17 18 19 21 22 23 24 25 26 27 28 29 30 31 32 33 34 35 36 37 38 39 40 41 42 43 44 45 46 47 48 49 50 0
2 3 4 5 6 7 8 9 10 11 12 15 16 19 20 21 22 23 24 25 28 29 30 31 32 33 34 35 39 40 42 43 44 46 47 48 0

58
2 3 4 5 6 7 8 9 10 12 13 18 19 20 22 23 25 26 27 28 29 30 32 33 34 35 36 37 38 40 41 42 43 44 45 46 47 48 50 0
1 2 3 4 5 7 8 9 10 11 12 14 15 16 17 18 19 20 21 22 24 25 26 28 29 31 32 33 34 35 36 37 38 39 40 41 42 43 45 46 47 48 49 0

59
1 2 3 4 5 6 7 8 9 11 13 14 15 17 18 19 20 21 22 24 25 26 27 28 29 30 31 33 35 36 37 38 39 40 41 44 45 46 47 48 49 50 0
1 2 3 4 5 6 7 8 9 10 11 12 13 15 16 17 18 19 20 22 23 25 26 27 28 29 30 31 32 33 34 35 37 38 39 40 42 43 46 47 49 0

60
1 2 3 5 7 8 9 10 11 12 13 14 15 16 18 19 20 21 22 23 26 27 28 29 32 34 36 37 38 41 42 44 45 46 47 48 49 50 0
1 2 3 4 7 8 9 10 13 15 16 17 18 19 20 21 22 25 26 28 29 31 32 33 34 35 37 38 39 40 42 43 45 46 47 48 49 50 0

61
2 3 4 5 7 9 10 11 12 13 14 15 16 17 19 20 21 22 23 24 25 26 27 29 30 31 34 36 37 41 42 43 44 45 46 47 48 49 50 0
1 2 3 4 9 10 13 15 16 19 20 22 25 26 28 29 31 33 34 35 37 38 39 42 46 47 49 50 0

62
2 3 4 5 8 10 11 13 15 16 18 19 20 21 22 23 25 26 27 29 30 33 34 36 37 39 40 41 42 43 44 45 46 47 48 49 50 0
1 2 3 4 5 7 8 9 10 11 12 14 15 16 17 18 19 20 22 23 25 26 28 29 31 33 34 35 37 38 39 40 41 42 43 46 47 0

63
1 2 3 4 5 6 7 8 9 10 11 12 13 14 15 16 17 18 19 20 21 22 23 24 25 26 27 28 29 30 31 32 33 34 36 37 38 40 41 42 43 44 45 46 47 48 49 50 0
1 2 3 4 6 9 10 13 15 16 19 20 22 23 24 25 26 28 30 31 32 33 34 35 37 38 39 40 42 45 46 47 49 50 0

64
2 3 4 5 6 7 8 9 10 11 12 13 14 17 18 19 20 21 22 23 25 26 27 28 29 31 33 34 36 37 38 40 41 42 43 44 45 46 47 48 50 0
2 3 4 6 9 10 15 16 19 20 22 23 24 25 26 27 28 30 31 34 35 39 44 46 47 49 0

65
2 5 8 10 11 12 13 14 15 16 17 18 19 20 21 22 23 25 27 28 29 30 31 32 33 34 35 36 37 39 41 42 44 45 46 47 48 49 50 0
1 2 3 4 5 8 9 10 12 13 15 16 17 18 19 20 21 22 25 26 28 29 31 32 33 34 35 36 37 38 39 40 41 42 43 45 46 47 48 49 50 0

66
1 2 3 4 5 6 7 8 9 11 13 14 15 16 17 18 19 21 22 23 24 25 26 27 28 29 30 31 32 33 34 35 36 37 38 40 41 44 45 46 47 49 50 0
1 2 3 4 6 7 8 9 10 11 12 13 15 16 17 19 20 22 23 24 25 26 27 28 29 30 31 32 33 34 35 37 38 39 40 43 46 47 49 0

67
1 2 4 5 6 8 10 12 13 14 15 16 17 18 19 20 21 22 23 24 25 26 27 28 29 34 35 36 37 39 40 41 42 43 44 45 46 47 48 49 50 0
1 2 3 4 5 6 7 8 9 10 11 12 13 15 16 17 18 19 20 21 22 23 24 25 26 28 29 31 32 33 34 35 36 37 38 39 40 41 42 43 44 45 46 47 48 49 50 0

68
1 2 4 5 6 7 9 10 11 12 13 14 15 16 17 18 19 21 22 23 24 25 26 27 28 29 31 32 33 34 35 36 37 38 39 40 41 43 44 46 47 48 49 50 0
1 2 5 7 8 9 10 12 13 14 15 17 18 20 21 25 26 29 32 33 35 36 37 38 39 40 41 42 43 45 48 49 50 0

69
1 2 5 8 10 11 12 13 14 15 16 17 18 19 20 21 22 23 25 27 28 29 30 31 32 33 34 35 36 37 39 41 42 44 45 46 47 48 49 50 0
1 2 3 4 5 8 9 10 12 13 15 16 17 18 19 20 21 22 25 26 28 29 31 32 33 34 35 36 37 38 39 40 41 42 43 45 46 47 48 49 50 0

70
1 2 3 4 5 7 8 10 11 12 13 15 16 18 19 20 21 22 23 25 26 27 29 30 31 33 34 35 36 37 38 40 41 42 43 44 45 46 47 48 49 50 0
1 2 3 4 5 7 8 9 10 11 12 14 15 16 17 18 19 20 21 22 24 25 26 28 29 31 32 33 34 35 36 37 38 39 40 41 42 43 45 46 47 48 0

71
2 3 4 5 8 10 13 14 15 16 17 18 19 20 21 22 24 25 27 29 31 32 33 35 36 37 39 40 41 43 44 45 46 47 48 49 50 0
1 2 3 4 5 6 8 9 10 12 15 16 17 19 20 22 23 24 25 26 27 28 29 30 31 33 34 35 38 39 44 46 47 0

72
2 3 4 5 8 10 11 12 13 14 15 16 17 18 19 20 21 22 23 25 26 27 29 30 31 33 36 37 39 40 41 42 43 44 45 46 47 48 49 50 0
1 2 3 4 5 8 9 10 12 13 15 16 17 18 19 20 21 22 25 26 28 29 31 32 33 34 35 36 37 38 39 40 41 42 43 45 46 47 48 49 50 0

73
1 2 3 4 5 6 7 8 9 10 11 12 13 15 16 17 18 19 20 21 22 23 25 26 29 30 31 32 33 34 36 37 38 40 41 42 44 45 46 47 49 50 0
2 3 4 9 10 15 16 19 20 22 23 24 25 26 27 28 31 34 35 39 44 46 47 0

74
2 4 5 6 8 10 11 12 13 14 15 16 17 18 19 20 21 22 23 24 25 26 27 29 30 31 32 33 34 36 37 41 42 43 44 45 46 47 48 49 50 0
1 2 3 4 5 8 9 10 12 13 15 16 17 18 19 20 21 22 25 26 28 29 31 32 33 34 35 36 37 38 39 40 41 42 43 45 46 47 48 49 50 0

75
1 3 5 6 7 8 11 12 13 15 16 17 18 19 20 21 22 24 25 28 29 30 31 33 36 37 39 40 41 42 43 44 45 46 47 48 49 0
2 3 4 6 9 10 15 16 19 20 22 23 24 25 26 28 30 31 34 35 37 38 39 40 42 43 46 47 0

76
1 2 3 4 5 8 10 11 12 13 15 16 18 19 20 21 22 23 25 26 27 29 30 33 34 36 37 38 39 40 41 42 43 44 45 46 47 48 49 50 0
1 2 3 4 5 7 8 9 10 11 12 14 15 16 17 18 19 20 21 22 23 25 26 28 29 31 32 33 34 35 36 37 38 39 40 41 42 43 45 46 47 48 0

77
1 2 3 4 5 7 8 10 11 12 13 15 16 17 18 19 20 21 22 23 24 25 26 27 29 31 32 33 34 35 36 37 38 39 41 42 43 44 45 46 47 48 49 50 0
2 3 4 6 9 10 15 16 19 20 22 23 24 25 26 27 28 30 31 34 35 39 44 46 47 0

78
1 2 3 4 5 7 8 10 11 12 13 14 15 16 17 18 19 20 21 22 23 24 26 27 28 29 30 32 34 35 36 37 38 39 40 41 42 43 44 45 46 47 48 49 50 0
2 3 4 6 9 10 12 15 16 17 19 20 22 23 24 25 27 28 29 30 31 33 34 35 39 40 43 44 46 47 50 0

79
1 2 3 4 5 6 7 8 11 13 14 15 16 17 18 19 20 21 22 23 24 25 26 28 29 30 31 32 33 35 36 37 38 39 40 41 44 45 46 47 48 49 50 0
2 3 4 6 9 10 12 13 15 16 17 19 20 22 23 24 25 26 27 28 29 30 31 33 34 35 37 38 39 40 43 44 46 47 49 0

80
1 2 3 4 5 6 7 8 9 10 11 12 13 14 15 16 17 18 19 20 21 22 23 24 25 27 28 29 30 31 32 33 34 35 36 37 38 39 40 41 42 43 44 45 46 47 48 49 50 0
1 2 3 4 5 7 8 9 10 11 12 13 14 15 16 17 18 19 20 21 22 25 26 27 28 29 31 32 33 34 35 36 37 38 39 40 41 42 43 45 46 47 48 49 50 0

81
1 3 4 5 6 8 9 10 13 14 15 18 19 20 21 22 23 24 25 26 27 29 31 32 33 34 35 36 37 38 39 40 41 42 43 44 45 46 47 48 49 50 0
1 2 3 4 5 7 8 9 10 11 12 14 15 16 17 19 20 21 22 23 24 25 26 28 29 31 32 33 34 35 37 39 40 42 43 46 47 48 0

82
1 2 3 4 5 6 7 9 10 11 12 13 14 15 16 17 18 19 21 22 23 24 26 28 29 32 34 35 36 37 38 39 40 41 42 44 45 46 47 48 49 50 0
2 3 4 9 10 15 16 19 20 22 23 25 26 28 31 34 35 39 46 47 0

83
1 3 4 5 6 7 8 10 11 12 13 14 15 16 18 19 20 21 22 24 25 26 27 28 29 31 33 34 36 37 39 40 41 42 43 44 45 46 47 48 49 50 0
1 2 3 4 5 8 9 10 12 13 15 16 17 18 19 20 21 22 23 25 26 28 29 31 32 33 34 35 36 37 38 39 40 41 42 43 45 46 47 48 49 50 0

84
1 2 3 4 5 6 7 8 9 10 12 13 14 15 18 19 20 21 22 23 24 25 26 27 28 29 30 31 32 33 34 35 36 37 38 39 41 42 43 44 45 46 47 48 50 0
1 2 3 4 5 7 8 9 11 12 14 15 16 17 18 20 21 22 25 26 28 29 31 32 33 34 35 36 37 38 39 40 41 42 43 45 47 48 49 0

85
2 3 4 5 10 11 12 13 14 15 18 19 20 21 22 23 24 25 26 27 29 30 31 33 34 36 37 39 40 41 42 43 44 45 46 47 48 49 50 0
1 2 3 4 5 7 8 9 10 11 12 13 14 15 16 17 18 19 20 21 22 23 25 28 29 31 32 33 34 35 36 37 38 39 40 41 42 43 45 46 47 48 49 50 0

86
1 2 3 4 5 6 7 8 9 10 11 12 13 14 16 17 18 19 20 21 22 24 25 27 28 29 30 31 32 34 35 36 37 38 39 40 41 42 44 45 46 47 48 49 50 0
2 3 4 5 6 9 10 13 15 16 19 20 22 24 25 26 28 30 31 34 35 38 39 40 42 43 44 46 47 49 0

87
1 2 3 4 5 6 7 9 10 11 13 14 18 19 21 22 23 24 25 26 28 29 30 31 33 34 36 37 38 40 41 42 44 45 46 47 48 49 50 0
1 5 7 8 9 11 12 13 14 15 17 18 20 21 29 32 33 35 36 37 38 39 40 41 42 43 45 47 48 49 50 0

88
1 3 4 5 6 8 10 11 12 13 14 15 16 18 19 20 21 22 23 25 26 27 28 29 30 31 32 33 34 35 36 37 38 40 41 42 43 44 45 46 47 48 49 50 0
1 2 3 4 5 7 8 9 10 11 12 15 16 17 18 19 20 22 24 25 26 28 29 31 32 33 34 35 38 39 40 41 42 43 44 46 47 0

89
1 2 3 4 5 6 8 10 11 12 13 14 15 16 17 18 19 20 21 22 23 24 25 28 29 30 31 32 33 34 35 36 37 38 39 40 41 42 44 45 46 47 48 49 50 0
1 2 3 4 5 6 8 9 10 12 13 15 16 17 18 19 20 21 22 23 24 25 26 28 29 31 32 33 34 35 36 37 38 39 40 41 42 43 44 45 46 47 48 49 50 0

90
1 2 3 4 5 7 8 9 10 11 12 13 14 15 16 18 19 20 21 22 23 24 25 26 27 28 29 30 32 33 34 35 36 37 38 39 41 42 44 46 47 48 50 0
1 2 3 4 7 8 9 10 12 13 14 15 16 18 19 20 22 25 26 28 29 31 32 33 34 35 36 37 38 39 40 42 43 45 46 47 48 49 50 0

91
1 2 3 4 5 6 8 11 12 13 14 15 16 18 19 20 22 23 24 25 26 27 28 30 31 32 33 34 36 37 38 39 40 41 43 44 45 46 47 48 49 50 0
1 2 3 4 5 7 8 9 10 11 12 15 16 17 18 19 20 22 24 25 26 28 29 31 32 33 34 35 37 38 39 40 41 42 43 44 46 47 0

92
1 3 4 5 6 7 8 10 11 12 13 14 16 17 18 19 20 21 22 23 24 25 26 27 29 31 32 34 35 36 37 41 43 44 45 46 47 48 49 50 0
2 3 4 6 9 10 15 16 19 20 22 23 24 25 26 27 28 30 31 34 35 39 44 46 47 0

93
1 2 4 5 8 10 12 13 14 15 16 18 19 20 21 22 23 24 25 26 27 29 30 31 32 33 36 37 41 42 43 44 45 46 47 48 49 50 0
1 2 3 4 9 10 12 13 15 16 19 20 22 23 25 26 28 29 31 33 34 35 38 39 46 47 50 0

94
1 3 4 5 6 8 9 10 11 12 13 14 15 18 19 20 21 22 23 25 26 27 28 29 30 33 34 36 37 38 41 43 44 45 46 47 48 49 50 0
1 2 3 4 5 7 8 9 10 11 12 15 16 17 18 19 20 22 24 25 26 28 29 31 33 34 35 38 39 40 41 42 43 46 47 0

95
1 2 3 4 5 6 8 10 11 12 13 14 15 16 17 18 19 20 21 22 23 25 26 27 29 30 31 33 36 37 38 39 40 41 42 43 44 45 46 47 48 49 50 0
1 2 3 4 5 7 8 9 10 11 12 13 14 15 16 17 18 19 20 21 22 25 26 28 29 31 32 33 34 35 36 37 38 39 40 41 42 43 45 46 47 48 49 50 0

96
1 3 4 5 6 8 9 10 13 14 15 18 19 20 21 22 23 24 25 26 27 29 31 32 33 34 35 36 37 38 39 40 41 42 43 44 45 46 47 48 49 50 0
1 2 3 4 5 7 8 9 10 11 12 14 15 16 17 19 20 21 22 23 24 25 26 28 29 31 32 33 34 35 37 39 40 42 43 46 47 48 0

97
1 4 5 6 7 8 10 11 12 13 14 15 16 18 19 20 21 22 24 25 26 27 29 30 32 33 34 36 37 38 39 40 41 43 44 45 46 47 48 49 50 0
1 2 3 4 5 8 9 10 12 13 15 16 17 18 19 20 22 23 25 26 28 29 31 32 33 34 35 37 38 39 40 41 42 46 47 49 50 0

98
1 2 3 4 5 6 7 8 9 10 11 12 13 14 15 16 17 18 19 20 21 22 25 27 28 29 30 31 33 34 35 36 37 38 39 40 41 43 44 45 46 47 48 49 50 0
1 2 5 7 8 9 11 12 13 14 15 17 18 20 21 25 26 28 29 31 32 33 35 36 37 38 39 40 41 42 43 45 46 48 49 50 0

99
2 3 4 5 8 10 11 13 14 15 16 18 19 20 21 22 23 24 25 26 27 29 30 33 34 36 37 39 40 41 42 43 44 45 46 47 48 49 50 0
1 2 3 4 5 7 8 9 10 11 12 15 16 17 18 19 20 22 23 25 26 28 29 31 33 34 35 37 38 39 40 41 42 43 46 47 0

100
1 2 3 4 5 6 7 8 9 10 11 12 13 14 16 17 18 19 20 21 22 23 26 27 28 29 31 32 34 36 37 38 40 41 42 43 44 45 46 47 48 49 50 0
2 3 4 6 9 10 15 16 19 20 22 23 24 25 28 31 34 35 39 43 46 47 0

