1
1 3 6 7 8 9 10 11 12 13 14 15 17 18 19 20 21 24 25 26 27 28 29 30 31 32 33 34 35 36 37 39 40 42 44 45 46 48 49 50 0
5 6 7 8 9 10 11 12 18 19 20 21 23 25 27 28 29 30 32 33 34 35 38 39 40 41 42 43 45 46 47 49 50 0
1 2 5 6 8 10 11 12 13 14 15 17 22 24 25 27 32 34 38 40 41 42 44 45 47 0
1 6 9 11 14 15 17 19 20 21 22 25 27 30 33 36 38 39 40 46 47 49 50 0
2 3 4 6 9 10 11 12 14 16 18 22 24 25 26 27 32 35 36 37 39 40 41 43 45 46 47 50 0
1 3 4 22 23 26 27 29 30 34 35 38 40 42 44 45 0
1 4 5 7 17 20 34 36 41 42 43 46 50 0

2
1 2 3 4 5 6 7 8 9 10 11 13 14 15 16 17 19 20 21 22 24 25 26 27 30 31 32 33 34 36 37 38 39 40 41 42 43 45 47 48 49 50 0
1 2 3 4 5 6 7 8 9 10 11 12 14 15 16 17 18 19 20 21 22 23 24 25 27 28 30 31 32 34 35 36 37 38 39 40 41 42 43 44 45 46 47 48 49 50 0
4 5 7 10 11 12 13 14 15 16 17 19 20 21 22 23 24 25 26 27 28 29 30 31 33 34 35 36 37 38 39 40 41 43 44 45 47 48 49 50 0
1 4 7 11 12 15 16 17 19 20 21 22 23 24 25 26 27 30 32 33 35 36 38 39 40 42 46 47 49 50 0
1 2 3 4 5 6 7 9 10 11 14 15 16 18 22 24 25 27 28 30 32 34 35 37 39 40 41 42 43 45 46 47 0
1 3 4 22 23 26 27 29 30 34 35 36 38 40 42 44 45 47 0
1 4 5 7 17 20 34 36 41 42 43 46 50 0

3
1 3 4 7 8 9 10 13 15 16 17 18 19 20 23 24 25 26 27 28 29 30 31 32 33 34 35 36 37 39 40 41 43 45 46 47 48 50 0
1 2 3 4 6 8 9 10 11 12 15 16 17 18 19 20 21 22 23 24 25 27 28 29 30 32 34 35 36 37 38 39 40 41 43 44 45 46 49 0
1 3 5 6 7 8 10 11 12 13 15 19 21 22 23 24 25 26 27 30 32 33 34 35 36 37 40 41 42 43 44 45 47 49 50 0
1 3 4 6 7 8 9 10 11 12 14 15 16 17 19 20 21 22 24 25 26 27 28 30 32 34 36 38 39 40 43 44 45 46 47 49 50 0
1 2 3 4 5 6 8 9 10 11 12 14 15 16 18 19 20 21 22 23 24 25 26 27 28 29 30 32 33 34 35 36 37 39 40 41 42 43 45 46 47 48 0
1 3 4 7 9 11 14 19 21 22 23 26 27 29 30 31 34 35 36 38 40 41 42 43 44 45 47 48 50 0
1 2 4 5 7 17 20 27 30 33 34 36 38 41 42 43 44 46 50 0

4
1 2 3 4 5 6 7 8 9 10 11 13 17 18 19 20 23 24 25 26 27 28 29 30 31 32 33 34 35 37 38 39 41 43 44 45 46 47 48 49 50 0
1 2 3 4 6 7 8 9 10 11 12 13 14 15 17 18 20 21 22 24 27 28 29 30 31 32 34 37 38 39 41 42 43 45 46 47 48 49 50 0
1 2 3 5 6 8 9 10 11 12 13 15 17 19 20 21 22 23 24 25 26 27 28 32 33 34 35 36 37 38 39 41 42 43 44 45 46 47 48 49 50 0
1 2 3 4 6 9 11 12 14 15 16 17 18 19 20 21 22 24 25 26 28 30 32 33 34 35 38 39 40 43 46 47 49 50 0
2 3 4 5 6 7 8 9 10 11 12 13 14 15 16 18 20 21 22 24 25 26 27 28 30 32 33 35 36 37 39 40 41 42 43 45 46 47 48 50 0
1 3 4 5 22 23 26 27 28 29 30 33 34 35 36 38 40 41 42 44 45 47 50 0
1 4 5 7 17 20 34 36 38 41 42 43 44 46 50 0

5
1 2 3 4 6 7 8 9 10 11 12 13 14 15 16 17 18 19 20 21 23 24 25 26 27 28 29 30 31 32 33 34 35 36 37 38 39 40 43 44 45 46 48 49 50 0
1 2 3 4 5 6 7 8 9 10 11 12 15 16 17 18 19 21 22 23 24 25 26 27 28 29 33 34 35 37 38 39 40 41 43 44 45 46 47 0
1 4 5 6 8 9 10 11 12 13 15 18 22 23 25 26 27 28 31 34 35 39 40 41 42 43 45 46 48 49 0
1 9 11 14 15 17 19 20 21 22 24 25 26 29 30 32 33 36 38 39 43 47 49 0
1 2 3 5 6 9 10 11 12 14 15 18 22 24 25 26 27 32 34 35 37 39 40 41 42 43 45 46 47 49 0
1 3 4 22 23 26 27 29 30 31 34 35 36 38 40 41 42 44 45 47 50 0
1 4 5 7 17 20 34 36 38 41 42 43 44 46 50 0

6
1 3 4 5 6 7 8 9 10 11 12 13 14 17 18 19 20 21 22 23 24 25 26 27 28 29 30 32 33 34 36 37 38 39 40 41 43 44 45 46 49 50 0
1 4 5 6 7 8 9 10 11 12 15 16 18 19 20 21 22 23 24 26 27 28 29 30 31 32 33 34 35 39 40 41 43 44 45 46 48 49 0
4 9 10 11 12 13 14 15 18 19 21 22 23 24 26 27 28 30 33 34 35 37 39 40 41 44 45 46 47 48 49 50 0
1 4 6 7 8 9 10 11 14 15 16 17 19 20 21 22 25 26 28 30 32 36 38 39 40 41 43 44 47 48 49 50 0
1 2 3 5 6 8 9 10 11 12 14 18 20 24 25 28 32 34 35 36 39 40 41 42 43 45 46 47 49 0
1 3 4 11 22 23 26 27 29 30 31 34 35 38 40 41 42 44 45 47 50 0
1 4 5 7 17 20 34 36 38 41 42 43 44 46 50 0

7
1 2 3 4 5 6 7 8 9 11 12 13 14 15 16 17 18 19 21 22 23 24 25 26 27 28 29 30 31 32 33 34 35 36 37 38 39 40 41 42 43 44 45 46 47 48 50 0
1 2 3 4 5 6 7 9 10 11 12 13 15 16 17 18 19 20 21 22 23 24 25 27 28 29 30 32 34 37 38 39 40 41 42 45 46 47 48 49 0
1 2 3 4 5 6 9 10 11 12 13 14 15 17 19 21 22 23 24 25 26 27 28 30 31 32 33 34 35 36 38 39 40 41 42 43 44 45 46 47 49 50 0
1 3 4 6 7 9 10 11 12 15 16 17 18 19 20 21 22 24 25 26 27 28 30 32 34 36 38 39 43 46 47 49 50 0
1 2 3 4 5 6 8 9 10 11 12 14 15 16 18 19 20 21 22 23 24 25 26 27 28 30 31 32 33 34 35 36 37 38 39 40 41 42 43 44 45 46 47 48 0
1 3 4 9 11 14 17 19 21 22 23 26 27 29 30 31 34 35 38 40 41 42 43 44 45 47 48 50 0
1 2 4 5 7 10 17 20 24 27 30 33 34 36 38 41 42 43 44 46 50 0

9
1 3 4 5 7 8 9 10 12 13 14 15 16 17 18 19 20 21 23 24 28 30 32 33 34 35 36 37 38 39 40 42 43 44 45 46 47 48 49 50 0
1 2 3 4 5 6 7 8 9 10 12 13 17 18 21 23 25 26 27 29 30 32 34 37 38 39 41 43 45 47 48 49 0
2 3 5 6 7 8 10 11 12 13 15 16 22 23 24 26 27 28 30 32 33 34 38 39 41 42 44 45 50 0
6 9 11 12 15 16 17 19 20 21 22 24 25 26 27 28 30 32 38 39 40 41 43 45 46 47 49 50 0
1 2 3 4 5 6 8 9 10 11 12 14 15 18 20 21 24 25 26 27 28 31 32 33 34 35 36 37 39 40 41 42 43 45 46 47 48 0
1 3 4 22 23 26 27 29 30 31 34 35 38 40 41 42 44 45 47 50 0
1 4 5 7 17 20 34 36 38 41 42 43 44 46 50 0

10
1 2 3 4 5 6 7 8 9 10 11 13 14 15 16 17 18 19 20 21 22 23 24 26 27 28 29 30 31 32 33 34 36 37 38 39 40 41 42 43 44 45 46 47 48 49 50 0
1 3 4 5 6 7 8 10 11 12 14 15 16 17 18 19 20 22 23 24 26 27 28 29 30 31 32 33 34 35 36 37 38 39 40 41 42 43 44 45 46 47 48 49 50 0
3 4 5 6 7 8 9 10 11 12 13 14 15 16 18 19 20 21 22 23 24 25 26 27 28 29 30 33 34 35 36 37 39 40 41 42 43 44 45 46 47 48 49 50 0
1 3 4 8 9 10 11 12 13 14 15 16 17 18 19 20 21 22 23 24 25 26 27 28 29 30 31 32 33 34 35 36 38 39 40 41 42 43 46 47 49 50 0
1 2 3 5 6 7 8 9 10 11 12 14 17 18 19 20 21 23 24 25 27 28 30 32 34 35 37 39 40 41 42 43 45 46 47 49 0
1 3 4 7 9 11 14 17 19 22 23 26 27 29 30 31 34 35 36 38 39 40 41 42 43 44 45 47 48 50 0
1 2 4 5 7 8 16 17 20 24 27 30 33 34 36 38 40 41 42 43 44 46 49 50 0

11
1 2 3 4 7 8 9 10 11 12 13 14 15 16 17 18 19 20 21 22 23 24 26 27 28 29 30 32 33 34 36 37 39 40 41 42 43 46 47 48 50 0
5 6 8 9 10 11 12 15 16 17 18 19 20 21 22 23 24 25 27 28 29 31 32 33 34 35 36 37 38 39 40 41 43 45 48 49 50 0
6 7 8 10 11 12 13 15 19 20 21 22 23 24 25 26 27 30 32 33 34 37 40 41 44 47 49 0
1 6 8 9 11 13 14 15 16 17 19 20 21 22 25 27 28 30 32 34 36 38 39 40 42 43 45 46 47 49 0
1 2 3 4 5 6 9 10 11 12 14 15 16 18 20 24 25 26 27 28 29 30 32 34 35 36 37 39 40 41 43 45 46 47 0
1 3 4 22 23 26 27 29 30 31 34 35 38 40 41 42 44 45 47 50 0
1 4 5 7 17 20 34 36 38 41 42 43 46 50 0

13
1 2 3 4 5 7 8 9 10 11 12 13 14 15 16 17 19 20 21 22 23 24 25 26 27 29 31 32 33 34 35 36 37 39 40 41 42 43 44 45 46 47 49 50 0
3 6 7 8 10 11 12 13 14 15 17 19 21 22 23 24 25 26 28 31 33 34 35 36 39 40 41 43 45 47 48 49 50 0
1 3 4 6 8 9 10 11 12 13 14 15 16 18 19 20 21 22 23 24 25 26 27 28 30 31 32 34 36 37 38 39 40 41 42 43 45 46 49 0
2 3 4 5 6 7 8 9 11 12 15 17 18 19 21 22 25 26 27 28 29 30 32 33 34 36 37 38 39 41 43 44 45 46 47 49 0
1 2 3 5 6 7 9 10 11 12 14 15 18 20 22 23 25 28 29 30 32 33 34 35 36 38 39 40 41 43 45 46 47 48 49 0
1 3 4 5 6 7 11 12 14 17 19 21 22 23 25 26 27 29 30 31 34 35 36 37 38 40 41 42 43 44 45 47 48 49 50 0
1 2 4 5 7 8 10 16 17 20 24 27 30 33 34 36 38 40 41 42 43 44 46 49 50 0

14
1 4 5 6 7 9 10 11 12 14 15 16 17 18 19 20 21 23 24 25 27 28 29 30 31 32 33 34 35 36 37 38 39 40 42 43 44 45 46 47 48 49 50 0
1 2 3 4 6 7 9 10 11 12 13 14 15 16 18 19 20 21 22 23 24 25 27 28 29 30 31 32 33 34 37 39 41 42 43 44 45 46 47 48 49 50 0
1 2 3 5 6 8 10 11 12 13 15 20 22 24 25 26 27 30 31 32 33 34 35 36 39 41 43 44 45 47 49 50 0
1 2 6 9 11 15 16 17 19 20 21 22 24 25 26 27 28 29 30 32 33 36 38 39 40 41 43 46 47 49 50 0
2 3 4 5 6 7 9 10 11 12 13 14 15 16 18 22 24 25 26 27 28 30 32 33 35 36 37 39 40 41 42 43 45 46 47 50 0
1 2 3 4 5 12 16 18 20 22 23 26 27 28 29 30 33 34 35 36 38 40 42 44 45 0
1 4 5 7 17 20 22 28 31 34 36 39 41 42 43 46 50 0

16
1 2 3 4 7 8 9 10 11 12 13 14 18 19 20 21 22 23 24 25 26 27 28 29 31 32 33 34 35 36 37 38 39 40 41 42 43 44 45 46 47 48 49 50 0
2 3 4 5 6 7 8 9 10 11 12 13 14 15 16 17 18 19 20 21 22 23 24 26 27 28 29 30 31 32 33 34 35 37 38 39 40 41 43 44 45 46 47 48 49 50 0
1 4 5 6 7 8 9 11 12 13 14 15 18 19 20 22 23 24 26 27 30 31 32 33 34 35 36 39 40 41 42 43 44 45 46 48 49 0
1 4 7 9 10 11 15 16 17 19 20 21 22 25 26 27 28 30 32 33 35 38 39 40 41 43 46 47 49 0
1 2 3 5 6 9 10 11 12 14 18 22 24 25 28 32 34 35 36 39 40 41 43 45 46 47 49 0
1 3 4 22 23 26 27 29 30 34 35 38 40 41 42 44 45 47 50 0
1 4 5 7 17 20 34 36 38 41 42 43 44 46 50 0

18
1 3 4 5 6 7 8 9 10 11 14 15 16 18 19 20 21 22 23 24 27 28 29 30 31 33 34 35 36 37 38 40 41 42 43 44 45 46 47 48 49 50 0
1 2 3 4 5 6 7 9 10 11 12 13 15 16 17 18 21 22 23 24 25 26 27 28 29 30 34 35 36 38 39 41 42 44 45 46 47 48 50 0
1 2 3 6 7 11 12 13 14 15 16 21 22 23 24 25 26 27 31 32 33 34 35 36 38 40 41 43 44 45 46 47 49 50 0
3 4 6 8 9 11 12 13 15 16 17 19 20 21 24 25 26 28 29 30 32 33 34 38 39 40 45 46 47 49 50 0
2 3 4 5 6 7 9 10 11 12 14 15 18 20 21 24 25 26 27 28 30 32 35 36 37 39 40 41 43 45 46 47 0
1 3 4 22 23 26 27 29 30 34 35 38 40 41 42 44 45 47 50 0
1 4 5 7 17 20 34 36 41 42 43 46 50 0

19
1 2 3 4 5 6 7 8 9 10 11 14 15 16 17 18 19 21 23 24 27 28 29 30 33 34 35 36 37 39 40 41 42 43 46 47 48 49 50 0
1 2 3 4 5 6 8 9 10 11 12 14 15 16 17 18 19 20 21 23 24 25 26 27 28 29 30 31 33 34 36 38 39 40 41 42 43 44 45 46 47 48 49 50 0
1 2 3 6 7 11 12 13 14 15 16 18 19 21 22 23 24 25 26 27 29 30 31 32 33 34 35 36 37 38 39 40 41 42 44 45 47 48 49 50 0
1 2 3 4 6 8 9 10 11 12 13 15 16 17 18 19 20 21 22 23 24 25 26 29 30 31 32 33 34 35 38 40 42 44 45 46 47 49 50 0
1 2 3 4 5 6 7 9 10 11 12 14 15 16 17 18 20 21 22 23 24 25 26 27 28 29 30 32 34 35 36 37 39 40 41 43 45 46 47 49 50 0
1 3 4 5 7 11 21 22 23 26 27 28 29 30 31 33 34 35 36 38 39 40 41 42 43 44 45 47 48 50 0
1 4 5 7 17 20 34 36 38 41 42 43 44 46 50 0

20
3 4 5 7 8 10 12 13 14 15 17 18 19 20 23 24 25 26 28 30 31 32 33 34 35 36 37 38 39 40 42 43 44 45 46 47 48 49 50 0
1 2 3 4 5 6 7 8 9 10 12 13 16 18 19 21 22 23 25 26 27 28 29 30 31 32 34 35 37 38 39 41 42 43 44 45 46 47 48 50 0
1 2 3 5 6 8 9 10 11 12 13 15 20 22 24 26 27 28 30 32 33 34 39 41 42 43 44 45 50 0
1 6 7 9 10 11 15 16 17 19 20 21 22 24 25 27 28 29 30 32 36 38 39 40 43 44 46 47 49 50 0
1 2 3 4 5 6 8 9 10 11 12 14 15 16 18 21 24 25 26 27 28 32 33 34 35 36 37 39 40 41 42 43 45 46 47 48 0
1 3 4 22 23 26 27 29 30 31 34 35 36 38 40 41 42 44 45 47 50 0
1 4 5 7 17 20 34 36 38 41 42 43 44 46 50 0

21
1 2 3 4 5 6 7 8 9 10 11 12 13 14 15 16 17 18 19 20 21 22 23 24 25 26 27 28 30 31 32 33 35 36 37 38 40 42 43 45 46 47 48 49 50 0
1 2 3 4 5 6 7 8 10 11 14 15 16 17 18 19 20 22 23 24 25 26 27 28 30 31 32 33 34 35 36 37 38 39 40 41 42 43 44 45 46 47 48 49 50 0
4 7 9 10 11 12 13 14 15 16 17 19 20 21 22 23 24 26 27 28 29 30 31 33 34 35 36 37 38 39 40 41 42 43 44 45 47 48 49 50 0
1 2 4 5 6 7 11 12 15 16 17 19 20 21 22 23 24 25 26 27 28 30 32 33 34 35 36 37 38 39 40 42 46 47 49 50 0
1 2 3 4 5 6 7 9 10 11 13 14 15 16 18 20 21 22 24 25 26 27 28 30 32 34 35 37 39 40 41 42 43 45 46 47 0
1 3 4 5 16 22 23 26 27 28 29 30 33 34 35 36 38 40 41 42 44 45 47 50 0
1 4 5 7 17 20 34 36 38 41 42 43 46 50 0

22
2 3 4 5 6 7 8 9 10 11 12 13 14 15 16 18 19 20 22 23 24 25 26 27 28 29 30 31 33 34 35 37 38 39 40 41 42 43 44 45 46 47 48 49 50 0
1 2 3 5 6 8 9 10 11 12 16 17 18 19 20 22 23 24 25 27 28 29 30 31 33 34 35 36 37 38 39 41 42 43 45 46 48 49 50 0
1 6 7 8 10 11 12 13 15 16 19 21 22 23 24 26 27 28 30 32 33 34 37 38 39 40 41 42 44 45 47 50 0
1 4 6 7 9 11 12 13 15 16 17 19 20 21 22 25 27 28 30 32 34 36 38 39 41 46 47 49 50 0
2 3 4 6 9 10 11 14 18 20 21 24 25 28 29 32 34 36 37 39 40 42 43 45 46 47 0
1 3 4 22 23 26 27 29 30 34 35 38 40 41 42 44 45 47 50 0
1 4 5 7 17 20 34 36 41 42 43 46 50 0

23
1 3 6 7 8 9 10 11 12 15 16 17 18 19 20 21 22 23 24 27 28 29 30 31 32 33 34 35 36 37 38 39 40 41 42 43 44 45 46 48 0
2 5 6 7 8 9 10 11 12 13 14 15 16 18 19 20 21 22 23 24 25 27 28 29 31 34 35 36 37 39 41 43 45 46 47 48 49 50 0
1 2 4 7 8 9 10 11 12 13 14 15 18 19 20 21 22 23 24 26 27 28 30 31 32 33 34 38 39 40 41 42 43 44 45 46 47 49 50 0
1 5 6 7 9 11 13 14 15 16 17 19 20 21 22 24 25 26 27 29 30 32 33 34 36 37 38 39 40 41 43 45 47 49 50 0
1 2 3 4 5 6 7 9 10 11 12 14 15 18 24 25 26 27 29 30 32 34 35 36 37 39 40 41 43 45 46 47 49 0
1 3 4 5 6 12 16 22 23 26 27 28 29 30 31 33 34 35 36 38 40 42 44 45 47 50 0
1 4 5 7 17 20 31 34 36 39 41 42 43 46 50 0

24
1 2 3 4 5 6 7 8 9 11 12 13 15 16 17 18 19 20 22 23 24 25 26 27 28 29 30 31 32 33 34 36 37 38 40 42 43 44 45 46 47 48 49 50 0
1 2 4 5 6 7 8 9 10 11 12 15 16 18 19 21 22 23 24 25 26 28 29 31 32 33 34 35 36 37 39 40 41 42 44 45 46 49 50 0
2 5 6 8 10 11 12 13 15 16 17 19 20 21 22 23 24 25 26 27 28 30 31 32 33 34 35 37 38 39 40 41 42 43 44 45 47 48 49 50 0
1 3 4 6 8 9 10 11 12 15 16 17 18 19 20 21 22 24 25 26 28 30 31 32 34 38 39 40 43 44 46 47 48 49 50 0
2 3 4 5 6 8 9 10 11 12 14 15 16 18 19 20 21 22 23 24 25 26 27 28 30 32 33 34 35 36 37 38 39 40 41 42 43 45 46 47 48 49 0
1 3 4 9 11 14 17 19 21 22 23 26 27 29 30 31 34 35 36 38 40 41 42 43 44 45 47 48 50 0
1 2 4 5 7 10 16 17 20 24 27 30 33 34 36 38 40 41 42 43 44 46 49 50 0

26
1 2 3 5 6 8 9 10 11 13 14 15 16 18 19 20 21 22 23 24 25 26 27 28 29 30 31 32 33 34 35 36 37 38 39 40 41 42 43 44 45 46 47 48 0
3 4 5 6 8 9 10 11 12 13 15 16 17 18 20 21 22 25 26 27 29 30 31 33 34 35 36 38 39 41 43 45 46 47 48 50 0
1 2 3 5 8 9 10 11 12 13 14 15 16 17 18 20 22 23 24 25 26 27 29 31 32 33 34 35 36 38 40 41 42 43 44 45 46 47 48 49 50 0
1 2 5 6 9 11 12 15 16 17 18 19 20 21 22 23 24 25 26 27 28 30 32 33 36 37 38 39 40 43 46 47 49 50 0
2 3 4 5 6 7 9 10 11 12 13 14 15 16 18 22 24 25 26 27 28 30 32 35 36 37 39 40 41 42 43 45 46 47 0
1 3 4 5 12 15 16 22 23 26 27 28 29 30 33 34 35 36 38 40 42 44 45 0
1 4 5 7 17 20 22 28 31 34 36 39 41 42 43 46 50 0

27
1 3 4 6 7 8 9 10 11 13 14 15 16 18 19 20 21 22 23 24 25 26 27 29 31 32 33 34 35 36 37 38 39 40 41 42 43 44 45 46 47 48 49 0
1 2 3 4 5 6 7 8 9 10 11 14 15 16 18 19 20 21 22 23 24 25 26 27 28 29 31 32 33 34 35 36 37 39 40 41 42 43 44 45 47 49 50 0
1 3 4 5 7 8 9 10 11 12 13 14 15 18 19 20 21 22 24 26 27 30 31 33 34 35 36 37 38 39 41 42 43 44 45 47 48 49 0
1 5 7 10 11 14 15 17 18 19 20 21 22 24 25 26 29 30 32 33 34 36 37 38 39 40 41 42 43 46 47 49 0
1 2 3 4 5 6 7 9 10 11 12 13 14 15 16 17 18 24 25 27 29 30 32 35 38 39 40 41 42 43 45 46 47 50 0
1 2 3 4 5 6 8 10 12 15 16 18 22 23 24 25 26 27 28 29 30 32 33 34 35 36 38 40 42 44 45 46 0
1 4 5 6 7 11 17 20 22 28 31 34 36 39 41 42 43 46 50 0

28
1 3 4 5 7 8 9 12 13 14 15 16 17 18 19 20 21 23 24 25 26 27 28 29 30 32 33 34 35 36 37 38 39 40 41 42 43 44 45 46 47 48 50 0
1 2 3 4 5 6 7 8 9 10 11 12 13 15 18 19 20 21 22 23 24 25 27 29 30 31 32 34 37 38 39 41 42 45 46 47 48 0
1 2 5 6 7 8 10 11 12 13 15 16 17 19 21 22 24 25 26 27 28 32 33 34 35 36 39 40 41 43 44 45 46 47 48 49 50 0
1 6 7 9 10 11 12 15 16 17 19 20 21 22 24 25 26 27 28 30 32 36 38 39 43 45 46 47 49 50 0
2 3 4 5 6 8 9 10 11 12 14 15 16 17 18 20 21 22 23 24 25 26 27 28 29 30 32 33 34 35 36 37 38 39 40 41 42 43 45 46 47 48 0
1 3 4 9 19 21 22 23 26 27 29 30 31 34 35 38 40 41 42 44 45 47 48 50 0
1 4 5 7 17 20 27 33 34 36 38 41 42 43 44 46 50 0

29
1 3 4 5 6 7 8 9 10 11 12 13 14 15 16 17 18 19 20 22 23 24 25 26 27 28 29 30 31 32 33 34 35 36 37 39 40 41 42 43 45 46 48 50 0
1 2 3 4 5 6 7 8 9 10 11 12 16 17 18 19 20 21 23 25 27 28 29 32 34 35 36 37 39 40 41 42 43 44 45 46 47 48 49 50 0
2 5 6 7 10 11 12 13 15 16 19 21 22 23 24 26 27 30 32 33 34 37 38 40 41 43 44 45 47 49 50 0
1 3 4 6 7 8 9 10 11 12 15 16 17 19 20 21 22 25 26 27 28 30 31 32 34 38 39 43 44 45 46 47 49 50 0
1 2 3 4 6 8 9 10 11 12 14 15 16 17 18 19 20 21 23 24 25 27 28 29 30 31 32 33 34 35 36 37 38 39 40 41 42 43 44 45 46 47 48 0
1 3 4 7 9 11 14 17 19 21 22 23 26 27 29 30 31 34 35 38 39 40 41 42 43 44 45 47 48 50 0
1 2 4 5 7 8 10 14 16 17 20 21 24 27 30 33 34 36 38 40 41 42 43 44 46 49 50 0

30
1 2 3 4 5 6 7 8 9 10 11 12 13 16 18 19 20 21 22 23 24 25 27 28 29 30 31 32 33 34 35 36 37 38 39 40 42 45 46 48 49 50 0
1 2 3 4 5 6 7 10 11 12 14 15 16 18 19 21 22 24 26 27 28 29 31 32 33 34 35 36 37 40 41 43 44 45 47 48 0
1 3 4 5 6 7 8 9 10 11 12 13 14 15 16 17 18 20 22 23 24 26 27 28 30 31 32 34 36 39 40 41 42 43 45 49 50 0
4 5 7 9 11 14 15 17 18 19 20 21 22 23 25 26 30 32 33 34 37 38 39 40 41 42 43 46 47 49 0
1 2 3 4 5 6 9 10 11 12 13 14 15 16 18 22 24 25 27 32 34 35 36 39 40 41 43 45 46 47 49 50 0
1 3 4 5 6 8 12 16 22 23 25 26 27 29 30 31 34 35 36 38 40 41 42 44 45 47 50 0
1 4 5 7 17 20 34 36 41 42 43 44 46 50 0

31
1 3 4 5 6 7 8 9 10 11 12 13 14 15 16 17 18 19 21 23 24 26 27 28 29 30 31 32 33 34 35 36 37 38 39 40 41 42 43 44 46 47 48 49 50 0
1 2 3 4 5 6 7 8 9 10 11 12 14 15 16 18 19 20 21 23 24 25 26 27 28 29 30 31 32 34 36 37 38 39 40 41 42 43 44 45 46 47 48 49 0
1 2 3 6 7 11 12 13 15 16 17 18 19 21 22 23 24 25 26 27 29 30 31 32 33 34 36 37 39 40 41 42 44 45 47 48 49 50 0
1 3 4 6 7 8 9 10 11 12 13 14 15 16 17 18 19 20 21 22 23 24 25 26 30 31 32 34 37 38 39 40 42 43 44 45 46 47 49 50 0
1 2 3 4 5 6 8 9 10 11 12 14 15 16 17 18 19 20 21 22 23 24 25 26 27 28 29 30 32 33 34 35 37 39 40 41 42 43 44 45 46 47 49 0
1 3 4 7 9 11 14 17 19 21 22 23 26 27 29 30 31 34 35 38 39 40 41 42 43 44 45 47 48 49 50 0
1 2 4 5 7 8 10 13 14 16 17 20 21 24 27 30 32 33 34 36 38 40 41 42 43 44 46 48 49 50 0

32
1 3 4 5 6 7 8 9 10 11 12 13 14 15 17 18 19 20 21 22 23 24 27 28 29 30 31 32 33 34 35 36 37 38 39 40 41 42 43 44 45 46 47 48 49 50 0
1 2 3 4 5 6 7 9 10 11 12 13 15 16 17 18 19 20 21 22 23 25 27 28 29 30 32 34 37 38 39 41 42 43 44 45 46 47 50 0
1 5 6 8 10 11 12 13 15 17 20 22 24 25 26 27 28 30 32 33 34 35 36 39 41 43 44 45 47 49 50 0
1 2 6 9 11 15 16 17 19 20 21 22 24 25 26 27 30 32 33 36 38 39 40 46 47 49 50 0
2 3 4 5 6 7 9 10 11 12 14 15 16 18 22 24 25 26 27 28 30 32 35 36 37 39 40 41 42 43 45 46 47 50 0
1 3 4 5 16 22 23 26 27 28 29 30 33 34 35 36 38 40 42 44 45 0
1 4 5 7 17 20 34 36 41 42 43 46 50 0

33
1 2 3 4 5 6 7 8 9 10 11 12 13 15 17 18 19 20 23 24 25 27 28 29 30 31 32 33 34 35 36 37 38 39 40 41 42 43 44 46 47 48 49 50 0
1 2 3 4 5 6 7 8 9 10 11 12 13 14 15 16 17 18 19 20 21 22 23 24 25 26 27 28 29 30 31 33 34 36 38 39 41 42 43 45 46 47 48 49 0
1 2 3 4 5 6 7 8 11 12 13 14 15 16 17 18 19 20 21 22 23 24 25 26 27 28 29 30 31 32 33 34 35 36 37 39 40 41 42 43 44 45 46 47 48 49 0
1 2 3 4 6 8 9 10 11 12 13 15 16 17 18 19 20 21 22 23 24 25 26 29 30 31 32 33 34 35 36 38 40 42 44 45 46 47 49 50 0
1 2 3 4 5 6 7 9 10 11 12 14 15 17 18 20 22 23 24 25 26 27 28 29 30 32 34 35 36 37 39 40 41 43 45 46 47 49 50 0
1 2 3 4 5 6 7 11 12 16 18 20 21 22 23 26 27 28 29 30 31 33 34 35 36 38 40 41 42 43 44 45 47 48 50 0
1 4 5 7 17 20 22 28 34 36 38 41 42 43 44 46 50 0

34
1 2 3 4 5 7 8 12 14 15 17 18 19 21 22 23 24 25 26 27 28 29 30 32 33 34 35 37 38 39 40 42 43 44 45 46 47 48 49 50 0
1 2 3 4 5 6 7 8 9 10 12 13 15 16 18 19 20 21 23 24 25 26 27 28 29 30 31 32 33 34 36 37 39 40 41 42 43 45 47 48 0
2 3 4 5 6 7 8 9 10 11 12 13 14 15 16 17 18 19 21 22 23 24 26 27 28 32 33 34 35 37 38 39 40 41 42 44 45 46 47 49 50 0
1 3 4 6 7 8 9 10 11 12 13 15 16 17 18 19 20 21 22 24 25 26 27 28 30 32 38 39 43 44 45 46 47 49 50 0
1 2 3 5 6 8 9 10 11 12 14 15 17 18 19 20 21 22 24 25 27 28 31 32 33 34 35 36 37 38 39 40 41 42 43 44 45 46 47 48 0
1 3 4 7 9 11 14 17 19 21 22 23 26 27 29 30 31 34 35 38 39 40 41 42 43 44 45 47 48 50 0
1 2 4 5 7 8 10 14 16 17 20 21 24 27 30 32 33 34 36 38 40 41 42 43 44 46 48 49 50 0

35
1 2 3 4 5 6 7 8 9 10 11 12 13 14 15 16 17 19 20 24 25 26 27 29 30 31 32 33 36 37 38 39 40 41 42 43 44 45 46 48 49 0
1 2 3 4 5 6 8 9 10 12 14 15 16 17 18 19 21 22 23 27 28 30 31 32 33 34 35 37 38 39 40 41 43 44 45 46 47 48 49 50 0
3 4 5 8 9 10 11 12 13 15 17 18 19 21 22 23 24 25 26 27 28 30 31 32 33 34 35 37 39 40 41 42 44 45 46 48 49 50 0
1 4 6 7 9 10 11 15 16 17 18 19 20 21 22 24 25 26 27 28 30 31 32 34 36 38 39 43 44 46 47 48 49 50 0
1 2 3 5 6 8 9 10 11 12 14 15 16 18 19 20 21 23 24 25 27 28 31 32 33 34 35 36 37 38 39 40 41 42 43 44 45 46 47 48 49 0
1 3 4 7 9 11 14 17 19 21 22 23 26 27 29 30 31 34 35 37 38 39 40 41 42 43 44 45 47 48 50 0
1 2 4 5 7 8 10 14 16 17 20 21 24 27 30 33 34 36 38 40 41 42 43 44 46 49 50 0

36
1 4 5 6 7 8 9 10 11 13 15 16 18 19 20 21 22 23 24 26 27 28 29 31 32 33 34 35 36 37 38 39 40 42 43 44 45 46 49 0
1 3 4 5 6 7 9 10 11 12 13 15 16 18 19 21 22 23 29 32 34 35 36 38 39 41 42 44 45 47 48 50 0
2 3 5 6 7 8 9 10 11 12 13 15 16 20 21 22 23 24 26 27 28 32 33 34 38 40 41 43 44 45 46 47 49 50 0
3 4 6 7 8 9 11 12 13 15 16 17 18 19 20 21 22 25 28 30 31 32 38 39 40 44 45 46 47 49 50 0
2 3 4 5 6 8 9 10 11 12 14 15 18 20 21 23 24 25 26 27 28 30 32 33 35 36 37 39 40 41 42 43 44 45 46 47 48 49 0
1 3 4 11 21 22 23 26 27 29 30 31 34 35 38 40 41 42 44 45 47 48 50 0
1 4 5 7 17 20 34 36 38 41 42 43 44 46 50 0

37
2 3 4 5 7 8 9 11 12 13 14 15 16 18 19 20 22 23 24 27 30 31 32 33 34 35 36 37 39 40 41 43 45 46 47 48 49 50 0
1 2 3 4 5 6 7 8 9 10 11 12 16 17 18 20 21 22 23 25 27 28 29 30 32 33 34 35 37 38 39 40 41 43 45 46 49 0
5 6 7 10 11 12 13 15 17 19 22 23 24 26 27 30 32 33 34 37 41 42 43 44 45 50 0
1 4 6 7 8 9 11 12 15 16 17 19 20 21 22 24 25 26 27 28 29 30 32 36 38 39 41 43 44 45 46 47 48 49 50 0
1 2 3 6 8 9 10 11 12 14 15 18 20 21 24 25 28 31 32 33 34 35 36 37 39 40 42 43 45 46 47 48 49 0
1 3 4 11 19 21 22 23 26 27 29 30 31 34 35 38 40 41 42 43 44 45 47 48 50 0
1 4 5 7 17 20 27 34 36 38 41 42 43 44 46 50 0

38
1 2 4 5 7 8 9 10 11 12 13 14 15 16 17 18 19 20 21 24 25 26 27 28 29 30 31 32 33 34 35 36 37 39 40 41 42 43 45 47 48 49 50 0
1 2 3 4 5 6 8 9 10 11 15 16 17 18 19 20 22 23 24 25 26 27 28 29 30 31 32 33 34 35 36 37 39 40 41 42 43 44 45 47 48 49 50 0
1 2 4 5 6 7 8 9 10 11 12 13 15 16 19 20 22 23 25 26 27 28 30 31 32 33 34 35 36 38 39 40 41 42 43 44 45 48 49 50 0
1 4 6 8 9 11 12 15 16 17 18 19 20 21 22 24 25 28 29 30 32 33 34 38 39 41 43 44 45 47 48 49 0
1 2 3 6 8 9 10 11 12 14 18 19 20 21 22 24 25 28 31 32 33 34 35 36 37 39 40 42 43 45 46 47 48 49 0
1 3 4 7 9 11 14 17 19 21 22 23 26 27 29 30 31 34 35 36 37 38 39 40 41 42 43 44 45 47 48 49 50 0
1 2 4 5 7 8 10 13 14 16 17 20 21 24 27 30 33 34 36 38 40 41 42 43 44 46 49 50 0

39
1 2 3 4 5 6 7 8 9 10 11 12 13 14 15 16 17 18 19 20 21 22 23 24 25 26 27 28 29 30 32 33 34 35 36 37 38 39 40 41 42 43 44 45 46 47 48 49 50 0
1 2 3 4 5 6 7 8 9 10 11 12 13 15 16 17 18 21 22 23 24 27 28 29 30 31 32 33 34 35 37 38 39 40 41 42 44 45 47 48 49 50 0
2 3 4 5 6 8 10 11 12 13 15 16 22 23 24 25 26 27 28 32 33 34 36 39 40 41 44 45 46 47 48 49 50 0
1 2 3 4 6 7 8 9 10 11 12 13 14 15 16 17 18 19 20 21 22 24 25 26 27 28 29 30 32 33 34 35 38 39 40 42 43 44 45 46 47 49 50 0
1 2 3 5 6 7 8 9 10 11 12 14 15 16 18 19 20 21 22 24 25 26 27 28 30 32 33 34 35 36 37 39 40 41 42 43 45 46 47 48 50 0
1 3 4 5 9 11 14 19 21 22 23 26 27 29 30 31 34 35 36 38 40 41 42 43 44 45 47 48 50 0
1 4 5 7 17 20 27 30 33 34 36 38 41 42 43 44 46 50 0

40
1 3 4 6 7 8 9 11 12 13 14 15 16 17 18 19 20 21 22 23 24 27 28 29 32 33 34 35 36 37 39 40 41 42 43 44 45 46 47 48 49 0
1 2 5 6 7 8 9 10 11 12 13 14 15 16 18 19 20 21 22 23 24 25 29 32 33 34 37 39 40 41 43 44 45 46 47 48 0
1 5 6 7 8 10 11 12 13 15 17 19 21 22 23 24 25 26 27 28 32 33 34 35 37 40 41 43 44 45 46 47 48 49 50 0
1 4 6 8 9 10 11 12 15 16 17 19 20 21 22 24 25 26 27 28 30 32 36 38 39 43 46 47 49 50 0
2 3 4 5 6 7 9 10 11 12 14 15 16 18 20 22 23 24 25 26 27 28 30 32 33 34 35 36 37 39 40 41 42 43 45 46 47 0
1 3 4 22 23 26 27 29 30 31 34 35 38 40 41 42 44 45 47 50 0
1 4 5 7 17 20 34 36 38 41 42 43 44 46 50 0

41
1 3 4 5 7 8 9 11 12 13 14 15 16 18 19 20 21 22 24 25 27 28 30 31 32 33 34 35 36 37 38 39 40 41 42 43 44 45 46 47 48 49 50 0
3 4 5 6 8 9 10 12 13 16 17 19 20 21 23 25 26 27 29 31 32 33 34 35 36 37 39 40 41 42 43 45 48 50 0
2 3 4 5 6 7 8 9 11 12 13 14 15 16 17 19 20 21 22 24 25 26 27 30 31 32 33 34 36 37 38 39 40 41 44 45 48 50 0
3 4 6 8 10 11 12 13 15 16 17 18 19 20 21 22 25 26 27 28 29 30 32 36 38 39 40 46 47 49 50 0
2 3 4 5 6 8 9 10 11 14 18 20 21 23 24 25 27 28 32 35 37 39 41 42 43 45 46 47 48 49 50 0
1 3 4 11 21 22 23 26 27 29 30 31 34 35 38 40 41 42 44 45 47 48 50 0
1 4 5 7 17 20 34 36 38 41 42 43 44 46 50 0

42
1 2 3 4 5 7 8 9 10 11 12 13 14 15 16 17 18 19 20 21 22 23 24 25 27 28 29 30 32 33 34 35 36 37 38 39 40 41 42 43 44 45 46 47 48 49 50 0
1 2 3 4 5 6 8 9 10 11 12 13 14 15 16 19 21 22 23 26 28 29 32 33 34 35 36 37 38 39 40 41 43 44 45 47 48 49 50 0
1 2 4 6 7 8 9 10 11 12 13 14 15 16 19 20 21 22 23 24 26 27 28 29 31 32 33 34 36 39 40 41 43 44 45 48 49 0
1 6 8 9 10 11 13 14 15 16 17 19 20 21 22 24 25 26 28 29 30 32 33 34 36 38 39 40 42 43 45 47 49 50 0
1 2 3 5 6 9 10 11 12 15 18 20 24 25 27 28 29 32 34 35 37 39 40 41 42 43 45 46 47 0
1 3 4 22 23 26 27 29 30 31 34 35 36 38 40 41 42 44 45 47 50 0
1 4 5 7 17 20 34 36 41 42 43 44 46 50 0

43
3 4 5 7 8 9 11 12 13 14 15 16 17 18 19 20 21 22 23 24 25 26 27 29 30 31 32 33 34 35 36 37 39 40 41 42 43 45 46 47 48 49 50 0
1 3 4 5 6 7 8 9 10 11 12 13 16 17 18 20 21 22 23 25 27 28 29 30 31 32 34 35 37 38 39 40 41 43 45 46 47 49 50 0
1 5 6 7 8 9 10 11 12 13 15 19 22 24 26 27 32 33 34 40 41 42 43 44 45 47 50 0
1 6 11 14 15 17 19 20 21 22 24 25 27 28 29 30 32 36 38 39 47 49 50 0
1 2 3 4 6 9 10 11 12 14 15 18 22 24 25 27 32 35 36 37 39 40 41 43 45 46 47 0
1 3 4 22 23 26 27 29 30 34 35 38 40 42 44 45 0
1 4 5 7 17 20 34 36 41 42 43 44 46 50 0

44
1 3 4 7 8 9 13 14 15 16 17 18 19 20 21 22 23 24 26 27 28 30 31 32 33 34 35 36 37 38 39 40 42 43 44 45 46 47 48 49 0
1 2 5 6 8 9 10 11 12 14 15 16 17 19 20 21 22 23 27 28 29 30 32 34 37 39 41 42 45 46 48 49 0
3 6 7 8 9 10 11 12 13 15 19 21 22 23 24 25 26 27 28 30 32 33 34 35 37 40 41 42 43 44 45 46 47 48 49 50 0
1 3 4 6 7 8 9 10 11 12 15 16 17 18 19 20 21 22 25 27 28 30 31 32 36 38 39 43 46 47 48 49 50 0
1 2 3 4 5 6 8 9 10 11 12 14 15 17 18 19 20 21 23 24 25 26 27 28 30 31 32 33 34 35 36 37 38 39 40 41 42 43 44 45 46 47 48 0
1 3 4 7 9 11 14 17 19 21 22 23 26 27 29 30 31 34 35 38 39 40 41 42 43 44 45 47 48 50 0
1 2 4 5 7 8 10 14 16 17 20 21 24 27 30 33 34 36 38 40 41 42 43 44 46 49 50 0

45
1 3 4 7 8 9 10 11 13 14 15 16 18 19 20 21 22 23 24 25 26 27 28 29 31 32 33 34 35 36 37 39 40 41 42 43 44 45 46 47 48 49 0
1 2 4 5 6 7 8 9 10 11 12 13 15 16 17 18 19 20 21 22 23 25 26 27 28 29 30 32 33 34 35 36 37 38 41 42 43 44 45 46 47 48 49 0
1 2 3 5 6 7 8 10 11 12 13 14 15 16 17 19 20 21 22 23 24 25 26 27 28 31 32 33 34 35 40 41 42 44 45 46 47 49 50 0
1 3 4 6 8 9 10 11 12 13 15 16 17 19 20 21 22 24 25 27 28 30 31 32 33 34 36 38 39 41 43 44 45 46 47 49 50 0
1 2 3 4 5 6 8 9 10 11 12 14 15 16 17 18 19 20 21 22 23 24 25 26 27 28 29 30 32 33 34 35 36 37 38 39 40 41 42 43 44 45 46 47 48 49 0
1 3 4 7 9 11 14 17 19 21 22 23 26 27 29 30 31 34 35 38 39 40 41 42 43 44 45 47 48 49 50 0
1 2 4 5 7 8 10 13 14 16 17 20 21 24 27 30 33 34 36 38 40 41 42 43 44 46 48 49 50 0

46
1 2 3 4 5 6 7 8 9 10 11 12 13 14 15 16 17 18 19 20 24 26 27 28 29 30 31 33 34 35 36 37 38 39 40 41 42 43 44 45 46 47 48 50 0
1 3 4 5 6 7 8 9 10 11 12 13 16 17 18 19 20 21 23 24 25 27 28 29 30 31 34 35 36 37 38 39 40 41 42 43 44 45 46 48 49 50 0
2 3 4 6 7 9 10 11 12 13 15 16 18 20 21 22 23 24 25 26 27 29 32 33 34 35 36 37 38 39 40 41 42 44 45 46 47 48 50 0
1 3 4 6 7 8 9 10 11 12 13 15 16 17 18 19 20 21 22 23 24 25 26 27 28 30 31 32 34 37 38 39 40 42 44 45 46 47 48 49 50 0
1 2 3 4 5 6 8 9 10 11 12 14 15 16 17 18 19 20 21 22 23 24 25 26 27 28 29 32 33 34 35 36 37 39 40 41 42 43 44 45 46 47 48 49 0
1 3 4 7 9 11 14 17 19 21 22 23 26 27 29 30 31 34 35 38 39 40 41 42 43 44 45 47 48 50 0
1 2 4 5 7 8 10 14 16 17 20 21 24 27 30 33 34 36 38 40 41 42 43 44 46 49 50 0

47
1 2 3 4 5 6 7 8 12 13 14 15 16 17 18 19 20 21 22 23 24 25 26 27 28 29 30 33 34 35 37 38 39 41 43 44 45 46 47 48 49 50 0
1 2 3 4 5 6 7 9 10 11 12 13 14 16 17 18 20 21 22 23 25 27 28 29 30 31 32 34 35 36 37 38 39 40 41 42 43 44 45 46 47 49 50 0
1 5 6 7 8 9 10 11 12 13 14 15 19 20 22 26 27 28 32 33 34 36 38 39 40 41 42 44 45 47 49 50 0
1 6 7 9 11 14 15 16 17 19 20 21 22 24 25 26 27 28 30 32 33 34 36 38 39 40 46 47 49 50 0
1 2 3 4 5 6 7 9 10 11 12 14 15 16 18 22 24 25 26 27 30 32 35 36 37 39 40 41 42 43 45 46 47 0
1 3 4 5 22 23 26 27 28 29 30 33 34 35 36 38 40 42 44 45 0
1 4 5 7 17 20 34 36 41 42 43 46 50 0

49
1 2 3 4 5 6 7 10 11 13 14 15 16 17 19 20 21 22 23 24 25 26 28 29 30 31 32 33 34 35 37 38 39 40 43 44 45 46 48 49 50 0
1 2 3 4 5 6 7 8 9 10 11 12 13 14 16 17 18 19 20 21 22 23 24 25 27 28 29 30 32 34 35 38 39 40 41 42 44 45 46 49 50 0
1 2 5 6 8 10 11 12 13 15 19 21 22 25 26 27 28 32 33 34 39 41 42 43 44 45 47 48 49 50 0
1 6 7 9 10 11 14 15 16 17 19 20 21 22 25 27 29 30 32 36 38 39 43 44 46 47 49 50 0
1 2 3 4 6 8 9 10 11 12 14 15 18 21 24 25 27 28 32 33 34 35 36 37 39 40 41 42 43 45 46 47 48 0
1 3 4 22 23 26 27 29 30 31 34 35 38 40 41 42 44 45 47 50 0
1 4 5 7 17 20 34 36 38 41 42 43 44 46 50 0

50
1 2 3 4 5 7 8 9 10 11 12 13 14 15 16 17 18 19 20 21 23 24 25 27 28 29 30 31 32 33 34 35 36 37 38 40 41 42 43 45 46 48 49 50 0
1 3 4 6 8 9 10 11 12 13 16 17 18 19 20 21 22 23 24 25 27 29 30 31 33 34 35 36 37 38 39 41 42 43 44 45 46 47 48 49 50 0
1 2 3 4 6 7 9 11 12 13 14 15 16 17 18 19 20 21 22 23 24 25 26 27 29 32 33 34 35 36 37 38 40 41 42 44 45 46 47 48 50 0
1 2 3 4 6 7 8 9 10 11 12 13 15 16 17 18 19 20 21 22 23 24 25 26 28 29 30 31 32 33 34 37 38 39 40 42 44 45 46 47 49 50 0
1 2 3 4 5 6 7 8 9 10 11 12 14 15 16 17 18 19 20 21 23 24 25 26 27 28 29 30 32 33 34 35 36 37 39 40 41 42 43 44 45 46 47 49 50 0
1 3 4 7 9 11 14 17 19 21 22 23 26 27 29 30 31 33 34 35 36 38 39 40 41 42 43 44 45 47 48 50 0
1 2 4 5 7 8 10 16 17 20 24 27 30 33 34 36 38 40 41 42 43 44 46 49 50 0

51
1 2 3 5 6 7 8 9 11 13 14 15 16 17 18 19 20 22 23 24 25 26 27 28 29 30 31 32 33 34 35 37 38 39 40 41 42 43 45 46 47 48 49 50 0
2 3 4 5 6 7 8 9 10 11 12 13 16 17 18 19 21 22 23 24 25 27 29 30 31 32 33 34 35 39 41 42 43 45 46 47 49 50 0
1 2 4 5 6 8 10 11 12 13 15 17 22 24 25 26 27 28 30 31 32 33 34 35 36 38 39 40 41 42 43 44 45 47 48 50 0
1 2 6 9 11 15 16 17 19 20 21 22 24 25 26 27 28 29 30 32 33 36 38 39 40 41 43 46 47 49 50 0
2 3 4 5 6 7 9 10 11 12 14 15 16 18 22 24 25 26 27 28 30 32 33 35 36 37 39 40 41 42 43 45 46 47 50 0
1 3 4 5 22 23 26 27 28 29 30 33 34 35 36 38 40 42 44 45 47 0
1 4 5 7 17 20 34 36 41 42 43 44 46 50 0

52
1 2 3 4 5 6 7 8 9 10 13 14 15 16 17 18 19 20 21 23 24 25 26 27 28 29 30 31 32 33 34 35 36 37 38 39 40 41 42 43 45 46 47 48 49 50 0
1 2 3 4 6 7 8 9 10 11 12 13 16 17 18 19 20 21 23 24 25 27 28 29 30 32 33 34 35 36 37 38 39 40 41 42 43 44 45 46 47 48 49 50 0
1 2 3 4 5 6 7 8 9 11 12 13 14 15 16 17 19 20 21 22 23 24 25 26 27 28 29 32 33 34 35 36 37 38 39 40 41 42 44 45 47 48 49 50 0
2 3 4 6 7 8 9 10 11 12 13 15 16 17 18 19 20 21 22 23 24 25 26 28 29 30 31 32 33 34 35 36 37 38 39 40 42 45 46 47 49 50 0
1 2 3 4 5 6 7 8 9 10 11 12 13 14 15 16 17 18 19 20 21 22 23 24 26 27 28 29 30 32 34 35 36 37 39 40 41 42 43 44 45 46 47 49 50 0
1 2 3 4 5 6 7 9 11 12 14 15 16 18 20 21 22 23 26 27 28 29 30 31 33 34 35 36 38 39 40 41 42 43 44 45 47 48 50 0
1 4 5 7 17 20 22 27 28 31 34 36 38 39 41 42 43 44 46 50 0

53
1 2 3 4 7 8 9 11 13 14 17 18 19 20 21 22 24 25 26 27 28 30 32 34 35 36 37 40 42 43 48 49 50 0
1 2 5 6 7 8 9 10 11 12 14 15 16 17 18 19 20 21 23 25 26 27 28 29 31 33 34 35 36 37 38 40 41 43 44 45 47 48 49 50 0
4 5 6 7 9 11 12 13 14 15 16 18 19 21 22 23 24 25 26 27 28 29 31 33 34 37 38 39 40 41 43 44 45 48 49 0
1 8 11 13 15 16 17 19 20 21 22 25 26 27 29 30 32 34 38 39 42 43 45 46 47 49 0
1 2 3 5 6 9 10 11 12 18 20 22 24 25 28 32 34 35 36 39 40 41 43 45 46 47 49 0
1 3 4 11 22 23 26 27 29 30 31 34 35 38 40 41 42 43 44 45 47 50 0
1 4 5 7 17 20 34 36 38 41 42 43 44 46 50 0

54
1 2 4 5 6 7 8 9 10 11 12 13 14 15 18 19 20 21 22 24 25 26 27 28 29 30 31 32 34 35 36 37 38 39 40 41 43 44 45 46 49 50 0
2 3 4 5 6 8 9 10 11 12 13 14 15 16 18 19 20 21 22 23 24 25 26 28 31 32 33 34 35 36 39 40 41 43 44 45 46 47 48 50 0
1 2 3 4 6 7 8 9 10 11 12 13 14 15 17 18 20 21 22 23 24 25 26 27 28 30 31 32 33 35 36 37 38 39 40 41 42 43 45 46 48 49 50 0
2 4 5 6 7 8 9 11 12 14 15 17 18 19 21 22 25 26 27 28 30 32 33 35 36 37 38 39 42 43 46 47 49 50 0
1 2 3 5 6 9 10 11 12 14 15 17 18 20 23 25 28 29 32 34 35 36 38 39 40 41 42 43 45 46 47 48 49 0
1 3 4 5 6 12 22 23 25 26 27 29 30 31 34 35 36 38 40 41 42 44 45 47 50 0
1 4 5 7 17 20 34 36 38 41 42 43 44 46 50 0

55
1 2 4 5 6 7 8 9 10 11 13 15 16 17 18 19 20 21 22 23 24 25 26 27 28 29 30 31 32 33 34 35 36 37 39 40 41 42 43 44 45 46 47 48 49 0
1 3 4 5 6 7 9 10 11 12 13 14 15 16 18 19 21 22 23 24 26 27 28 29 31 32 33 34 35 36 37 39 41 42 44 45 46 47 48 49 50 0
1 2 3 4 5 6 7 9 10 11 12 13 15 16 17 20 21 22 24 26 27 28 29 32 33 34 35 36 38 40 41 43 44 45 46 47 49 50 0
2 3 4 6 8 9 11 12 15 16 17 18 19 20 21 22 24 25 26 28 29 30 32 33 38 39 40 41 46 47 49 50 0
2 3 4 5 6 7 8 9 10 11 12 13 14 15 16 18 20 21 22 24 25 26 27 28 30 32 33 35 36 37 39 40 41 42 43 45 46 47 48 50 0
1 2 3 4 5 6 11 12 15 16 18 20 21 22 23 26 27 28 29 30 33 34 35 36 38 40 41 42 44 45 47 50 0
1 4 5 6 7 17 20 22 28 31 34 36 38 39 41 42 43 44 46 50 0

56
2 3 4 5 6 7 8 9 11 12 13 14 16 17 18 19 20 21 23 24 25 26 27 28 29 31 32 33 34 35 36 37 38 40 41 42 43 44 45 46 47 48 49 50 0
1 2 3 4 5 6 7 9 10 11 12 14 17 18 19 20 21 22 23 24 25 26 27 28 29 30 32 33 34 37 38 39 40 41 42 43 44 45 46 47 48 49 50 0
1 2 3 4 5 6 8 9 10 11 12 13 15 18 19 20 21 22 24 26 27 28 30 31 32 33 34 35 37 38 40 41 43 44 45 46 47 48 49 50 0
1 3 4 6 7 9 10 11 12 15 16 17 18 19 20 21 22 24 25 26 28 29 30 31 32 34 36 38 39 43 44 46 47 49 50 0
1 2 3 4 5 6 7 8 9 10 11 12 14 15 16 17 18 19 20 21 22 23 24 25 26 27 28 30 31 32 33 34 35 36 37 38 39 40 41 42 43 44 45 46 47 48 0
1 3 4 7 9 11 14 17 19 21 22 23 26 27 29 30 31 34 35 38 39 40 41 42 43 44 45 47 48 50 0
1 2 4 5 7 8 10 14 16 17 20 21 24 27 30 33 34 36 38 40 41 42 43 44 46 49 50 0

57
1 2 3 4 5 7 8 9 10 11 13 14 16 17 18 19 20 21 22 23 24 26 27 28 29 30 31 32 34 35 36 37 38 39 40 41 42 43 44 45 46 47 48 49 50 0
1 2 3 4 5 6 7 8 9 10 11 12 13 14 15 16 17 18 19 21 22 23 24 25 26 29 30 31 32 33 34 35 36 38 39 41 42 44 45 46 47 48 49 50 0
1 2 3 5 6 7 8 9 10 11 12 13 15 16 17 18 19 20 21 22 23 24 26 27 28 29 32 33 34 35 36 37 38 39 40 41 42 44 45 46 47 48 49 50 0
1 2 3 4 6 7 8 9 10 11 12 13 14 15 16 17 18 19 20 21 22 23 24 25 26 28 29 30 31 32 33 34 36 37 38 39 40 41 42 45 46 47 49 50 0
1 2 3 4 5 6 7 8 9 10 11 12 13 14 15 16 17 18 19 20 21 22 23 24 25 26 27 28 30 32 34 35 36 37 38 39 40 41 42 43 44 45 46 47 48 49 50 0
1 2 3 4 5 6 7 9 11 12 14 15 16 17 18 19 20 21 22 23 25 26 27 28 29 30 31 32 33 34 35 36 38 39 40 41 42 43 44 45 47 48 50 0
1 2 4 5 6 7 8 10 14 16 17 20 22 24 27 28 30 31 33 34 36 38 39 40 41 42 43 44 46 49 50 0

58
1 2 3 4 7 8 9 10 11 12 13 15 17 18 19 20 21 22 23 24 25 26 27 29 30 32 33 34 35 36 37 38 39 40 41 42 43 44 45 46 47 48 49 50 0
1 2 3 5 6 7 8 10 11 12 13 14 15 16 18 19 21 22 23 24 25 26 28 30 31 32 33 34 35 37 39 40 41 43 44 45 47 48 49 50 0
1 2 4 6 7 8 9 11 12 13 14 15 16 18 19 20 22 23 24 25 26 27 28 30 31 32 34 35 36 37 39 40 41 42 43 44 45 46 48 49 50 0
1 4 5 6 7 8 9 10 11 12 13 14 15 16 17 19 21 22 25 26 27 28 30 32 33 34 35 37 38 39 43 44 45 46 47 48 49 50 0
1 2 3 5 6 8 9 10 11 12 18 19 20 21 22 25 28 31 32 34 35 36 39 40 42 43 45 46 47 49 0
1 3 4 5 7 9 11 14 17 19 21 22 23 26 27 29 30 31 34 35 36 37 38 39 40 41 42 43 44 45 47 48 49 50 0
1 2 4 5 7 8 10 13 14 16 17 20 21 24 27 30 32 33 34 36 38 40 41 42 43 44 46 47 48 49 50 0

59
1 2 3 5 6 7 8 9 10 12 13 14 15 16 17 18 19 20 21 23 24 26 27 28 29 30 31 32 33 34 35 36 37 38 39 40 41 42 43 44 45 46 47 50 0
1 2 3 5 6 7 8 9 10 11 12 13 15 16 17 18 20 21 22 23 24 28 29 30 31 32 33 34 35 37 39 40 41 42 43 45 46 47 48 50 0
1 4 5 6 7 8 10 11 12 13 15 19 21 22 23 24 25 26 27 31 32 33 34 35 36 40 41 42 43 44 45 46 47 49 50 0
1 6 7 8 9 11 12 14 15 16 17 19 20 21 22 24 25 26 27 28 30 32 34 36 38 39 40 43 44 45 46 47 49 50 0
1 2 3 4 5 6 9 10 11 12 14 15 16 18 24 25 26 27 28 30 32 34 35 36 37 39 40 41 42 43 45 46 47 0
1 3 4 22 23 26 27 29 30 31 34 35 38 40 41 42 44 45 47 50 0
1 4 5 7 17 20 34 36 38 41 42 43 44 46 50 0

60
1 3 4 5 7 8 9 10 12 13 14 15 16 17 18 19 20 21 23 24 26 28 29 30 31 32 33 34 35 36 37 38 40 41 42 43 44 45 46 47 48 49 50 0
1 2 3 4 5 6 7 8 9 10 12 16 17 18 19 21 23 25 27 28 29 30 32 34 36 37 38 39 41 42 43 44 45 47 48 49 50 0
2 3 6 7 8 9 10 11 12 13 15 16 20 21 22 23 24 25 26 27 28 29 32 33 34 37 38 39 40 41 42 44 45 48 49 50 0
3 4 6 8 9 10 11 12 13 15 16 17 18 19 20 21 22 23 24 25 26 28 29 30 31 32 34 37 38 39 40 44 45 46 47 49 50 0
1 2 3 4 5 6 8 9 10 11 12 14 15 17 18 19 20 21 23 24 25 26 27 28 29 30 31 32 33 34 35 36 37 38 39 40 41 42 43 44 45 46 47 48 49 0
1 3 4 7 9 11 14 17 19 21 22 23 26 27 29 30 31 34 35 38 39 40 41 42 43 44 45 47 48 50 0
1 2 4 5 7 8 10 13 14 16 17 20 21 24 27 30 33 34 36 38 40 41 42 43 44 46 48 49 50 0

61
3 4 5 7 8 9 11 12 13 15 16 17 18 19 20 21 23 24 25 26 27 28 29 30 31 32 33 34 35 36 37 38 40 41 43 44 45 46 48 49 50 0
2 3 5 6 7 8 9 10 11 12 13 15 16 18 19 20 21 22 23 25 27 28 29 30 31 32 34 37 38 39 40 41 42 43 45 47 49 50 0
1 5 6 10 11 12 13 15 19 22 24 25 26 27 28 30 32 33 34 35 40 41 42 43 44 45 46 47 49 0
1 6 9 11 14 15 17 19 20 21 22 25 27 28 30 32 36 38 39 46 47 49 50 0
1 2 3 4 5 6 9 10 11 12 14 15 18 22 24 25 26 27 28 30 32 35 36 39 40 41 42 43 45 46 47 0
1 3 4 22 23 26 27 29 30 34 35 38 40 42 44 45 0
1 4 5 7 17 20 34 36 41 42 43 44 46 50 0

62
1 2 3 4 7 8 9 10 11 12 13 14 17 18 19 20 21 22 23 24 25 26 27 28 29 32 33 34 35 36 37 39 40 43 44 45 46 49 50 0
1 2 3 6 7 8 9 10 11 12 13 15 16 18 20 21 22 23 24 25 26 28 29 31 33 34 35 36 40 41 42 43 45 47 48 49 50 0
1 2 4 5 6 7 8 9 10 11 12 13 14 15 18 19 20 22 23 24 25 26 28 30 31 34 39 40 41 42 43 44 45 46 47 49 50 0
1 4 5 8 9 11 12 15 16 17 19 20 21 22 24 25 26 27 30 32 33 34 36 38 39 40 41 43 44 45 46 47 49 0
1 2 3 5 6 7 9 10 11 12 14 15 18 20 22 24 25 28 32 34 35 36 39 40 43 45 46 47 49 0
1 3 4 7 11 19 22 23 26 27 29 30 31 34 35 36 38 40 41 42 43 44 45 47 48 50 0
1 4 5 7 17 20 27 34 36 38 41 42 43 44 46 50 0

63
1 2 3 4 5 6 7 8 9 10 11 12 13 14 15 16 17 18 19 20 21 23 24 26 27 28 29 30 31 32 33 34 35 36 37 38 39 40 42 44 45 46 47 48 49 50 0
2 3 4 5 6 7 8 9 10 11 12 13 14 15 16 18 19 20 21 22 23 24 25 26 27 28 29 30 31 32 33 34 35 37 39 41 42 43 44 45 46 47 48 50 0
1 2 5 6 8 9 10 11 12 13 14 15 17 18 20 21 22 24 25 26 27 30 31 32 33 34 35 36 38 39 40 41 42 44 45 46 47 0
1 2 5 6 7 9 10 11 14 15 16 17 19 20 21 22 24 25 26 27 28 30 32 33 35 36 38 39 40 43 46 47 49 50 0
2 3 4 5 6 7 8 9 10 11 12 13 14 15 16 18 20 21 22 23 24 25 26 27 28 30 32 33 34 35 36 37 39 40 41 42 43 45 46 47 48 50 0
1 2 3 4 5 6 8 10 12 13 15 16 18 20 22 23 25 26 27 28 29 30 31 32 33 34 35 36 38 40 41 42 44 45 46 47 50 0
1 3 4 5 6 7 9 11 17 19 20 22 23 26 28 29 31 34 35 36 39 41 42 43 44 45 46 50 0

64
1 2 3 4 5 6 7 8 10 11 13 15 16 17 18 19 20 21 22 23 24 25 26 27 28 29 30 31 32 33 34 35 36 37 38 39 40 41 42 43 44 45 46 49 50 0
2 3 4 6 7 8 9 10 11 12 13 15 17 18 19 20 21 22 23 24 27 28 29 31 32 33 34 35 36 37 38 39 40 41 42 43 44 45 47 50 0
1 2 4 5 6 8 10 11 12 13 15 16 20 21 22 24 25 26 27 29 30 32 33 34 36 37 39 40 41 43 44 45 46 47 48 49 0
1 2 6 9 10 11 14 15 16 17 19 20 21 22 24 25 26 27 29 30 32 33 34 36 37 38 39 40 42 43 46 47 48 49 50 0
1 2 3 4 5 6 7 8 9 10 11 12 13 14 15 16 18 21 22 23 24 25 26 27 28 29 30 32 35 36 37 39 40 41 42 43 45 46 47 50 0
1 3 4 5 12 16 22 23 26 27 28 29 30 33 34 35 36 38 40 41 42 44 45 47 0
1 4 5 7 17 20 31 34 36 39 41 42 43 44 46 50 0

65
1 2 3 4 5 6 7 8 9 10 11 13 15 16 18 19 20 21 22 23 24 25 26 27 29 30 31 32 33 34 35 36 37 38 39 40 43 45 46 47 49 50 0
2 4 5 7 8 9 10 11 12 13 15 16 18 19 21 22 24 26 27 28 29 30 31 32 33 34 35 36 37 39 40 41 44 45 46 48 49 50 0
4 5 7 8 10 11 12 13 15 18 21 22 23 24 25 26 27 28 30 31 32 33 34 37 39 40 41 42 43 44 45 46 48 49 50 0
1 4 9 10 11 15 17 19 20 21 22 24 25 26 27 30 32 33 34 36 38 39 40 41 43 44 46 47 49 50 0
1 2 3 4 5 6 8 9 10 11 12 14 16 18 22 24 25 26 27 28 32 34 35 36 39 40 41 42 43 45 46 47 50 0
1 3 4 22 23 26 27 29 30 34 35 36 38 40 41 42 44 45 47 50 0
1 4 5 7 17 20 34 36 38 41 42 43 44 46 50 0

66
1 2 3 4 5 6 7 8 9 10 13 14 15 16 17 18 19 20 23 24 25 26 27 28 29 30 31 33 34 35 36 37 38 39 41 42 43 45 46 47 49 50 0
1 2 3 4 6 7 9 10 11 12 13 15 16 17 18 19 20 21 22 23 24 27 28 29 30 32 34 37 39 40 41 42 43 44 45 46 47 48 49 50 0
1 2 3 5 6 7 8 9 10 11 12 13 15 19 20 22 23 24 25 26 27 28 31 32 33 34 35 36 38 39 40 41 42 43 44 45 46 47 48 49 50 0
1 2 6 8 9 11 12 15 16 17 19 20 21 22 24 25 26 27 28 30 32 33 34 36 38 39 40 43 45 46 47 49 50 0
2 3 4 5 6 7 9 10 11 12 14 15 16 18 20 22 24 25 26 27 28 30 32 33 34 35 36 37 39 40 41 42 43 45 46 47 50 0
1 3 4 5 22 23 26 27 28 29 30 31 33 34 35 36 38 40 41 42 44 45 47 50 0
1 4 5 7 17 20 34 36 41 42 43 44 46 50 0

67
1 2 4 5 6 7 8 9 10 11 12 13 15 16 18 19 20 21 22 23 24 25 27 28 29 30 31 32 33 34 35 36 37 38 39 40 42 43 44 45 46 48 49 50 0
1 2 3 4 5 6 7 8 9 10 11 12 14 15 16 17 18 19 21 22 24 25 26 27 28 29 31 32 33 34 35 36 37 39 40 41 42 43 44 45 46 47 48 50 0
1 2 3 4 5 6 7 8 9 10 11 12 13 14 15 16 17 18 20 22 23 24 26 27 28 30 31 33 34 35 36 38 39 40 41 42 43 44 45 48 49 0
1 4 5 6 7 8 9 10 11 12 14 15 16 17 18 19 20 21 22 23 25 26 27 28 30 31 32 33 34 35 37 38 39 40 41 43 44 46 47 48 49 50 0
1 2 3 4 5 6 8 9 10 11 12 13 14 15 16 18 19 20 21 24 25 27 28 31 32 34 35 36 37 39 40 41 42 43 45 46 47 48 49 50 0
1 3 4 5 7 9 11 14 17 19 21 22 23 26 27 29 30 31 34 35 36 37 38 39 40 41 42 43 44 45 47 48 49 50 0
1 2 4 5 7 8 10 13 14 16 17 20 21 24 27 30 32 33 34 36 38 40 41 42 43 44 46 47 49 50 0

68
1 2 3 5 6 7 8 9 11 12 13 14 15 17 18 19 20 21 22 23 24 25 26 27 28 29 31 32 33 34 35 36 37 38 39 40 42 43 44 45 46 47 48 49 50 0
1 2 3 4 5 6 7 8 9 10 11 12 13 14 16 17 18 19 20 21 22 23 25 28 29 30 31 32 34 38 39 40 41 43 45 46 47 49 50 0
1 2 5 6 8 10 11 12 13 15 17 22 23 24 25 26 27 28 30 32 33 34 39 40 41 42 43 44 45 46 47 49 0
1 6 7 9 11 14 15 16 17 19 20 21 22 24 25 26 27 29 30 32 36 38 39 41 43 44 46 47 49 0
1 2 3 4 6 8 9 10 11 12 14 15 18 21 24 25 26 27 28 32 33 34 35 36 37 39 40 41 42 43 45 46 47 49 0
1 3 4 22 23 26 27 29 30 31 34 35 38 40 41 42 44 45 47 50 0
1 4 5 7 17 20 34 36 38 41 42 43 44 46 50 0

69
1 2 3 4 5 6 7 8 9 10 11 13 15 16 18 19 20 21 22 23 24 25 26 27 29 30 31 32 33 34 35 36 37 38 39 40 43 44 45 46 47 49 50 0
2 4 5 8 9 10 11 12 13 15 16 18 19 21 22 23 24 26 27 28 29 30 31 32 33 34 35 36 37 39 40 41 44 45 46 48 49 0
4 5 6 7 8 10 11 12 13 15 18 19 21 22 23 24 25 26 27 28 30 31 32 33 34 35 37 39 40 41 43 44 45 46 48 49 0
1 4 9 10 11 14 15 17 19 20 21 22 24 25 26 27 28 30 31 32 33 34 36 38 39 40 41 43 44 46 47 49 50 0
1 2 3 4 5 6 8 9 10 11 12 14 16 18 20 21 22 24 25 26 27 28 32 34 35 36 39 40 41 42 43 45 46 47 49 50 0
1 3 4 11 21 22 23 26 27 29 30 34 35 36 38 40 41 42 44 45 47 50 0
1 4 5 7 17 20 34 36 38 41 42 43 44 46 50 0

70
1 2 3 4 5 6 7 8 9 10 11 13 14 15 16 17 18 19 20 21 22 23 24 25 26 27 29 30 31 32 33 34 35 36 37 38 39 40 43 44 45 46 49 50 0
1 2 3 4 6 8 9 10 11 12 13 14 15 18 19 20 21 22 23 24 26 27 28 29 31 32 33 34 35 40 41 43 44 45 47 0
1 3 4 5 7 8 9 11 12 13 14 15 18 19 20 22 23 24 25 26 27 28 29 31 33 34 36 38 39 40 41 42 43 44 45 46 49 0
1 2 5 7 9 11 14 15 16 17 18 19 21 22 25 26 29 30 32 33 36 37 38 39 41 43 47 49 0
2 3 5 6 7 9 10 11 12 13 14 15 16 18 22 25 30 32 35 37 38 39 40 41 43 45 46 47 0
1 3 4 5 6 12 16 22 23 25 26 27 29 30 34 35 36 38 40 42 44 45 0
1 4 5 7 17 20 34 36 41 42 43 46 50 0

72
1 3 4 7 8 9 10 11 12 13 14 15 16 18 19 20 21 22 23 24 27 28 29 31 32 33 34 35 36 37 38 39 40 41 42 43 44 45 46 47 48 0
1 2 5 6 8 9 10 11 12 13 15 16 17 18 19 20 21 22 23 24 25 26 27 28 29 30 32 34 35 37 38 40 41 43 44 45 46 47 48 0
1 2 5 6 7 10 11 12 13 15 17 19 21 22 23 24 25 26 27 30 31 32 33 34 35 36 40 41 42 44 45 46 47 48 49 50 0
1 6 8 9 11 12 14 15 16 17 19 20 21 22 24 25 26 27 28 30 32 34 36 38 39 43 45 46 47 49 50 0
2 3 4 5 6 8 9 10 11 12 14 15 16 18 20 22 23 24 25 26 27 29 30 32 34 35 36 37 39 40 41 42 43 45 46 47 0
1 3 4 22 23 26 27 29 30 31 34 35 38 40 41 42 44 45 47 50 0
1 4 5 7 17 20 34 36 41 42 43 44 46 50 0

73
2 3 4 5 6 7 8 10 11 13 14 15 16 17 18 19 21 23 24 25 26 27 28 29 30 31 32 33 34 35 37 38 39 40 42 44 45 46 47 48 49 50 0
2 3 4 6 7 8 9 11 12 13 15 17 18 19 21 22 23 24 25 27 28 29 30 31 32 34 36 37 38 39 41 42 43 44 45 46 47 49 50 0
1 2 5 6 7 10 11 12 13 14 15 16 17 19 20 22 24 25 26 27 28 29 30 31 32 33 34 35 36 39 40 41 42 43 44 45 46 47 48 49 50 0
1 2 5 6 9 10 11 15 16 17 19 20 21 22 24 25 26 27 29 30 32 33 34 36 38 39 40 42 43 46 47 49 50 0
1 2 3 4 5 6 7 8 9 10 11 12 13 14 15 16 18 21 22 24 25 26 27 28 30 32 33 35 36 37 39 40 41 42 43 45 46 47 50 0
1 2 3 4 5 6 8 10 12 13 15 16 18 20 22 23 26 27 28 29 30 33 34 35 36 38 40 41 42 44 45 47 0
1 4 5 6 7 11 17 20 22 26 28 31 34 36 39 41 42 43 44 46 50 0

74
1 3 4 6 7 8 9 11 12 13 14 15 16 17 18 19 20 21 22 23 24 27 28 29 30 32 33 34 36 37 39 40 41 42 43 44 45 46 47 48 49 0
1 2 5 6 7 8 9 10 11 12 13 14 15 16 18 19 20 21 22 24 25 26 29 30 32 33 34 36 37 39 40 41 42 43 45 46 47 48 0
1 5 6 7 8 10 11 12 13 15 17 19 21 22 23 24 25 26 27 28 30 32 33 34 35 37 40 41 43 44 45 46 47 48 49 50 0
1 4 6 7 9 10 11 12 14 15 16 17 19 20 21 22 24 25 26 27 28 30 32 36 38 39 44 46 47 49 50 0
2 3 4 5 6 7 8 9 10 11 12 14 15 16 18 20 21 23 24 25 26 27 28 30 32 33 34 35 36 37 39 40 41 42 43 45 46 47 48 0
1 3 4 22 23 26 27 29 30 31 34 35 38 40 41 42 44 45 47 50 0
1 4 5 7 17 20 34 36 38 41 42 43 44 46 50 0

75
3 4 5 6 7 8 9 10 11 13 14 15 16 18 19 20 21 24 27 28 31 32 33 34 35 36 37 38 39 40 42 43 44 45 46 49 50 0
1 2 3 4 6 7 8 9 10 11 12 16 17 18 19 21 22 23 25 29 32 34 35 36 39 41 42 44 45 46 48 50 0
2 3 5 6 7 8 9 10 11 12 13 15 16 20 21 22 23 24 26 27 28 30 32 33 34 37 38 40 41 43 44 45 47 48 50 0
3 4 6 7 8 9 10 11 12 13 15 16 17 18 19 20 21 22 25 28 30 32 38 39 44 46 47 49 50 0
2 3 4 6 8 9 10 11 12 14 17 18 19 20 21 23 24 25 28 32 33 34 35 36 37 39 40 41 42 43 44 45 46 47 48 49 0
1 3 4 9 11 21 22 23 26 27 29 30 31 34 35 38 40 41 42 43 44 45 47 48 50 0
1 4 5 7 17 20 27 34 36 38 41 42 43 44 46 50 0

76
1 2 3 4 7 8 9 11 12 13 14 15 17 18 19 20 21 22 23 24 25 26 27 28 29 30 32 33 34 35 36 37 40 41 43 44 45 46 49 50 0
1 4 6 7 8 9 10 11 12 13 15 16 17 19 20 21 22 23 24 25 26 28 29 31 32 33 34 36 37 41 42 43 45 47 48 49 50 0
1 2 4 6 7 9 11 12 13 14 15 16 18 19 21 22 23 24 25 26 27 33 34 37 39 40 41 42 44 45 46 47 49 50 0
1 4 6 8 9 11 12 13 14 15 16 17 19 20 21 22 25 26 27 28 30 32 33 34 36 38 39 40 41 43 44 45 47 48 49 50 0
1 2 3 5 6 8 9 10 11 12 14 15 18 19 20 21 22 24 25 27 28 29 32 34 35 36 37 39 40 41 42 43 45 46 47 49 0
1 3 4 7 11 14 17 19 21 22 23 26 27 29 30 31 34 35 37 38 40 41 42 43 44 45 47 48 49 50 0
1 2 4 5 7 8 10 13 16 17 20 21 24 27 30 33 34 36 38 40 41 42 43 44 46 49 50 0

77
1 3 4 6 7 8 9 10 11 13 14 15 16 18 19 20 21 22 23 24 25 27 28 29 30 31 32 33 34 35 36 37 38 40 42 43 44 45 46 47 48 49 0
2 4 5 6 7 8 9 10 11 12 14 15 16 18 20 21 22 23 24 25 26 27 28 29 30 31 32 33 34 35 36 39 41 42 44 45 47 49 0
1 2 3 4 5 8 9 10 11 12 13 14 15 17 18 20 22 24 25 26 27 28 30 31 36 39 40 41 42 43 45 47 49 0
1 2 5 9 11 15 17 19 20 21 22 23 24 25 26 27 30 32 33 36 37 38 39 40 41 46 47 49 50 0
2 3 4 5 6 7 9 10 11 12 13 14 15 16 18 24 25 26 27 30 32 35 36 39 40 41 43 45 46 47 50 0
1 2 3 4 5 6 8 10 12 13 15 16 18 20 22 23 25 26 27 28 29 30 33 34 35 36 38 40 42 44 45 0
1 4 5 6 7 11 17 19 20 22 26 28 31 34 36 39 41 42 43 46 50 0

78
1 2 4 5 6 7 8 9 11 13 14 15 16 17 18 19 20 21 23 24 25 26 27 28 29 30 31 33 34 35 36 37 38 39 40 41 42 43 45 46 47 48 49 50 0
1 3 4 5 6 8 9 10 11 13 14 15 16 17 18 19 21 22 23 24 25 26 27 28 29 30 32 34 35 37 38 39 41 42 43 44 45 47 48 49 50 0
1 3 4 6 7 8 9 10 11 12 13 14 15 18 19 20 22 24 25 26 27 28 30 31 32 33 34 36 38 39 40 41 42 45 48 49 50 0
1 2 5 9 11 15 17 18 19 20 21 22 24 25 26 27 30 32 33 36 37 38 39 40 46 47 49 0
1 2 3 4 5 6 7 9 10 11 12 13 14 15 16 18 22 24 25 26 27 29 32 35 39 40 41 43 45 46 47 50 0
1 2 3 4 5 6 8 12 15 16 20 22 23 26 27 28 29 30 33 34 35 36 38 40 42 44 45 0
1 4 5 7 17 20 28 31 34 36 39 41 42 43 46 50 0

79
1 2 5 6 7 8 9 10 11 13 15 16 17 18 19 20 21 23 24 25 26 27 28 29 30 31 32 33 34 35 37 38 39 40 41 42 43 44 46 47 49 50 0
2 3 4 5 6 9 10 11 12 13 14 15 16 17 18 20 21 22 23 24 26 27 28 29 30 32 33 34 35 40 41 43 45 46 47 48 50 0
1 4 5 6 7 9 10 11 12 13 15 19 20 22 23 24 25 26 27 28 29 30 32 33 34 35 36 39 40 41 43 44 45 46 47 49 50 0
1 2 5 6 9 11 15 16 17 19 20 21 22 24 25 26 27 29 30 32 33 34 36 38 39 40 46 47 49 50 0
2 3 4 5 6 7 9 10 11 12 13 14 15 16 18 24 25 26 27 30 32 35 36 37 39 40 41 43 45 46 47 50 0
1 2 3 4 5 6 8 12 15 16 18 20 22 23 26 27 28 29 30 33 34 35 36 38 40 42 44 45 0
1 4 5 6 7 17 20 22 28 31 34 36 39 41 42 43 46 50 0

80
1 2 3 4 5 7 8 9 10 11 12 13 14 16 17 18 19 20 21 22 24 26 27 28 29 30 31 32 33 34 35 36 37 38 39 40 43 44 45 46 47 49 50 0
1 2 3 4 6 8 9 10 11 12 14 15 16 17 18 19 20 21 22 23 24 25 27 28 29 30 32 34 35 36 37 38 39 40 41 42 43 44 45 48 49 50 0
2 3 4 6 7 9 11 12 13 15 16 18 19 20 21 22 23 24 26 27 28 29 30 31 32 33 34 35 36 37 38 41 42 43 44 45 46 47 49 50 0
1 2 3 4 6 7 8 9 10 11 12 13 15 16 17 18 19 20 21 22 23 24 25 26 30 31 32 34 37 38 39 40 42 46 47 49 50 0
1 2 3 4 5 6 7 8 9 10 11 12 14 15 16 17 18 19 20 21 22 23 24 25 26 27 28 30 32 34 35 36 37 39 40 41 42 43 44 45 46 47 48 49 0
1 3 4 7 9 11 14 17 19 21 22 23 26 27 29 30 31 34 35 38 39 40 41 42 43 44 45 47 48 50 0
1 2 4 5 7 8 10 16 17 20 24 27 30 33 34 36 38 40 41 42 43 44 46 49 50 0

81
1 3 4 5 7 8 9 10 11 12 13 14 16 17 18 19 21 22 23 24 25 26 27 28 29 30 31 32 33 34 35 36 37 40 41 43 45 46 47 48 50 0
1 2 3 4 5 6 7 8 9 10 11 12 13 14 15 16 17 18 19 20 21 22 23 24 25 27 28 29 30 31 32 33 34 35 36 37 38 39 41 42 44 45 46 47 48 49 50 0
1 2 3 5 6 7 10 11 12 13 14 15 16 17 19 20 21 22 24 25 26 27 28 32 33 34 35 36 38 39 41 43 44 45 46 47 48 49 50 0
2 3 4 6 7 8 9 10 11 12 13 15 16 17 18 19 20 21 22 24 25 26 28 30 32 33 35 38 39 40 46 47 49 50 0
2 3 4 5 6 7 8 9 10 11 12 14 15 16 18 20 21 22 23 24 25 26 27 28 30 32 33 35 36 37 39 40 41 42 43 44 45 46 47 48 49 50 0
1 3 4 5 9 11 21 22 23 26 27 28 29 30 31 33 34 35 36 38 40 41 42 44 45 47 48 50 0
1 4 5 7 17 20 22 27 34 36 38 41 42 43 44 46 50 0

82
3 5 7 8 9 10 11 12 13 14 15 17 18 19 20 22 23 24 27 28 30 31 32 33 35 36 37 38 39 40 42 44 45 46 47 48 49 50 0
3 4 5 6 7 8 9 10 13 14 15 18 19 20 21 23 24 25 26 27 28 30 31 32 34 35 37 38 39 40 41 42 43 44 45 46 47 50 0
1 2 5 6 8 10 11 12 13 14 15 17 20 22 23 24 25 26 27 32 33 34 38 39 40 41 42 44 45 47 50 0
1 6 9 11 14 15 16 17 19 20 21 22 24 25 27 30 32 33 36 38 39 40 43 46 47 49 50 0
1 2 3 4 5 6 7 8 9 10 11 12 14 15 16 18 24 25 26 27 28 32 34 35 36 37 39 40 41 42 43 45 46 47 50 0
1 3 4 22 23 26 27 29 30 31 33 34 35 36 38 40 41 42 44 45 50 0
1 4 5 7 17 20 34 36 41 42 43 44 46 50 0

83
1 2 3 4 6 7 8 9 11 12 13 15 16 19 21 23 24 25 27 29 30 31 32 33 34 35 36 37 38 40 42 43 45 46 49 0
1 2 3 4 7 8 10 11 12 15 16 18 19 21 22 24 26 27 28 29 30 32 33 34 35 37 39 40 41 42 45 46 47 48 49 0
1 4 5 9 10 11 12 13 15 18 20 21 22 23 24 25 26 27 28 30 32 33 34 37 39 40 41 42 43 45 47 49 50 0
1 4 9 11 15 16 17 19 20 21 22 24 25 26 27 28 29 30 32 33 36 38 39 40 41 43 46 47 49 50 0
2 3 4 5 6 7 9 10 11 12 14 15 16 18 24 25 26 27 28 30 32 35 36 39 40 41 42 43 45 46 47 50 0
1 3 4 5 22 23 26 27 28 29 30 33 34 35 36 38 40 41 42 44 45 0
1 4 5 7 17 20 34 36 41 42 43 46 50 0

84
1 2 3 4 5 6 7 8 9 10 11 12 13 14 15 16 17 18 19 20 21 22 24 27 28 29 30 31 32 33 34 35 36 37 38 39 40 42 43 44 45 46 47 48 49 50 0
1 3 4 6 8 9 10 11 12 13 14 15 16 20 21 22 23 24 25 26 27 29 30 31 33 34 35 37 38 39 40 41 42 43 44 45 46 47 48 49 50 0
1 2 4 6 7 8 9 10 11 12 13 14 15 19 20 22 24 25 26 28 30 31 32 33 34 36 37 38 39 40 41 43 44 45 49 50 0
1 2 6 9 11 14 15 16 17 19 20 21 22 24 25 26 28 29 30 32 33 35 36 37 38 39 40 41 43 47 49 50 0
2 3 4 5 6 7 9 10 11 12 13 14 15 16 18 24 25 26 27 28 29 30 32 35 37 38 39 40 41 43 45 46 47 50 0
1 2 3 4 5 6 8 10 12 13 15 16 18 20 22 23 24 25 26 27 28 29 30 32 33 34 35 36 38 40 42 44 45 46 0
1 3 4 5 6 7 9 11 12 15 17 18 19 20 22 23 25 26 28 29 31 34 35 36 39 41 42 43 45 46 50 0

85
1 3 4 7 8 9 10 11 12 13 14 15 16 17 18 19 21 22 23 24 25 27 28 29 30 32 33 34 35 36 37 38 39 40 42 43 44 45 46 47 48 49 50 0
1 4 5 6 8 9 10 11 12 13 15 16 17 18 19 20 21 22 24 27 28 29 30 32 34 35 38 40 41 42 43 44 45 46 47 48 50 0
1 2 3 5 7 10 11 12 13 15 17 19 21 22 23 24 25 26 27 28 31 32 33 34 35 36 39 40 41 42 44 45 46 47 48 49 50 0
1 3 6 7 8 9 11 12 13 14 15 16 17 19 20 21 22 24 25 26 27 28 30 32 34 36 38 39 40 41 43 45 46 47 49 50 0
1 2 3 4 5 6 7 8 9 10 11 12 14 15 16 17 18 19 20 21 23 24 25 26 27 28 29 30 32 33 34 35 36 37 38 39 40 41 42 43 44 45 46 47 48 0
1 3 4 5 7 9 11 14 19 22 23 26 27 28 29 30 31 34 35 38 40 41 42 43 44 45 47 48 50 0
1 2 4 5 7 8 10 16 17 20 24 27 30 33 34 36 38 40 41 42 43 44 46 49 50 0

86
2 3 4 5 6 8 9 11 12 13 14 16 17 18 19 20 23 24 25 26 27 28 30 31 32 33 34 35 36 37 38 40 42 43 45 46 48 49 0
1 2 3 4 6 7 8 9 10 11 12 13 14 15 16 17 18 19 20 21 22 23 24 27 28 29 30 31 32 33 34 35 37 38 39 40 41 43 45 46 47 48 49 50 0
2 3 5 6 8 9 10 11 12 13 15 21 22 24 26 27 28 30 32 33 34 37 39 40 41 43 45 46 47 48 49 50 0
1 3 4 6 9 10 11 15 16 17 19 20 21 22 24 25 26 28 30 32 34 36 38 39 40 43 46 47 49 50 0
2 3 4 5 6 7 8 9 10 11 12 14 15 16 18 20 21 22 24 25 26 27 28 30 32 35 36 39 40 41 42 43 45 46 47 48 50 0
1 3 4 22 23 26 27 29 30 34 35 36 38 40 41 42 44 45 47 0
1 4 5 7 17 20 34 36 41 42 43 44 46 50 0

87
1 2 3 4 5 6 7 8 9 10 12 14 15 16 17 18 19 20 21 23 24 26 27 28 29 30 31 33 34 35 36 37 38 39 40 42 43 44 45 46 47 48 49 50 0
1 2 3 4 5 6 7 8 9 10 11 12 15 16 17 18 19 21 23 24 25 26 27 28 29 30 32 34 35 36 37 38 39 41 42 43 44 45 47 48 49 50 0
2 3 4 6 7 9 10 11 12 13 15 16 18 19 20 21 22 23 24 25 26 27 28 29 30 31 32 33 34 36 37 38 39 40 41 42 43 44 45 46 47 48 49 50 0
1 3 4 5 6 7 8 9 10 11 12 13 15 16 17 18 19 20 21 22 23 24 25 26 28 30 31 32 34 37 38 39 40 42 43 44 45 46 47 48 49 50 0
1 2 3 4 5 6 7 8 9 10 11 12 14 15 16 17 18 19 20 21 22 23 24 25 26 27 28 29 30 31 32 33 34 35 36 37 38 39 40 41 42 43 44 45 46 47 48 49 0
1 3 4 7 9 11 14 17 19 21 22 23 26 27 29 30 31 34 35 37 38 39 40 41 42 43 44 45 47 48 49 50 0
1 2 4 5 7 8 10 13 14 16 17 20 21 24 27 30 32 33 34 36 37 38 40 41 42 43 44 46 47 48 49 50 0

89
1 2 4 5 6 7 8 9 10 11 12 13 16 19 21 22 23 24 25 27 29 30 31 32 33 34 35 36 37 38 40 42 43 44 45 46 48 49 0
1 4 6 7 8 10 11 12 14 15 16 18 20 21 22 24 25 26 28 29 31 33 34 36 37 39 41 42 44 45 47 48 50 0
1 2 4 5 6 7 9 10 11 12 13 14 15 16 18 20 22 23 24 26 27 31 34 36 39 40 41 42 43 45 46 49 0
1 2 3 4 5 6 7 9 11 12 15 16 17 19 20 21 22 23 25 26 27 28 29 30 32 33 36 37 38 39 40 41 42 43 47 49 0
2 3 4 5 6 8 9 10 11 12 13 14 16 18 20 24 25 27 28 32 35 37 39 40 41 42 43 45 46 47 50 0
1 3 4 5 22 23 26 27 29 30 34 35 36 38 40 41 42 44 45 47 50 0
1 4 5 7 17 20 34 36 41 42 43 44 46 50 0

90
1 3 4 5 7 8 9 10 11 12 13 14 15 16 17 18 19 20 21 22 24 26 27 28 29 30 31 32 33 34 35 36 37 38 40 42 43 45 46 47 48 49 50 0
1 2 3 4 5 6 8 9 10 12 15 16 17 18 19 21 22 23 25 26 28 29 30 31 32 33 34 35 36 37 38 39 40 41 43 44 45 46 47 48 49 50 0
2 3 4 7 8 9 10 11 12 13 14 15 16 17 19 21 22 23 24 25 26 27 28 29 31 32 33 34 35 39 40 41 42 43 44 45 47 48 49 50 0
1 3 4 7 8 10 11 12 13 15 16 17 18 19 20 21 22 23 24 25 26 27 29 30 32 33 34 38 39 40 43 44 45 47 49 50 0
2 3 5 6 8 9 10 11 12 14 15 18 20 21 24 26 27 28 32 34 35 36 37 39 40 41 42 43 45 46 47 49 0
1 3 4 7 11 14 21 22 23 26 27 29 30 31 34 35 36 38 40 41 42 43 44 45 47 48 50 0
1 4 5 7 17 20 27 34 36 38 41 42 43 44 46 50 0

93
1 3 4 5 6 7 8 9 11 13 14 15 16 17 18 19 20 21 22 23 24 25 27 28 29 32 33 34 35 36 37 38 40 41 42 43 44 45 46 47 48 0
1 2 5 6 8 9 10 11 12 13 15 16 17 18 19 20 21 22 23 24 25 26 27 28 29 31 32 33 34 37 38 39 41 43 45 46 47 48 0
1 5 7 8 10 11 12 13 15 17 19 21 22 24 26 27 28 30 32 33 34 35 36 37 40 41 43 44 45 46 47 48 49 50 0
1 4 6 9 11 15 16 17 19 20 21 22 24 25 26 27 28 30 32 33 36 38 39 40 46 47 49 50 0
2 3 4 5 6 7 9 10 11 12 14 15 16 18 24 25 26 27 28 30 32 35 36 39 40 41 43 45 46 47 0
1 3 4 22 23 26 27 29 30 34 35 38 40 42 44 45 47 0
1 4 5 7 17 20 34 36 41 42 43 46 50 0

95
1 3 4 7 8 9 10 11 12 13 14 15 16 18 19 20 21 22 23 24 26 27 28 29 30 31 32 33 34 35 36 37 39 40 42 43 44 45 46 47 48 49 0
5 6 7 8 9 10 11 12 13 15 16 17 18 19 20 21 22 23 24 25 29 30 32 34 35 38 39 40 41 43 44 45 46 47 48 50 0
1 2 5 6 7 10 11 12 13 15 17 19 21 22 23 24 25 26 27 30 31 32 33 34 35 36 37 40 41 42 44 45 46 47 49 50 0
1 6 7 8 9 10 11 12 14 15 16 17 19 20 21 22 24 25 26 27 28 30 32 34 36 38 39 43 44 45 46 47 49 50 0
2 3 4 5 6 8 9 10 11 12 14 15 16 17 18 19 20 21 23 24 25 26 27 28 29 30 32 33 34 35 36 37 39 40 41 42 43 45 46 47 0
1 3 4 7 11 14 19 22 23 26 27 29 30 31 34 35 38 39 40 41 42 43 44 45 47 48 50 0
1 2 4 5 7 17 20 27 30 33 34 36 38 41 42 43 44 46 50 0

96
1 3 4 5 7 8 9 10 11 12 13 14 16 17 18 19 21 22 23 24 25 26 27 28 29 30 31 32 33 34 35 36 37 40 41 43 45 46 47 48 50 0
1 2 3 4 5 6 7 8 9 10 11 12 13 14 15 16 17 18 19 20 21 22 23 24 25 27 28 29 30 31 32 33 34 35 36 37 38 39 41 42 44 45 46 47 48 49 50 0
1 2 3 5 6 7 10 11 12 13 14 15 16 17 19 20 21 22 24 25 26 27 28 32 33 34 35 36 38 39 41 43 44 45 46 47 48 49 50 0
2 3 4 6 7 8 9 10 11 12 13 15 16 17 18 19 20 21 22 24 25 26 28 30 32 33 35 38 39 40 46 47 49 50 0
2 3 4 5 6 7 8 9 10 11 12 14 15 16 18 20 21 22 23 24 25 26 27 28 30 32 33 35 36 37 39 40 41 42 43 44 45 46 47 48 49 50 0
1 3 4 5 9 11 21 22 23 26 27 28 29 30 31 33 34 35 36 38 40 41 42 44 45 47 48 50 0
1 4 5 7 17 20 22 27 34 36 38 41 42 43 44 46 50 0

97
1 2 3 4 5 6 7 8 9 10 11 13 17 19 20 21 22 23 24 25 26 27 28 29 30 31 32 33 34 35 36 37 38 39 40 41 42 43 44 46 47 48 0
3 4 5 7 10 11 12 13 15 16 17 18 19 20 21 22 23 26 27 29 30 32 34 35 36 37 38 39 40 41 42 43 44 45 46 48 49 50 0
1 3 5 6 8 10 11 12 13 14 15 17 21 22 23 24 25 26 27 30 31 32 33 34 35 36 40 41 43 44 45 46 47 49 50 0
1 4 6 9 10 11 15 16 17 19 20 21 22 24 25 26 27 28 30 32 36 38 39 43 44 46 47 49 50 0
1 2 3 4 5 6 8 9 10 11 12 14 15 16 18 20 21 22 24 25 26 27 28 30 32 34 35 36 37 39 40 41 42 43 45 46 47 0
1 3 4 22 23 26 27 29 30 34 35 38 40 41 42 44 45 47 50 0
1 4 5 7 17 20 34 36 38 41 42 43 44 46 50 0

98
1 2 3 4 6 7 8 9 10 11 12 13 14 15 16 18 19 20 22 23 24 25 26 27 28 29 30 31 32 33 34 35 36 37 38 39 40 41 42 43 45 46 47 48 49 50 0
1 2 3 4 5 6 7 8 9 10 11 12 13 15 16 17 18 19 20 21 22 23 24 25 27 28 29 30 31 34 35 36 37 38 39 40 41 42 43 44 45 46 47 48 49 50 0
1 2 3 4 5 6 7 8 10 11 12 13 15 16 17 21 22 23 24 25 26 27 30 31 32 33 34 35 36 39 40 41 42 43 44 45 46 47 48 49 50 0
1 6 7 8 9 10 11 12 13 15 16 17 19 20 21 22 24 25 26 27 28 30 32 36 38 39 40 43 44 45 46 47 49 50 0
1 2 3 4 5 6 8 9 10 11 12 14 15 16 17 18 19 20 21 22 24 25 26 27 28 29 30 32 33 34 35 36 37 39 40 41 42 43 44 45 46 47 48 0
1 3 4 5 7 9 11 14 19 21 22 23 26 27 28 29 30 31 34 35 36 38 40 41 42 43 44 45 47 48 50 0
1 4 5 7 17 20 27 30 33 34 36 38 41 42 43 44 46 50 0

99
1 3 4 7 8 9 11 12 13 14 15 16 17 18 19 20 21 22 23 24 25 26 27 28 29 30 32 33 34 36 37 38 39 40 41 42 43 44 45 46 47 48 49 0
1 2 5 6 7 8 9 10 11 12 13 15 16 17 20 21 22 23 24 25 26 27 28 29 30 31 33 34 35 36 37 38 41 43 45 46 47 48 49 0
1 5 6 7 8 9 11 12 13 14 15 17 19 22 23 24 25 26 32 33 34 35 36 38 40 41 42 44 45 46 47 49 50 0
1 6 8 9 11 12 15 16 17 19 20 21 22 24 25 26 27 30 32 33 36 38 39 40 43 45 47 49 50 0
1 2 3 4 5 6 7 9 10 11 12 14 15 16 18 22 24 25 26 27 28 30 32 34 35 39 40 41 43 45 46 47 49 0
1 3 4 22 23 26 27 29 30 31 34 35 38 40 41 42 44 45 47 50 0
1 4 5 7 17 20 34 36 41 42 43 44 46 50 0

100
1 3 4 5 6 7 8 9 11 12 14 15 16 17 18 19 20 21 22 24 25 26 27 28 29 30 31 32 33 34 35 36 37 38 39 40 41 42 43 45 46 47 48 49 50 0
1 2 3 4 5 6 7 8 9 10 11 12 13 14 15 16 19 20 21 22 23 24 25 26 27 28 29 31 33 34 35 36 37 38 39 40 41 42 43 44 45 46 47 48 50 0
2 3 4 5 6 7 8 11 12 13 14 15 16 17 18 19 21 22 23 24 26 27 28 29 30 32 33 34 36 37 39 40 41 42 43 44 45 46 48 49 50 0
1 2 3 4 6 8 9 10 11 12 13 14 15 16 17 18 19 20 21 22 23 24 25 26 27 29 30 31 32 33 34 35 36 38 40 41 42 43 44 45 46 47 49 0
1 2 3 4 5 6 7 9 10 11 12 13 14 15 17 18 20 24 25 26 27 28 29 30 32 34 35 36 37 39 40 41 43 45 46 47 49 50 0
1 2 3 4 5 6 7 8 11 12 15 16 18 20 22 23 25 26 27 28 29 30 31 32 33 34 35 36 38 40 41 42 43 44 45 47 48 50 0
1 4 5 6 7 17 20 28 31 34 36 38 39 41 42 43 44 46 50 0

