1
1 2 3 4 6 7 8 9 11 12 13 14 15 19 20 21 22 23 24 25 26 27 28 29 30 32 34 36 39 40 41 42 43 45 46 47 48 49 50 0

2
1 2 3 4 5 6 7 8 9 10 11 12 13 14 15 18 19 20 21 22 23 24 25 27 28 29 30 32 33 34 36 38 39 40 41 43 44 45 46 50 0

3
1 2 3 4 5 6 7 8 10 11 12 13 14 15 16 17 18 19 20 21 22 23 24 25 27 28 29 30 31 32 33 34 36 38 39 40 41 43 44 45 46 48 50 0

4
1 3 4 6 7 8 9 10 11 12 13 14 15 17 19 20 21 22 23 24 25 27 28 29 31 32 34 35 37 39 40 41 43 44 45 46 48 0

5
2 3 4 5 7 8 9 10 11 12 13 14 15 18 19 20 21 23 24 25 27 28 29 30 31 32 33 34 35 36 38 39 40 41 43 45 46 50 0

6
1 3 4 5 6 7 8 11 12 13 18 19 20 21 22 23 24 25 26 27 28 29 32 33 34 36 38 39 40 41 43 45 46 50 0

7
1 4 5 6 7 8 9 10 11 12 13 15 16 17 18 19 20 21 22 23 24 25 27 28 29 30 31 32 33 34 36 37 39 40 41 43 44 45 46 47 48 49 50 0

9
1 2 3 4 6 7 9 10 11 12 13 14 15 18 20 21 22 23 24 25 27 28 29 32 33 34 36 37 40 41 43 45 46 47 48 49 50 0

10
2 3 4 5 7 8 9 10 11 12 13 15 16 17 18 20 21 23 24 27 29 30 31 32 34 36 37 38 39 40 41 43 45 46 47 49 50 0

11
1 3 4 5 6 7 8 10 11 12 13 15 18 19 20 21 22 24 25 27 28 29 30 31 32 33 34 35 36 38 40 41 43 44 45 46 47 48 49 50 0

12
3 4 5 7 8 10 11 13 14 15 17 18 19 20 21 22 23 24 25 26 27 28 29 31 32 33 34 36 37 38 39 40 41 43 44 45 46 48 50 0

13
1 3 4 5 6 7 8 10 11 12 13 18 19 20 21 22 23 24 25 27 28 29 32 33 34 36 38 39 40 41 43 45 46 47 50 0

14
1 2 3 4 6 7 9 10 11 12 13 14 17 18 19 20 21 22 23 24 25 26 27 29 30 31 32 34 36 37 39 40 41 42 43 45 46 47 48 49 50 0

15
2 3 4 7 8 9 11 12 15 19 20 21 23 27 29 30 32 34 35 36 38 39 40 41 43 45 46 50 0

16
1 3 4 5 6 7 8 10 11 12 13 18 19 20 21 22 23 24 25 26 27 28 29 30 32 33 34 36 38 39 40 41 43 45 46 50 0

17
3 4 7 8 9 10 11 12 15 16 19 20 21 23 27 29 30 32 34 35 36 38 39 40 41 43 45 46 50 0

18
1 3 4 6 7 8 9 11 12 13 15 16 18 19 20 21 23 24 25 27 29 30 32 33 34 36 38 39 40 41 43 45 46 50 0

19
1 2 3 4 6 7 8 9 10 11 12 13 17 18 19 20 21 22 23 24 25 27 29 32 33 34 38 39 40 41 43 44 45 46 47 48 49 50 0

20
1 2 3 4 6 7 9 10 11 12 13 14 15 18 19 20 21 22 23 24 25 26 27 28 29 30 32 33 34 36 37 39 40 41 42 43 45 46 47 48 49 50 0

21
1 2 3 4 5 6 7 8 9 10 11 12 13 14 15 18 19 20 21 22 23 24 25 27 28 29 30 32 33 34 36 38 39 40 41 43 44 45 46 50 0

22
1 2 3 4 6 7 9 10 11 12 13 14 17 18 20 21 22 23 24 25 27 28 29 31 32 33 34 35 36 37 38 39 40 41 42 43 44 45 46 47 48 49 50 0

23
1 3 4 5 6 7 8 11 12 13 14 16 18 19 20 21 25 27 29 32 33 34 35 36 38 39 40 41 42 43 45 46 47 49 50 0

24
1 2 3 4 5 6 7 8 9 10 11 12 13 14 15 18 19 20 21 22 23 24 25 26 27 28 29 31 32 33 34 36 37 38 39 40 41 42 43 44 45 46 50 0

25
2 3 4 5 7 8 9 10 11 13 14 15 18 19 20 23 24 25 26 27 29 30 32 34 36 38 39 40 41 42 43 45 46 50 0

26
1 3 4 5 6 7 8 10 11 12 13 16 17 18 19 20 21 22 23 24 25 26 27 28 29 30 31 32 33 34 36 37 38 39 40 41 43 44 45 46 47 48 49 50 0

27
1 3 4 5 6 7 8 9 10 11 12 13 18 19 20 21 22 23 24 25 26 27 28 29 30 32 33 34 36 38 39 40 41 43 45 46 49 50 0

28
1 2 3 4 5 6 7 8 9 10 11 12 13 15 16 17 18 19 20 21 22 23 24 25 26 27 28 29 30 31 32 33 34 36 37 39 40 41 42 43 44 45 46 47 48 49 50 0

29
2 3 4 5 7 8 9 10 11 12 13 14 15 16 17 18 19 20 21 24 25 27 28 29 30 31 32 33 34 36 37 38 39 40 41 43 44 46 47 48 49 50 0

30
1 2 3 4 5 6 7 8 9 10 11 12 15 17 19 20 21 22 23 24 25 27 28 29 30 31 32 34 35 36 37 38 39 40 41 43 44 45 46 50 0

31
1 2 3 4 6 7 8 9 10 11 12 13 14 18 19 20 21 22 23 24 25 27 29 30 32 33 34 36 38 39 40 41 42 43 45 46 47 48 50 0

32
1 2 3 4 6 7 9 10 11 12 13 14 15 18 19 20 21 22 23 24 25 26 27 28 29 30 31 32 34 35 36 37 39 40 41 42 43 45 46 48 49 50 0

33
1 2 3 4 5 6 7 8 9 10 11 12 13 18 19 20 21 22 23 24 25 27 28 29 30 32 33 34 38 39 40 41 43 45 46 47 48 50 0

34
1 2 3 4 6 7 9 10 11 12 13 14 15 19 20 21 22 23 24 25 26 27 29 30 32 34 36 37 39 40 41 42 43 45 46 47 48 49 50 0

35
1 2 4 5 7 8 9 11 12 13 14 15 18 19 20 21 22 23 24 25 26 27 28 29 32 33 34 35 36 38 40 41 43 44 45 46 50 0

36
1 3 4 6 7 8 10 11 12 13 19 20 21 22 23 24 25 27 29 30 31 32 34 36 38 39 40 41 43 45 46 50 0

37
1 2 3 4 5 6 7 8 10 11 12 13 14 15 17 18 19 20 21 24 25 27 28 29 31 32 33 34 35 36 37 38 39 40 41 43 44 45 46 47 48 49 50 0

38
1 2 3 4 5 7 8 9 10 11 12 13 14 15 16 18 20 21 23 24 25 26 27 28 29 30 31 32 33 34 36 38 39 40 41 42 43 44 45 46 48 50 0

39
1 2 3 4 5 6 7 8 9 10 11 12 13 18 19 20 21 22 23 24 25 26 27 28 29 30 32 33 34 36 38 39 40 41 43 44 45 46 47 48 50 0

40
1 3 4 5 6 7 8 10 11 12 13 15 17 18 19 20 21 22 23 24 25 27 28 29 30 31 32 33 34 36 37 38 39 40 41 43 44 45 46 47 49 50 0

41
1 3 4 5 6 7 8 10 11 13 14 15 18 20 21 22 23 24 25 26 27 28 29 30 32 33 34 35 36 38 39 40 41 42 43 45 46 48 50 0

42
1 2 3 4 5 6 7 8 9 10 11 12 13 15 17 18 19 20 21 22 23 24 25 26 27 28 29 32 33 34 36 37 38 39 40 41 42 43 44 45 46 47 48 49 50 0

43
1 2 3 4 5 6 7 8 10 11 12 13 14 17 18 19 20 21 22 24 25 27 28 29 31 32 33 34 35 36 37 38 39 40 41 42 43 44 45 46 47 48 50 0

44
1 3 4 5 6 7 8 10 11 12 13 18 19 20 21 22 23 24 25 27 28 29 32 33 34 36 38 39 40 41 43 44 45 46 48 50 0

45
1 3 4 5 6 7 8 10 11 12 13 16 18 19 20 21 22 23 24 25 27 29 30 32 33 34 36 38 39 40 41 43 44 45 46 50 0

46
1 2 3 4 6 7 8 9 10 11 12 13 14 15 16 17 18 19 20 21 23 24 25 26 27 28 29 30 31 32 33 34 37 38 39 40 41 42 43 44 45 46 47 48 49 50 0

47
2 3 4 5 7 8 9 10 11 12 13 14 16 17 19 20 21 22 23 25 26 27 29 30 32 34 35 36 38 39 40 41 42 43 45 46 47 48 50 0

48
1 3 4 6 7 8 10 11 12 13 14 16 17 18 19 20 21 23 24 25 27 28 29 31 32 33 34 35 36 38 39 40 41 43 44 45 46 47 48 50 0

49
1 3 4 6 8 9 10 11 12 13 14 16 17 19 20 21 23 24 25 26 27 28 29 30 31 32 33 34 35 36 37 38 39 40 41 42 43 44 45 46 47 48 49 50 0

50
1 2 3 4 5 6 7 8 9 10 11 12 13 14 15 17 18 19 20 21 22 23 24 25 26 27 28 29 30 31 32 33 34 36 37 38 39 40 41 42 43 44 45 46 47 48 49 50 0

51
1 2 3 4 6 7 8 10 11 12 13 14 16 17 18 19 20 21 22 23 24 25 26 27 29 30 31 32 33 34 35 37 38 39 40 41 42 43 45 46 47 48 49 50 0

52
1 2 3 4 5 6 7 8 9 10 11 12 13 17 18 19 20 21 22 23 24 25 27 28 29 30 31 32 33 34 35 36 37 38 39 40 41 42 43 44 45 46 47 48 49 50 0

53
1 3 4 5 6 7 8 11 12 13 18 19 20 21 22 24 25 27 28 29 30 32 33 34 35 36 38 39 40 41 43 45 46 47 50 0

54
1 2 3 4 5 7 8 9 10 11 14 15 19 20 21 23 24 25 27 29 30 32 34 35 36 38 39 40 41 42 43 45 46 50 0

55
1 2 3 4 6 7 8 9 10 11 12 13 15 16 19 20 21 22 23 24 25 27 29 30 31 32 34 36 37 38 39 40 41 43 45 46 50 0

57
2 3 4 5 7 8 9 10 11 13 14 15 17 18 19 20 21 22 23 24 25 26 27 28 29 30 32 33 34 36 38 39 40 41 42 43 45 46 47 50 0

58
1 3 4 5 6 7 8 11 12 13 18 19 20 21 22 23 24 25 27 29 32 33 34 36 38 39 40 41 43 45 46 50 0

59
1 2 3 4 5 7 8 9 10 11 12 13 14 15 16 17 18 19 20 21 22 24 25 27 28 29 30 31 32 33 34 35 37 38 39 40 41 43 44 45 46 47 48 50 0

60
1 2 3 4 5 6 7 9 10 11 12 13 17 18 19 20 22 23 24 25 27 28 29 30 31 32 33 34 36 37 39 40 41 43 44 45 46 47 48 49 50 0

61
1 3 4 5 6 7 8 10 11 12 13 14 18 19 20 21 22 23 24 25 26 27 29 30 31 32 33 34 36 38 39 40 41 43 45 46 50 0

62
1 3 4 5 6 7 8 10 11 12 13 16 18 19 20 21 22 23 24 25 27 29 32 33 34 36 38 39 40 41 43 45 46 47 50 0

63
1 2 3 4 5 6 7 8 9 10 11 12 13 14 15 17 18 19 20 21 22 23 24 25 26 27 28 29 30 31 32 33 34 35 36 37 39 40 41 42 43 45 46 47 48 49 50 0

64
2 3 4 7 8 9 10 11 13 14 15 16 17 18 19 20 21 23 24 26 27 29 31 32 34 36 37 38 39 40 41 43 45 46 50 0

65
1 2 3 4 5 6 7 8 9 10 11 12 13 14 15 18 19 20 21 22 23 24 25 27 28 29 30 31 32 33 34 35 36 37 39 40 41 43 44 45 46 50 0

66
1 2 3 4 6 7 8 10 11 12 13 14 16 17 18 20 21 23 24 25 27 29 31 32 33 34 35 36 37 38 39 40 41 42 43 45 46 47 48 49 50 0

67
1 2 3 4 5 6 7 8 9 10 11 12 13 14 15 17 19 20 21 22 23 24 25 27 28 29 30 31 32 34 35 36 37 38 39 40 41 42 43 44 45 46 50 0

68
2 3 4 7 8 9 10 11 12 13 14 15 17 18 19 20 21 22 23 24 25 27 28 29 30 31 32 33 34 35 36 37 38 39 40 41 43 44 45 46 47 48 49 50 0

69
1 2 3 4 5 6 7 8 9 10 11 12 13 14 15 17 18 19 20 21 22 23 24 25 27 28 29 30 31 32 33 34 35 36 37 39 40 41 43 44 45 46 50 0

70
1 3 4 5 6 7 8 10 11 12 13 15 18 19 20 21 22 23 24 25 27 28 29 30 32 33 34 36 38 39 40 41 43 45 46 50 0

71
2 3 4 7 8 9 10 11 12 14 15 19 20 21 23 24 27 29 30 32 34 35 36 38 39 40 41 42 43 45 46 50 0

72
1 3 4 5 6 7 8 10 11 12 13 15 16 17 18 19 20 21 22 23 24 25 26 27 28 29 30 31 32 33 34 36 37 38 39 40 41 43 44 45 46 47 48 49 50 0

73
2 3 4 7 8 9 10 11 12 14 19 20 21 22 23 25 26 27 29 32 34 35 36 38 39 40 41 42 43 45 46 0

74
1 3 4 5 6 7 8 10 11 12 13 15 17 18 19 20 21 22 23 24 25 26 27 28 29 30 31 32 33 34 36 37 38 39 40 41 43 44 45 46 47 48 49 50 0

75
2 3 4 5 7 8 9 11 13 16 19 20 21 24 25 27 28 29 30 32 34 36 38 39 40 41 43 45 46 50 0

76
1 3 4 5 6 7 8 10 11 12 13 18 19 20 21 22 23 24 25 27 28 29 32 33 34 36 38 39 40 41 43 45 46 47 50 0

77
1 3 4 5 6 7 8 10 11 12 13 18 19 20 21 22 23 24 25 27 28 29 31 32 33 34 36 37 38 39 40 41 43 44 45 46 48 50 0

78
1 2 3 4 5 7 8 9 10 12 13 14 15 16 18 19 20 24 25 27 28 29 30 31 32 33 34 36 38 40 41 43 44 45 46 47 48 50 0

79
1 3 4 7 8 9 10 11 12 13 14 15 16 17 18 19 20 21 22 24 25 26 27 29 30 31 32 33 34 35 36 37 38 39 40 41 43 45 46 48 50 0

80
3 4 5 6 7 8 9 10 11 12 13 14 15 16 18 20 23 24 25 26 27 29 30 32 33 34 36 38 39 40 41 42 43 45 46 50 0

81
1 3 4 5 6 7 8 9 10 11 12 13 14 15 16 18 20 21 22 23 24 25 26 27 28 29 30 32 33 34 35 36 38 39 40 41 42 43 45 46 48 50 0

82
1 2 3 4 6 7 9 11 12 13 14 15 19 20 21 22 23 24 25 26 27 28 29 30 32 34 36 39 40 41 42 45 46 47 49 50 0

83
1 2 3 4 5 6 7 8 9 10 11 12 14 15 17 18 19 20 21 22 23 24 25 27 28 29 30 31 32 33 34 35 37 39 40 41 42 43 44 45 46 50 0

84
1 3 4 5 6 7 8 9 10 11 12 13 15 16 18 20 21 22 23 24 25 27 28 29 32 33 34 35 36 38 39 40 41 43 44 45 46 47 48 49 50 0

85
1 3 4 5 6 7 8 10 11 12 13 17 18 19 20 21 22 23 24 25 27 28 29 30 31 32 33 34 36 37 38 39 40 41 43 44 45 46 47 48 50 0

86
3 4 5 7 8 9 10 11 12 13 14 15 17 19 20 21 22 23 24 25 26 27 28 29 30 32 33 34 36 37 38 39 40 41 42 43 44 45 46 48 49 50 0

87
1 2 3 4 5 6 7 8 9 10 11 12 13 14 17 18 19 20 21 22 23 24 25 26 27 28 29 30 33 34 35 37 39 40 41 42 43 44 45 46 47 48 49 50 0

88
2 3 4 5 7 8 9 11 13 14 15 18 19 20 21 22 23 24 25 26 27 28 29 30 32 33 34 35 36 38 39 40 41 42 43 45 46 50 0

89
1 2 3 4 5 6 7 8 9 10 11 12 13 14 15 17 19 21 23 24 25 26 27 28 29 30 31 32 33 34 35 36 37 38 39 40 41 42 43 44 45 46 50 0

90
1 3 4 5 6 7 8 9 10 11 12 13 15 16 18 19 20 22 23 24 25 27 28 29 32 33 34 36 37 38 39 40 41 43 44 45 46 48 49 50 0

91
1 2 4 5 7 8 9 11 13 14 15 18 19 20 22 23 25 26 27 28 29 32 33 34 35 38 39 40 41 43 45 46 50 0

92
3 4 7 8 9 11 12 15 16 19 20 21 23 27 29 32 34 35 36 38 39 40 41 43 45 46 50 0

93
1 2 3 4 5 6 7 8 9 10 11 12 13 16 19 20 21 22 23 24 25 26 27 29 31 32 34 36 38 39 40 41 43 45 46 50 0

94
2 3 4 5 7 8 9 11 13 14 15 18 19 20 21 23 24 25 27 29 30 32 33 34 35 36 38 39 40 41 43 45 46 50 0

95
1 3 4 5 6 7 8 10 11 12 13 15 17 18 19 20 21 22 23 24 25 27 28 29 30 31 32 33 34 36 37 38 39 40 41 43 44 45 46 47 48 49 50 0

96
1 3 4 5 6 7 8 9 10 11 12 13 14 15 16 18 20 21 22 23 24 25 26 27 28 29 30 32 33 34 35 36 38 39 40 41 42 43 45 46 48 50 0

97
1 2 4 5 6 7 8 9 10 11 12 13 14 15 17 18 19 20 21 22 23 24 25 27 28 29 30 31 32 33 34 35 37 38 39 40 41 43 44 45 46 47 50 0

98
3 4 7 8 9 10 11 12 13 14 15 16 17 19 20 21 22 24 25 26 27 29 30 31 32 33 34 35 36 37 38 39 40 41 42 43 45 46 48 50 0

99
1 3 4 5 6 7 8 10 11 12 13 16 18 19 20 21 22 23 24 25 27 29 32 33 34 36 38 39 40 41 43 45 46 50 0

100
1 2 3 4 6 7 8 9 10 11 12 13 14 18 19 20 21 22 23 24 25 26 27 29 31 32 34 35 36 38 39 40 41 42 43 45 46 50 0

1
1 2 3 4 6 7 8 9 11 12 13 14 15 19 20 21 22 23 24 25 26 27 28 29 30 32 34 36 39 40 41 42 43 45 46 47 48 49 50 0

2
1 2 3 4 5 6 7 8 9 10 11 12 13 14 15 18 19 20 21 22 23 24 25 27 28 29 30 32 33 34 36 38 39 40 41 43 44 45 46 50 0

3
1 2 3 4 5 6 7 8 10 11 12 13 14 15 16 17 18 19 20 21 22 23 24 25 27 28 29 30 31 32 33 34 36 38 39 40 41 43 44 45 46 48 50 0

4
1 3 4 6 7 8 9 10 11 12 13 14 15 17 19 20 21 22 23 24 25 27 28 29 31 32 34 35 37 39 40 41 43 44 45 46 48 0

5
2 3 4 5 7 8 9 10 11 12 13 14 15 18 19 20 21 23 24 25 27 28 29 30 31 32 33 34 35 36 38 39 40 41 43 45 46 50 0

6
1 3 4 5 6 7 8 11 12 13 18 19 20 21 22 23 24 25 26 27 28 29 32 33 34 36 38 39 40 41 43 45 46 50 0

7
1 4 5 6 7 8 9 10 11 12 13 15 16 17 18 19 20 21 22 23 24 25 27 28 29 30 31 32 33 34 36 37 39 40 41 43 44 45 46 47 48 49 50 0

9
1 2 3 4 6 7 9 10 11 12 13 14 15 18 20 21 22 23 24 25 27 28 29 32 33 34 36 37 40 41 43 45 46 47 48 49 50 0

10
2 3 4 5 7 8 9 10 11 12 13 15 16 17 18 20 21 23 24 27 29 30 31 32 34 36 37 38 39 40 41 43 45 46 47 49 50 0

11
1 3 4 5 6 7 8 10 11 12 13 15 18 19 20 21 22 24 25 27 28 29 30 31 32 33 34 35 36 38 40 41 43 44 45 46 47 48 49 50 0

12
3 4 5 7 8 10 11 13 14 15 17 18 19 20 21 22 23 24 25 26 27 28 29 31 32 33 34 36 37 38 39 40 41 43 44 45 46 48 50 0

13
1 3 4 5 6 7 8 10 11 12 13 18 19 20 21 22 23 24 25 27 28 29 32 33 34 36 38 39 40 41 43 45 46 47 50 0

14
1 2 3 4 6 7 9 10 11 12 13 14 17 18 19 20 21 22 23 24 25 26 27 29 30 31 32 34 36 37 39 40 41 42 43 45 46 47 48 49 50 0

15
2 3 4 7 8 9 11 12 15 19 20 21 23 27 29 30 32 34 35 36 38 39 40 41 43 45 46 50 0

16
1 3 4 5 6 7 8 10 11 12 13 18 19 20 21 22 23 24 25 26 27 28 29 30 32 33 34 36 38 39 40 41 43 45 46 50 0

17
3 4 7 8 9 10 11 12 15 16 19 20 21 23 27 29 30 32 34 35 36 38 39 40 41 43 45 46 50 0

18
1 3 4 6 7 8 9 11 12 13 15 16 18 19 20 21 23 24 25 27 29 30 32 33 34 36 38 39 40 41 43 45 46 50 0

19
1 2 3 4 6 7 8 9 10 11 12 13 17 18 19 20 21 22 23 24 25 27 29 32 33 34 38 39 40 41 43 44 45 46 47 48 49 50 0

20
1 2 3 4 6 7 9 10 11 12 13 14 15 18 19 20 21 22 23 24 25 26 27 28 29 30 32 33 34 36 37 39 40 41 42 43 45 46 47 48 49 50 0

21
1 2 3 4 5 6 7 8 9 10 11 12 13 14 15 18 19 20 21 22 23 24 25 27 28 29 30 32 33 34 36 38 39 40 41 43 44 45 46 50 0

22
1 2 3 4 6 7 9 10 11 12 13 14 17 18 20 21 22 23 24 25 27 28 29 31 32 33 34 35 36 37 38 39 40 41 42 43 44 45 46 47 48 49 50 0

23
1 3 4 5 6 7 8 11 12 13 14 16 18 19 20 21 25 27 29 32 33 34 35 36 38 39 40 41 42 43 45 46 47 49 50 0

24
1 2 3 4 5 6 7 8 9 10 11 12 13 14 15 18 19 20 21 22 23 24 25 26 27 28 29 31 32 33 34 36 37 38 39 40 41 42 43 44 45 46 50 0

25
2 3 4 5 7 8 9 10 11 13 14 15 18 19 20 23 24 25 26 27 29 30 32 34 36 38 39 40 41 42 43 45 46 50 0

26
1 3 4 5 6 7 8 10 11 12 13 16 17 18 19 20 21 22 23 24 25 26 27 28 29 30 31 32 33 34 36 37 38 39 40 41 43 44 45 46 47 48 49 50 0

27
1 3 4 5 6 7 8 9 10 11 12 13 18 19 20 21 22 23 24 25 26 27 28 29 30 32 33 34 36 38 39 40 41 43 45 46 49 50 0

28
1 2 3 4 5 6 7 8 9 10 11 12 13 15 16 17 18 19 20 21 22 23 24 25 26 27 28 29 30 31 32 33 34 36 37 39 40 41 42 43 44 45 46 47 48 49 50 0

29
2 3 4 5 7 8 9 10 11 12 13 14 15 16 17 18 19 20 21 24 25 27 28 29 30 31 32 33 34 36 37 38 39 40 41 43 44 46 47 48 49 50 0

30
1 2 3 4 5 6 7 8 9 10 11 12 15 17 19 20 21 22 23 24 25 27 28 29 30 31 32 34 35 36 37 38 39 40 41 43 44 45 46 50 0

31
1 2 3 4 6 7 8 9 10 11 12 13 14 18 19 20 21 22 23 24 25 27 29 30 32 33 34 36 38 39 40 41 42 43 45 46 47 48 50 0

32
1 2 3 4 6 7 9 10 11 12 13 14 15 18 19 20 21 22 23 24 25 26 27 28 29 30 31 32 34 35 36 37 39 40 41 42 43 45 46 48 49 50 0

33
1 2 3 4 5 6 7 8 9 10 11 12 13 18 19 20 21 22 23 24 25 27 28 29 30 32 33 34 38 39 40 41 43 45 46 47 48 50 0

34
1 2 3 4 6 7 9 10 11 12 13 14 15 19 20 21 22 23 24 25 26 27 29 30 32 34 36 37 39 40 41 42 43 45 46 47 48 49 50 0

35
1 2 4 5 7 8 9 11 12 13 14 15 18 19 20 21 22 23 24 25 26 27 28 29 32 33 34 35 36 38 40 41 43 44 45 46 50 0

36
1 3 4 6 7 8 10 11 12 13 19 20 21 22 23 24 25 27 29 30 31 32 34 36 38 39 40 41 43 45 46 50 0

37
1 2 3 4 5 6 7 8 10 11 12 13 14 15 17 18 19 20 21 24 25 27 28 29 31 32 33 34 35 36 37 38 39 40 41 43 44 45 46 47 48 49 50 0

38
1 2 3 4 5 7 8 9 10 11 12 13 14 15 16 18 20 21 23 24 25 26 27 28 29 30 31 32 33 34 36 38 39 40 41 42 43 44 45 46 48 50 0

39
1 2 3 4 5 6 7 8 9 10 11 12 13 18 19 20 21 22 23 24 25 26 27 28 29 30 32 33 34 36 38 39 40 41 43 44 45 46 47 48 50 0

40
1 3 4 5 6 7 8 10 11 12 13 15 17 18 19 20 21 22 23 24 25 27 28 29 30 31 32 33 34 36 37 38 39 40 41 43 44 45 46 47 49 50 0

41
1 3 4 5 6 7 8 10 11 13 14 15 18 20 21 22 23 24 25 26 27 28 29 30 32 33 34 35 36 38 39 40 41 42 43 45 46 48 50 0

42
1 2 3 4 5 6 7 8 9 10 11 12 13 15 17 18 19 20 21 22 23 24 25 26 27 28 29 32 33 34 36 37 38 39 40 41 42 43 44 45 46 47 48 49 50 0

43
1 2 3 4 5 6 7 8 10 11 12 13 14 17 18 19 20 21 22 24 25 27 28 29 31 32 33 34 35 36 37 38 39 40 41 42 43 44 45 46 47 48 50 0

44
1 3 4 5 6 7 8 10 11 12 13 18 19 20 21 22 23 24 25 27 28 29 32 33 34 36 38 39 40 41 43 44 45 46 48 50 0

45
1 3 4 5 6 7 8 10 11 12 13 16 18 19 20 21 22 23 24 25 27 29 30 32 33 34 36 38 39 40 41 43 44 45 46 50 0

46
1 2 3 4 6 7 8 9 10 11 12 13 14 15 16 17 18 19 20 21 23 24 25 26 27 28 29 30 31 32 33 34 37 38 39 40 41 42 43 44 45 46 47 48 49 50 0

47
2 3 4 5 7 8 9 10 11 12 13 14 16 17 19 20 21 22 23 25 26 27 29 30 32 34 35 36 38 39 40 41 42 43 45 46 47 48 50 0

48
1 3 4 6 7 8 10 11 12 13 14 16 17 18 19 20 21 23 24 25 27 28 29 31 32 33 34 35 36 38 39 40 41 43 44 45 46 47 48 50 0

49
1 3 4 6 8 9 10 11 12 13 14 16 17 19 20 21 23 24 25 26 27 28 29 30 31 32 33 34 35 36 37 38 39 40 41 42 43 44 45 46 47 48 49 50 0

50
1 2 3 4 5 6 7 8 9 10 11 12 13 14 15 17 18 19 20 21 22 23 24 25 26 27 28 29 30 31 32 33 34 36 37 38 39 40 41 42 43 44 45 46 47 48 49 50 0

51
1 2 3 4 6 7 8 10 11 12 13 14 16 17 18 19 20 21 22 23 24 25 26 27 29 30 31 32 33 34 35 37 38 39 40 41 42 43 45 46 47 48 49 50 0

52
1 2 3 4 5 6 7 8 9 10 11 12 13 17 18 19 20 21 22 23 24 25 27 28 29 30 31 32 33 34 35 36 37 38 39 40 41 42 43 44 45 46 47 48 49 50 0

53
1 3 4 5 6 7 8 11 12 13 18 19 20 21 22 24 25 27 28 29 30 32 33 34 35 36 38 39 40 41 43 45 46 47 50 0

54
1 2 3 4 5 7 8 9 10 11 14 15 19 20 21 23 24 25 27 29 30 32 34 35 36 38 39 40 41 42 43 45 46 50 0

55
1 2 3 4 6 7 8 9 10 11 12 13 15 16 19 20 21 22 23 24 25 27 29 30 31 32 34 36 37 38 39 40 41 43 45 46 50 0

57
2 3 4 5 7 8 9 10 11 13 14 15 17 18 19 20 21 22 23 24 25 26 27 28 29 30 32 33 34 36 38 39 40 41 42 43 45 46 47 50 0

58
1 3 4 5 6 7 8 11 12 13 18 19 20 21 22 23 24 25 27 29 32 33 34 36 38 39 40 41 43 45 46 50 0

59
1 2 3 4 5 7 8 9 10 11 12 13 14 15 16 17 18 19 20 21 22 24 25 27 28 29 30 31 32 33 34 35 37 38 39 40 41 43 44 45 46 47 48 50 0

60
1 2 3 4 5 6 7 9 10 11 12 13 17 18 19 20 22 23 24 25 27 28 29 30 31 32 33 34 36 37 39 40 41 43 44 45 46 47 48 49 50 0

61
1 3 4 5 6 7 8 10 11 12 13 14 18 19 20 21 22 23 24 25 26 27 29 30 31 32 33 34 36 38 39 40 41 43 45 46 50 0

62
1 3 4 5 6 7 8 10 11 12 13 16 18 19 20 21 22 23 24 25 27 29 32 33 34 36 38 39 40 41 43 45 46 47 50 0

63
1 2 3 4 5 6 7 8 9 10 11 12 13 14 15 17 18 19 20 21 22 23 24 25 26 27 28 29 30 31 32 33 34 35 36 37 39 40 41 42 43 45 46 47 48 49 50 0

64
2 3 4 7 8 9 10 11 13 14 15 16 17 18 19 20 21 23 24 26 27 29 31 32 34 36 37 38 39 40 41 43 45 46 50 0

65
1 2 3 4 5 6 7 8 9 10 11 12 13 14 15 18 19 20 21 22 23 24 25 27 28 29 30 31 32 33 34 35 36 37 39 40 41 43 44 45 46 50 0

66
1 2 3 4 6 7 8 10 11 12 13 14 16 17 18 20 21 23 24 25 27 29 31 32 33 34 35 36 37 38 39 40 41 42 43 45 46 47 48 49 50 0

67
1 2 3 4 5 6 7 8 9 10 11 12 13 14 15 17 19 20 21 22 23 24 25 27 28 29 30 31 32 34 35 36 37 38 39 40 41 42 43 44 45 46 50 0

68
2 3 4 7 8 9 10 11 12 13 14 15 17 18 19 20 21 22 23 24 25 27 28 29 30 31 32 33 34 35 36 37 38 39 40 41 43 44 45 46 47 48 49 50 0

69
1 2 3 4 5 6 7 8 9 10 11 12 13 14 15 17 18 19 20 21 22 23 24 25 27 28 29 30 31 32 33 34 35 36 37 39 40 41 43 44 45 46 50 0

70
1 3 4 5 6 7 8 10 11 12 13 15 18 19 20 21 22 23 24 25 27 28 29 30 32 33 34 36 38 39 40 41 43 45 46 50 0

71
2 3 4 7 8 9 10 11 12 14 15 19 20 21 23 24 27 29 30 32 34 35 36 38 39 40 41 42 43 45 46 50 0

72
1 3 4 5 6 7 8 10 11 12 13 15 16 17 18 19 20 21 22 23 24 25 26 27 28 29 30 31 32 33 34 36 37 38 39 40 41 43 44 45 46 47 48 49 50 0

73
2 3 4 7 8 9 10 11 12 14 19 20 21 22 23 25 26 27 29 32 34 35 36 38 39 40 41 42 43 45 46 0

74
1 3 4 5 6 7 8 10 11 12 13 15 17 18 19 20 21 22 23 24 25 26 27 28 29 30 31 32 33 34 36 37 38 39 40 41 43 44 45 46 47 48 49 50 0

75
2 3 4 5 7 8 9 11 13 16 19 20 21 24 25 27 28 29 30 32 34 36 38 39 40 41 43 45 46 50 0

76
1 3 4 5 6 7 8 10 11 12 13 18 19 20 21 22 23 24 25 27 28 29 32 33 34 36 38 39 40 41 43 45 46 47 50 0

77
1 3 4 5 6 7 8 10 11 12 13 18 19 20 21 22 23 24 25 27 28 29 31 32 33 34 36 37 38 39 40 41 43 44 45 46 48 50 0

78
1 2 3 4 5 7 8 9 10 12 13 14 15 16 18 19 20 24 25 27 28 29 30 31 32 33 34 36 38 40 41 43 44 45 46 47 48 50 0

79
1 3 4 7 8 9 10 11 12 13 14 15 16 17 18 19 20 21 22 24 25 26 27 29 30 31 32 33 34 35 36 37 38 39 40 41 43 45 46 48 50 0

80
3 4 5 6 7 8 9 10 11 12 13 14 15 16 18 20 23 24 25 26 27 29 30 32 33 34 36 38 39 40 41 42 43 45 46 50 0

81
1 3 4 5 6 7 8 9 10 11 12 13 14 15 16 18 20 21 22 23 24 25 26 27 28 29 30 32 33 34 35 36 38 39 40 41 42 43 45 46 48 50 0

82
1 2 3 4 6 7 9 11 12 13 14 15 19 20 21 22 23 24 25 26 27 28 29 30 32 34 36 39 40 41 42 45 46 47 49 50 0

83
1 2 3 4 5 6 7 8 9 10 11 12 14 15 17 18 19 20 21 22 23 24 25 27 28 29 30 31 32 33 34 35 37 39 40 41 42 43 44 45 46 50 0

84
1 3 4 5 6 7 8 9 10 11 12 13 15 16 18 20 21 22 23 24 25 27 28 29 32 33 34 35 36 38 39 40 41 43 44 45 46 47 48 49 50 0

85
1 3 4 5 6 7 8 10 11 12 13 17 18 19 20 21 22 23 24 25 27 28 29 30 31 32 33 34 36 37 38 39 40 41 43 44 45 46 47 48 50 0

86
3 4 5 7 8 9 10 11 12 13 14 15 17 19 20 21 22 23 24 25 26 27 28 29 30 32 33 34 36 37 38 39 40 41 42 43 44 45 46 48 49 50 0

87
1 2 3 4 5 6 7 8 9 10 11 12 13 14 17 18 19 20 21 22 23 24 25 26 27 28 29 30 33 34 35 37 39 40 41 42 43 44 45 46 47 48 49 50 0

88
2 3 4 5 7 8 9 11 13 14 15 18 19 20 21 22 23 24 25 26 27 28 29 30 32 33 34 35 36 38 39 40 41 42 43 45 46 50 0

89
1 2 3 4 5 6 7 8 9 10 11 12 13 14 15 17 19 21 23 24 25 26 27 28 29 30 31 32 33 34 35 36 37 38 39 40 41 42 43 44 45 46 50 0

90
1 3 4 5 6 7 8 9 10 11 12 13 15 16 18 19 20 22 23 24 25 27 28 29 32 33 34 36 37 38 39 40 41 43 44 45 46 48 49 50 0

91
1 2 4 5 7 8 9 11 13 14 15 18 19 20 22 23 25 26 27 28 29 32 33 34 35 38 39 40 41 43 45 46 50 0

92
3 4 7 8 9 11 12 15 16 19 20 21 23 27 29 32 34 35 36 38 39 40 41 43 45 46 50 0

93
1 2 3 4 5 6 7 8 9 10 11 12 13 16 19 20 21 22 23 24 25 26 27 29 31 32 34 36 38 39 40 41 43 45 46 50 0

94
2 3 4 5 7 8 9 11 13 14 15 18 19 20 21 23 24 25 27 29 30 32 33 34 35 36 38 39 40 41 43 45 46 50 0

95
1 3 4 5 6 7 8 10 11 12 13 15 17 18 19 20 21 22 23 24 25 27 28 29 30 31 32 33 34 36 37 38 39 40 41 43 44 45 46 47 48 49 50 0

96
1 3 4 5 6 7 8 9 10 11 12 13 14 15 16 18 20 21 22 23 24 25 26 27 28 29 30 32 33 34 35 36 38 39 40 41 42 43 45 46 48 50 0

97
1 2 4 5 6 7 8 9 10 11 12 13 14 15 17 18 19 20 21 22 23 24 25 27 28 29 30 31 32 33 34 35 37 38 39 40 41 43 44 45 46 47 50 0

98
3 4 7 8 9 10 11 12 13 14 15 16 17 19 20 21 22 24 25 26 27 29 30 31 32 33 34 35 36 37 38 39 40 41 42 43 45 46 48 50 0

99
1 3 4 5 6 7 8 10 11 12 13 16 18 19 20 21 22 23 24 25 27 29 32 33 34 36 38 39 40 41 43 45 46 50 0

100
1 2 3 4 6 7 8 9 10 11 12 13 14 18 19 20 21 22 23 24 25 26 27 29 31 32 34 35 36 38 39 40 41 42 43 45 46 50 0

1
1 2 3 4 6 7 8 9 11 12 13 14 15 19 20 21 22 23 24 25 26 27 28 29 30 32 34 36 39 40 41 42 43 45 46 47 48 49 50 0

2
1 2 3 4 5 6 7 8 9 10 11 12 13 14 15 18 19 20 21 22 23 24 25 27 28 29 30 32 33 34 36 38 39 40 41 43 44 45 46 50 0

3
1 2 3 4 5 6 7 8 10 11 12 13 14 15 16 17 18 19 20 21 22 23 24 25 27 28 29 30 31 32 33 34 36 38 39 40 41 43 44 45 46 48 50 0

4
1 3 4 6 7 8 9 10 11 12 13 14 15 17 19 20 21 22 23 24 25 27 28 29 31 32 34 35 37 39 40 41 43 44 45 46 48 0

5
2 3 4 5 7 8 9 10 11 12 13 14 15 18 19 20 21 23 24 25 27 28 29 30 31 32 33 34 35 36 38 39 40 41 43 45 46 50 0

6
1 3 4 5 6 7 8 11 12 13 18 19 20 21 22 23 24 25 26 27 28 29 32 33 34 36 38 39 40 41 43 45 46 50 0

7
1 4 5 6 7 8 9 10 11 12 13 15 16 17 18 19 20 21 22 23 24 25 27 28 29 30 31 32 33 34 36 37 39 40 41 43 44 45 46 47 48 49 50 0

9
1 2 3 4 6 7 9 10 11 12 13 14 15 18 20 21 22 23 24 25 27 28 29 32 33 34 36 37 40 41 43 45 46 47 48 49 50 0

10
2 3 4 5 7 8 9 10 11 12 13 15 16 17 18 20 21 23 24 27 29 30 31 32 34 36 37 38 39 40 41 43 45 46 47 49 50 0

11
1 3 4 5 6 7 8 10 11 12 13 15 18 19 20 21 22 24 25 27 28 29 30 31 32 33 34 35 36 38 40 41 43 44 45 46 47 48 49 50 0

12
3 4 5 7 8 10 11 13 14 15 17 18 19 20 21 22 23 24 25 26 27 28 29 31 32 33 34 36 37 38 39 40 41 43 44 45 46 48 50 0

13
1 3 4 5 6 7 8 10 11 12 13 18 19 20 21 22 23 24 25 27 28 29 32 33 34 36 38 39 40 41 43 45 46 47 50 0

14
1 2 3 4 6 7 9 10 11 12 13 14 17 18 19 20 21 22 23 24 25 26 27 29 30 31 32 34 36 37 39 40 41 42 43 45 46 47 48 49 50 0

15
2 3 4 7 8 9 11 12 15 19 20 21 23 27 29 30 32 34 35 36 38 39 40 41 43 45 46 50 0

16
1 3 4 5 6 7 8 10 11 12 13 18 19 20 21 22 23 24 25 26 27 28 29 30 32 33 34 36 38 39 40 41 43 45 46 50 0

17
3 4 7 8 9 10 11 12 15 16 19 20 21 23 27 29 30 32 34 35 36 38 39 40 41 43 45 46 50 0

18
1 3 4 6 7 8 9 11 12 13 15 16 18 19 20 21 23 24 25 27 29 30 32 33 34 36 38 39 40 41 43 45 46 50 0

19
1 2 3 4 6 7 8 9 10 11 12 13 17 18 19 20 21 22 23 24 25 27 29 32 33 34 38 39 40 41 43 44 45 46 47 48 49 50 0

20
1 2 3 4 6 7 9 10 11 12 13 14 15 18 19 20 21 22 23 24 25 26 27 28 29 30 32 33 34 36 37 39 40 41 42 43 45 46 47 48 49 50 0

21
1 2 3 4 5 6 7 8 9 10 11 12 13 14 15 18 19 20 21 22 23 24 25 27 28 29 30 32 33 34 36 38 39 40 41 43 44 45 46 50 0

22
1 2 3 4 6 7 9 10 11 12 13 14 17 18 20 21 22 23 24 25 27 28 29 31 32 33 34 35 36 37 38 39 40 41 42 43 44 45 46 47 48 49 50 0

23
1 3 4 5 6 7 8 11 12 13 14 16 18 19 20 21 25 27 29 32 33 34 35 36 38 39 40 41 42 43 45 46 47 49 50 0

24
1 2 3 4 5 6 7 8 9 10 11 12 13 14 15 18 19 20 21 22 23 24 25 26 27 28 29 31 32 33 34 36 37 38 39 40 41 42 43 44 45 46 50 0

25
2 3 4 5 7 8 9 10 11 13 14 15 18 19 20 23 24 25 26 27 29 30 32 34 36 38 39 40 41 42 43 45 46 50 0

26
1 3 4 5 6 7 8 10 11 12 13 16 17 18 19 20 21 22 23 24 25 26 27 28 29 30 31 32 33 34 36 37 38 39 40 41 43 44 45 46 47 48 49 50 0

27
1 3 4 5 6 7 8 9 10 11 12 13 18 19 20 21 22 23 24 25 26 27 28 29 30 32 33 34 36 38 39 40 41 43 45 46 49 50 0

28
1 2 3 4 5 6 7 8 9 10 11 12 13 15 16 17 18 19 20 21 22 23 24 25 26 27 28 29 30 31 32 33 34 36 37 39 40 41 42 43 44 45 46 47 48 49 50 0

29
2 3 4 5 7 8 9 10 11 12 13 14 15 16 17 18 19 20 21 24 25 27 28 29 30 31 32 33 34 36 37 38 39 40 41 43 44 46 47 48 49 50 0

30
1 2 3 4 5 6 7 8 9 10 11 12 15 17 19 20 21 22 23 24 25 27 28 29 30 31 32 34 35 36 37 38 39 40 41 43 44 45 46 50 0

31
1 2 3 4 6 7 8 9 10 11 12 13 14 18 19 20 21 22 23 24 25 27 29 30 32 33 34 36 38 39 40 41 42 43 45 46 47 48 50 0

32
1 2 3 4 6 7 9 10 11 12 13 14 15 18 19 20 21 22 23 24 25 26 27 28 29 30 31 32 34 35 36 37 39 40 41 42 43 45 46 48 49 50 0

33
1 2 3 4 5 6 7 8 9 10 11 12 13 18 19 20 21 22 23 24 25 27 28 29 30 32 33 34 38 39 40 41 43 45 46 47 48 50 0

34
1 2 3 4 6 7 9 10 11 12 13 14 15 19 20 21 22 23 24 25 26 27 29 30 32 34 36 37 39 40 41 42 43 45 46 47 48 49 50 0

35
1 2 4 5 7 8 9 11 12 13 14 15 18 19 20 21 22 23 24 25 26 27 28 29 32 33 34 35 36 38 40 41 43 44 45 46 50 0

36
1 3 4 6 7 8 10 11 12 13 19 20 21 22 23 24 25 27 29 30 31 32 34 36 38 39 40 41 43 45 46 50 0

37
1 2 3 4 5 6 7 8 10 11 12 13 14 15 17 18 19 20 21 24 25 27 28 29 31 32 33 34 35 36 37 38 39 40 41 43 44 45 46 47 48 49 50 0

38
1 2 3 4 5 7 8 9 10 11 12 13 14 15 16 18 20 21 23 24 25 26 27 28 29 30 31 32 33 34 36 38 39 40 41 42 43 44 45 46 48 50 0

39
1 2 3 4 5 6 7 8 9 10 11 12 13 18 19 20 21 22 23 24 25 26 27 28 29 30 32 33 34 36 38 39 40 41 43 44 45 46 47 48 50 0

40
1 3 4 5 6 7 8 10 11 12 13 15 17 18 19 20 21 22 23 24 25 27 28 29 30 31 32 33 34 36 37 38 39 40 41 43 44 45 46 47 49 50 0

41
1 3 4 5 6 7 8 10 11 13 14 15 18 20 21 22 23 24 25 26 27 28 29 30 32 33 34 35 36 38 39 40 41 42 43 45 46 48 50 0

42
1 2 3 4 5 6 7 8 9 10 11 12 13 15 17 18 19 20 21 22 23 24 25 26 27 28 29 32 33 34 36 37 38 39 40 41 42 43 44 45 46 47 48 49 50 0

43
1 2 3 4 5 6 7 8 10 11 12 13 14 17 18 19 20 21 22 24 25 27 28 29 31 32 33 34 35 36 37 38 39 40 41 42 43 44 45 46 47 48 50 0

44
1 3 4 5 6 7 8 10 11 12 13 18 19 20 21 22 23 24 25 27 28 29 32 33 34 36 38 39 40 41 43 44 45 46 48 50 0

45
1 3 4 5 6 7 8 10 11 12 13 16 18 19 20 21 22 23 24 25 27 29 30 32 33 34 36 38 39 40 41 43 44 45 46 50 0

46
1 2 3 4 6 7 8 9 10 11 12 13 14 15 16 17 18 19 20 21 23 24 25 26 27 28 29 30 31 32 33 34 37 38 39 40 41 42 43 44 45 46 47 48 49 50 0

47
2 3 4 5 7 8 9 10 11 12 13 14 16 17 19 20 21 22 23 25 26 27 29 30 32 34 35 36 38 39 40 41 42 43 45 46 47 48 50 0

48
1 3 4 6 7 8 10 11 12 13 14 16 17 18 19 20 21 23 24 25 27 28 29 31 32 33 34 35 36 38 39 40 41 43 44 45 46 47 48 50 0

49
1 3 4 6 8 9 10 11 12 13 14 16 17 19 20 21 23 24 25 26 27 28 29 30 31 32 33 34 35 36 37 38 39 40 41 42 43 44 45 46 47 48 49 50 0

50
1 2 3 4 5 6 7 8 9 10 11 12 13 14 15 17 18 19 20 21 22 23 24 25 26 27 28 29 30 31 32 33 34 36 37 38 39 40 41 42 43 44 45 46 47 48 49 50 0

51
1 2 3 4 6 7 8 10 11 12 13 14 16 17 18 19 20 21 22 23 24 25 26 27 29 30 31 32 33 34 35 37 38 39 40 41 42 43 45 46 47 48 49 50 0

52
1 2 3 4 5 6 7 8 9 10 11 12 13 17 18 19 20 21 22 23 24 25 27 28 29 30 31 32 33 34 35 36 37 38 39 40 41 42 43 44 45 46 47 48 49 50 0

53
1 3 4 5 6 7 8 11 12 13 18 19 20 21 22 24 25 27 28 29 30 32 33 34 35 36 38 39 40 41 43 45 46 47 50 0

54
1 2 3 4 5 7 8 9 10 11 14 15 19 20 21 23 24 25 27 29 30 32 34 35 36 38 39 40 41 42 43 45 46 50 0

55
1 2 3 4 6 7 8 9 10 11 12 13 15 16 19 20 21 22 23 24 25 27 29 30 31 32 34 36 37 38 39 40 41 43 45 46 50 0

57
2 3 4 5 7 8 9 10 11 13 14 15 17 18 19 20 21 22 23 24 25 26 27 28 29 30 32 33 34 36 38 39 40 41 42 43 45 46 47 50 0

58
1 3 4 5 6 7 8 11 12 13 18 19 20 21 22 23 24 25 27 29 32 33 34 36 38 39 40 41 43 45 46 50 0

59
1 2 3 4 5 7 8 9 10 11 12 13 14 15 16 17 18 19 20 21 22 24 25 27 28 29 30 31 32 33 34 35 37 38 39 40 41 43 44 45 46 47 48 50 0

60
1 2 3 4 5 6 7 9 10 11 12 13 17 18 19 20 22 23 24 25 27 28 29 30 31 32 33 34 36 37 39 40 41 43 44 45 46 47 48 49 50 0

61
1 3 4 5 6 7 8 10 11 12 13 14 18 19 20 21 22 23 24 25 26 27 29 30 31 32 33 34 36 38 39 40 41 43 45 46 50 0

62
1 3 4 5 6 7 8 10 11 12 13 16 18 19 20 21 22 23 24 25 27 29 32 33 34 36 38 39 40 41 43 45 46 47 50 0

63
1 2 3 4 5 6 7 8 9 10 11 12 13 14 15 17 18 19 20 21 22 23 24 25 26 27 28 29 30 31 32 33 34 35 36 37 39 40 41 42 43 45 46 47 48 49 50 0

64
2 3 4 7 8 9 10 11 13 14 15 16 17 18 19 20 21 23 24 26 27 29 31 32 34 36 37 38 39 40 41 43 45 46 50 0

65
1 2 3 4 5 6 7 8 9 10 11 12 13 14 15 18 19 20 21 22 23 24 25 27 28 29 30 31 32 33 34 35 36 37 39 40 41 43 44 45 46 50 0

66
1 2 3 4 6 7 8 10 11 12 13 14 16 17 18 20 21 23 24 25 27 29 31 32 33 34 35 36 37 38 39 40 41 42 43 45 46 47 48 49 50 0

67
1 2 3 4 5 6 7 8 9 10 11 12 13 14 15 17 19 20 21 22 23 24 25 27 28 29 30 31 32 34 35 36 37 38 39 40 41 42 43 44 45 46 50 0

68
2 3 4 7 8 9 10 11 12 13 14 15 17 18 19 20 21 22 23 24 25 27 28 29 30 31 32 33 34 35 36 37 38 39 40 41 43 44 45 46 47 48 49 50 0

69
1 2 3 4 5 6 7 8 9 10 11 12 13 14 15 17 18 19 20 21 22 23 24 25 27 28 29 30 31 32 33 34 35 36 37 39 40 41 43 44 45 46 50 0

70
1 3 4 5 6 7 8 10 11 12 13 15 18 19 20 21 22 23 24 25 27 28 29 30 32 33 34 36 38 39 40 41 43 45 46 50 0

71
2 3 4 7 8 9 10 11 12 14 15 19 20 21 23 24 27 29 30 32 34 35 36 38 39 40 41 42 43 45 46 50 0

72
1 3 4 5 6 7 8 10 11 12 13 15 16 17 18 19 20 21 22 23 24 25 26 27 28 29 30 31 32 33 34 36 37 38 39 40 41 43 44 45 46 47 48 49 50 0

73
2 3 4 7 8 9 10 11 12 14 19 20 21 22 23 25 26 27 29 32 34 35 36 38 39 40 41 42 43 45 46 0

74
1 3 4 5 6 7 8 10 11 12 13 15 17 18 19 20 21 22 23 24 25 26 27 28 29 30 31 32 33 34 36 37 38 39 40 41 43 44 45 46 47 48 49 50 0

75
2 3 4 5 7 8 9 11 13 16 19 20 21 24 25 27 28 29 30 32 34 36 38 39 40 41 43 45 46 50 0

76
1 3 4 5 6 7 8 10 11 12 13 18 19 20 21 22 23 24 25 27 28 29 32 33 34 36 38 39 40 41 43 45 46 47 50 0

77
1 3 4 5 6 7 8 10 11 12 13 18 19 20 21 22 23 24 25 27 28 29 31 32 33 34 36 37 38 39 40 41 43 44 45 46 48 50 0

78
1 2 3 4 5 7 8 9 10 12 13 14 15 16 18 19 20 24 25 27 28 29 30 31 32 33 34 36 38 40 41 43 44 45 46 47 48 50 0

79
1 3 4 7 8 9 10 11 12 13 14 15 16 17 18 19 20 21 22 24 25 26 27 29 30 31 32 33 34 35 36 37 38 39 40 41 43 45 46 48 50 0

80
3 4 5 6 7 8 9 10 11 12 13 14 15 16 18 20 23 24 25 26 27 29 30 32 33 34 36 38 39 40 41 42 43 45 46 50 0

81
1 3 4 5 6 7 8 9 10 11 12 13 14 15 16 18 20 21 22 23 24 25 26 27 28 29 30 32 33 34 35 36 38 39 40 41 42 43 45 46 48 50 0

82
1 2 3 4 6 7 9 11 12 13 14 15 19 20 21 22 23 24 25 26 27 28 29 30 32 34 36 39 40 41 42 45 46 47 49 50 0

83
1 2 3 4 5 6 7 8 9 10 11 12 14 15 17 18 19 20 21 22 23 24 25 27 28 29 30 31 32 33 34 35 37 39 40 41 42 43 44 45 46 50 0

84
1 3 4 5 6 7 8 9 10 11 12 13 15 16 18 20 21 22 23 24 25 27 28 29 32 33 34 35 36 38 39 40 41 43 44 45 46 47 48 49 50 0

85
1 3 4 5 6 7 8 10 11 12 13 17 18 19 20 21 22 23 24 25 27 28 29 30 31 32 33 34 36 37 38 39 40 41 43 44 45 46 47 48 50 0

86
3 4 5 7 8 9 10 11 12 13 14 15 17 19 20 21 22 23 24 25 26 27 28 29 30 32 33 34 36 37 38 39 40 41 42 43 44 45 46 48 49 50 0

87
1 2 3 4 5 6 7 8 9 10 11 12 13 14 17 18 19 20 21 22 23 24 25 26 27 28 29 30 33 34 35 37 39 40 41 42 43 44 45 46 47 48 49 50 0

88
2 3 4 5 7 8 9 11 13 14 15 18 19 20 21 22 23 24 25 26 27 28 29 30 32 33 34 35 36 38 39 40 41 42 43 45 46 50 0

89
1 2 3 4 5 6 7 8 9 10 11 12 13 14 15 17 19 21 23 24 25 26 27 28 29 30 31 32 33 34 35 36 37 38 39 40 41 42 43 44 45 46 50 0

90
1 3 4 5 6 7 8 9 10 11 12 13 15 16 18 19 20 22 23 24 25 27 28 29 32 33 34 36 37 38 39 40 41 43 44 45 46 48 49 50 0

91
1 2 4 5 7 8 9 11 13 14 15 18 19 20 22 23 25 26 27 28 29 32 33 34 35 38 39 40 41 43 45 46 50 0

92
3 4 7 8 9 11 12 15 16 19 20 21 23 27 29 32 34 35 36 38 39 40 41 43 45 46 50 0

93
1 2 3 4 5 6 7 8 9 10 11 12 13 16 19 20 21 22 23 24 25 26 27 29 31 32 34 36 38 39 40 41 43 45 46 50 0

94
2 3 4 5 7 8 9 11 13 14 15 18 19 20 21 23 24 25 27 29 30 32 33 34 35 36 38 39 40 41 43 45 46 50 0

95
1 3 4 5 6 7 8 10 11 12 13 15 17 18 19 20 21 22 23 24 25 27 28 29 30 31 32 33 34 36 37 38 39 40 41 43 44 45 46 47 48 49 50 0

96
1 3 4 5 6 7 8 9 10 11 12 13 14 15 16 18 20 21 22 23 24 25 26 27 28 29 30 32 33 34 35 36 38 39 40 41 42 43 45 46 48 50 0

97
1 2 4 5 6 7 8 9 10 11 12 13 14 15 17 18 19 20 21 22 23 24 25 27 28 29 30 31 32 33 34 35 37 38 39 40 41 43 44 45 46 47 50 0

98
3 4 7 8 9 10 11 12 13 14 15 16 17 19 20 21 22 24 25 26 27 29 30 31 32 33 34 35 36 37 38 39 40 41 42 43 45 46 48 50 0

99
1 3 4 5 6 7 8 10 11 12 13 16 18 19 20 21 22 23 24 25 27 29 32 33 34 36 38 39 40 41 43 45 46 50 0

100
1 2 3 4 6 7 8 9 10 11 12 13 14 18 19 20 21 22 23 24 25 26 27 29 31 32 34 35 36 38 39 40 41 42 43 45 46 50 0

1
1 2 3 4 6 7 8 9 11 12 13 14 15 19 20 21 22 23 24 25 26 27 28 29 30 32 34 36 39 40 41 42 43 45 46 47 48 49 50 0

2
1 2 3 4 5 6 7 8 9 10 11 12 13 14 15 18 19 20 21 22 23 24 25 27 28 29 30 32 33 34 36 38 39 40 41 43 44 45 46 50 0

3
1 2 3 4 5 6 7 8 10 11 12 13 14 15 16 17 18 19 20 21 22 23 24 25 27 28 29 30 31 32 33 34 36 38 39 40 41 43 44 45 46 48 50 0

4
1 3 4 6 7 8 9 10 11 12 13 14 15 17 19 20 21 22 23 24 25 27 28 29 31 32 34 35 37 39 40 41 43 44 45 46 48 0

5
2 3 4 5 7 8 9 10 11 12 13 14 15 18 19 20 21 23 24 25 27 28 29 30 31 32 33 34 35 36 38 39 40 41 43 45 46 50 0

6
1 3 4 5 6 7 8 11 12 13 18 19 20 21 22 23 24 25 26 27 28 29 32 33 34 36 38 39 40 41 43 45 46 50 0

7
1 4 5 6 7 8 9 10 11 12 13 15 16 17 18 19 20 21 22 23 24 25 27 28 29 30 31 32 33 34 36 37 39 40 41 43 44 45 46 47 48 49 50 0

9
1 2 3 4 6 7 9 10 11 12 13 14 15 18 20 21 22 23 24 25 27 28 29 32 33 34 36 37 40 41 43 45 46 47 48 49 50 0

10
2 3 4 5 7 8 9 10 11 12 13 15 16 17 18 20 21 23 24 27 29 30 31 32 34 36 37 38 39 40 41 43 45 46 47 49 50 0

11
1 3 4 5 6 7 8 10 11 12 13 15 18 19 20 21 22 24 25 27 28 29 30 31 32 33 34 35 36 38 40 41 43 44 45 46 47 48 49 50 0

12
3 4 5 7 8 10 11 13 14 15 17 18 19 20 21 22 23 24 25 26 27 28 29 31 32 33 34 36 37 38 39 40 41 43 44 45 46 48 50 0

13
1 3 4 5 6 7 8 10 11 12 13 18 19 20 21 22 23 24 25 27 28 29 32 33 34 36 38 39 40 41 43 45 46 47 50 0

14
1 2 3 4 6 7 9 10 11 12 13 14 17 18 19 20 21 22 23 24 25 26 27 29 30 31 32 34 36 37 39 40 41 42 43 45 46 47 48 49 50 0

15
2 3 4 7 8 9 11 12 15 19 20 21 23 27 29 30 32 34 35 36 38 39 40 41 43 45 46 50 0

16
1 3 4 5 6 7 8 10 11 12 13 18 19 20 21 22 23 24 25 26 27 28 29 30 32 33 34 36 38 39 40 41 43 45 46 50 0

17
3 4 7 8 9 10 11 12 15 16 19 20 21 23 27 29 30 32 34 35 36 38 39 40 41 43 45 46 50 0

18
1 3 4 6 7 8 9 11 12 13 15 16 18 19 20 21 23 24 25 27 29 30 32 33 34 36 38 39 40 41 43 45 46 50 0

19
1 2 3 4 6 7 8 9 10 11 12 13 17 18 19 20 21 22 23 24 25 27 29 32 33 34 38 39 40 41 43 44 45 46 47 48 49 50 0

20
1 2 3 4 6 7 9 10 11 12 13 14 15 18 19 20 21 22 23 24 25 26 27 28 29 30 32 33 34 36 37 39 40 41 42 43 45 46 47 48 49 50 0

21
1 2 3 4 5 6 7 8 9 10 11 12 13 14 15 18 19 20 21 22 23 24 25 27 28 29 30 32 33 34 36 38 39 40 41 43 44 45 46 50 0

22
1 2 3 4 6 7 9 10 11 12 13 14 17 18 20 21 22 23 24 25 27 28 29 31 32 33 34 35 36 37 38 39 40 41 42 43 44 45 46 47 48 49 50 0

23
1 3 4 5 6 7 8 11 12 13 14 16 18 19 20 21 25 27 29 32 33 34 35 36 38 39 40 41 42 43 45 46 47 49 50 0

24
1 2 3 4 5 6 7 8 9 10 11 12 13 14 15 18 19 20 21 22 23 24 25 26 27 28 29 31 32 33 34 36 37 38 39 40 41 42 43 44 45 46 50 0

25
2 3 4 5 7 8 9 10 11 13 14 15 18 19 20 23 24 25 26 27 29 30 32 34 36 38 39 40 41 42 43 45 46 50 0

26
1 3 4 5 6 7 8 10 11 12 13 16 17 18 19 20 21 22 23 24 25 26 27 28 29 30 31 32 33 34 36 37 38 39 40 41 43 44 45 46 47 48 49 50 0

27
1 3 4 5 6 7 8 9 10 11 12 13 18 19 20 21 22 23 24 25 26 27 28 29 30 32 33 34 36 38 39 40 41 43 45 46 49 50 0

28
1 2 3 4 5 6 7 8 9 10 11 12 13 15 16 17 18 19 20 21 22 23 24 25 26 27 28 29 30 31 32 33 34 36 37 39 40 41 42 43 44 45 46 47 48 49 50 0

29
2 3 4 5 7 8 9 10 11 12 13 14 15 16 17 18 19 20 21 24 25 27 28 29 30 31 32 33 34 36 37 38 39 40 41 43 44 46 47 48 49 50 0

30
1 2 3 4 5 6 7 8 9 10 11 12 15 17 19 20 21 22 23 24 25 27 28 29 30 31 32 34 35 36 37 38 39 40 41 43 44 45 46 50 0

31
1 2 3 4 6 7 8 9 10 11 12 13 14 18 19 20 21 22 23 24 25 27 29 30 32 33 34 36 38 39 40 41 42 43 45 46 47 48 50 0

32
1 2 3 4 6 7 9 10 11 12 13 14 15 18 19 20 21 22 23 24 25 26 27 28 29 30 31 32 34 35 36 37 39 40 41 42 43 45 46 48 49 50 0

33
1 2 3 4 5 6 7 8 9 10 11 12 13 18 19 20 21 22 23 24 25 27 28 29 30 32 33 34 38 39 40 41 43 45 46 47 48 50 0

34
1 2 3 4 6 7 9 10 11 12 13 14 15 19 20 21 22 23 24 25 26 27 29 30 32 34 36 37 39 40 41 42 43 45 46 47 48 49 50 0

35
1 2 4 5 7 8 9 11 12 13 14 15 18 19 20 21 22 23 24 25 26 27 28 29 32 33 34 35 36 38 40 41 43 44 45 46 50 0

36
1 3 4 6 7 8 10 11 12 13 19 20 21 22 23 24 25 27 29 30 31 32 34 36 38 39 40 41 43 45 46 50 0

37
1 2 3 4 5 6 7 8 10 11 12 13 14 15 17 18 19 20 21 24 25 27 28 29 31 32 33 34 35 36 37 38 39 40 41 43 44 45 46 47 48 49 50 0

38
1 2 3 4 5 7 8 9 10 11 12 13 14 15 16 18 20 21 23 24 25 26 27 28 29 30 31 32 33 34 36 38 39 40 41 42 43 44 45 46 48 50 0

39
1 2 3 4 5 6 7 8 9 10 11 12 13 18 19 20 21 22 23 24 25 26 27 28 29 30 32 33 34 36 38 39 40 41 43 44 45 46 47 48 50 0

40
1 3 4 5 6 7 8 10 11 12 13 15 17 18 19 20 21 22 23 24 25 27 28 29 30 31 32 33 34 36 37 38 39 40 41 43 44 45 46 47 49 50 0

41
1 3 4 5 6 7 8 10 11 13 14 15 18 20 21 22 23 24 25 26 27 28 29 30 32 33 34 35 36 38 39 40 41 42 43 45 46 48 50 0

42
1 2 3 4 5 6 7 8 9 10 11 12 13 15 17 18 19 20 21 22 23 24 25 26 27 28 29 32 33 34 36 37 38 39 40 41 42 43 44 45 46 47 48 49 50 0

43
1 2 3 4 5 6 7 8 10 11 12 13 14 17 18 19 20 21 22 24 25 27 28 29 31 32 33 34 35 36 37 38 39 40 41 42 43 44 45 46 47 48 50 0

44
1 3 4 5 6 7 8 10 11 12 13 18 19 20 21 22 23 24 25 27 28 29 32 33 34 36 38 39 40 41 43 44 45 46 48 50 0

45
1 3 4 5 6 7 8 10 11 12 13 16 18 19 20 21 22 23 24 25 27 29 30 32 33 34 36 38 39 40 41 43 44 45 46 50 0

46
1 2 3 4 6 7 8 9 10 11 12 13 14 15 16 17 18 19 20 21 23 24 25 26 27 28 29 30 31 32 33 34 37 38 39 40 41 42 43 44 45 46 47 48 49 50 0

47
2 3 4 5 7 8 9 10 11 12 13 14 16 17 19 20 21 22 23 25 26 27 29 30 32 34 35 36 38 39 40 41 42 43 45 46 47 48 50 0

48
1 3 4 6 7 8 10 11 12 13 14 16 17 18 19 20 21 23 24 25 27 28 29 31 32 33 34 35 36 38 39 40 41 43 44 45 46 47 48 50 0

49
1 3 4 6 8 9 10 11 12 13 14 16 17 19 20 21 23 24 25 26 27 28 29 30 31 32 33 34 35 36 37 38 39 40 41 42 43 44 45 46 47 48 49 50 0

50
1 2 3 4 5 6 7 8 9 10 11 12 13 14 15 17 18 19 20 21 22 23 24 25 26 27 28 29 30 31 32 33 34 36 37 38 39 40 41 42 43 44 45 46 47 48 49 50 0

51
1 2 3 4 6 7 8 10 11 12 13 14 16 17 18 19 20 21 22 23 24 25 26 27 29 30 31 32 33 34 35 37 38 39 40 41 42 43 45 46 47 48 49 50 0

52
1 2 3 4 5 6 7 8 9 10 11 12 13 17 18 19 20 21 22 23 24 25 27 28 29 30 31 32 33 34 35 36 37 38 39 40 41 42 43 44 45 46 47 48 49 50 0

53
1 3 4 5 6 7 8 11 12 13 18 19 20 21 22 24 25 27 28 29 30 32 33 34 35 36 38 39 40 41 43 45 46 47 50 0

54
1 2 3 4 5 7 8 9 10 11 14 15 19 20 21 23 24 25 27 29 30 32 34 35 36 38 39 40 41 42 43 45 46 50 0

55
1 2 3 4 6 7 8 9 10 11 12 13 15 16 19 20 21 22 23 24 25 27 29 30 31 32 34 36 37 38 39 40 41 43 45 46 50 0

57
2 3 4 5 7 8 9 10 11 13 14 15 17 18 19 20 21 22 23 24 25 26 27 28 29 30 32 33 34 36 38 39 40 41 42 43 45 46 47 50 0

58
1 3 4 5 6 7 8 11 12 13 18 19 20 21 22 23 24 25 27 29 32 33 34 36 38 39 40 41 43 45 46 50 0

59
1 2 3 4 5 7 8 9 10 11 12 13 14 15 16 17 18 19 20 21 22 24 25 27 28 29 30 31 32 33 34 35 37 38 39 40 41 43 44 45 46 47 48 50 0

60
1 2 3 4 5 6 7 9 10 11 12 13 17 18 19 20 22 23 24 25 27 28 29 30 31 32 33 34 36 37 39 40 41 43 44 45 46 47 48 49 50 0

61
1 3 4 5 6 7 8 10 11 12 13 14 18 19 20 21 22 23 24 25 26 27 29 30 31 32 33 34 36 38 39 40 41 43 45 46 50 0

62
1 3 4 5 6 7 8 10 11 12 13 16 18 19 20 21 22 23 24 25 27 29 32 33 34 36 38 39 40 41 43 45 46 47 50 0

63
1 2 3 4 5 6 7 8 9 10 11 12 13 14 15 17 18 19 20 21 22 23 24 25 26 27 28 29 30 31 32 33 34 35 36 37 39 40 41 42 43 45 46 47 48 49 50 0

64
2 3 4 7 8 9 10 11 13 14 15 16 17 18 19 20 21 23 24 26 27 29 31 32 34 36 37 38 39 40 41 43 45 46 50 0

65
1 2 3 4 5 6 7 8 9 10 11 12 13 14 15 18 19 20 21 22 23 24 25 27 28 29 30 31 32 33 34 35 36 37 39 40 41 43 44 45 46 50 0

66
1 2 3 4 6 7 8 10 11 12 13 14 16 17 18 20 21 23 24 25 27 29 31 32 33 34 35 36 37 38 39 40 41 42 43 45 46 47 48 49 50 0

67
1 2 3 4 5 6 7 8 9 10 11 12 13 14 15 17 19 20 21 22 23 24 25 27 28 29 30 31 32 34 35 36 37 38 39 40 41 42 43 44 45 46 50 0

68
2 3 4 7 8 9 10 11 12 13 14 15 17 18 19 20 21 22 23 24 25 27 28 29 30 31 32 33 34 35 36 37 38 39 40 41 43 44 45 46 47 48 49 50 0

69
1 2 3 4 5 6 7 8 9 10 11 12 13 14 15 17 18 19 20 21 22 23 24 25 27 28 29 30 31 32 33 34 35 36 37 39 40 41 43 44 45 46 50 0

70
1 3 4 5 6 7 8 10 11 12 13 15 18 19 20 21 22 23 24 25 27 28 29 30 32 33 34 36 38 39 40 41 43 45 46 50 0

71
2 3 4 7 8 9 10 11 12 14 15 19 20 21 23 24 27 29 30 32 34 35 36 38 39 40 41 42 43 45 46 50 0

72
1 3 4 5 6 7 8 10 11 12 13 15 16 17 18 19 20 21 22 23 24 25 26 27 28 29 30 31 32 33 34 36 37 38 39 40 41 43 44 45 46 47 48 49 50 0

73
2 3 4 7 8 9 10 11 12 14 19 20 21 22 23 25 26 27 29 32 34 35 36 38 39 40 41 42 43 45 46 0

74
1 3 4 5 6 7 8 10 11 12 13 15 17 18 19 20 21 22 23 24 25 26 27 28 29 30 31 32 33 34 36 37 38 39 40 41 43 44 45 46 47 48 49 50 0

75
2 3 4 5 7 8 9 11 13 16 19 20 21 24 25 27 28 29 30 32 34 36 38 39 40 41 43 45 46 50 0

76
1 3 4 5 6 7 8 10 11 12 13 18 19 20 21 22 23 24 25 27 28 29 32 33 34 36 38 39 40 41 43 45 46 47 50 0

77
1 3 4 5 6 7 8 10 11 12 13 18 19 20 21 22 23 24 25 27 28 29 31 32 33 34 36 37 38 39 40 41 43 44 45 46 48 50 0

78
1 2 3 4 5 7 8 9 10 12 13 14 15 16 18 19 20 24 25 27 28 29 30 31 32 33 34 36 38 40 41 43 44 45 46 47 48 50 0

79
1 3 4 7 8 9 10 11 12 13 14 15 16 17 18 19 20 21 22 24 25 26 27 29 30 31 32 33 34 35 36 37 38 39 40 41 43 45 46 48 50 0

80
3 4 5 6 7 8 9 10 11 12 13 14 15 16 18 20 23 24 25 26 27 29 30 32 33 34 36 38 39 40 41 42 43 45 46 50 0

81
1 3 4 5 6 7 8 9 10 11 12 13 14 15 16 18 20 21 22 23 24 25 26 27 28 29 30 32 33 34 35 36 38 39 40 41 42 43 45 46 48 50 0

82
1 2 3 4 6 7 9 11 12 13 14 15 19 20 21 22 23 24 25 26 27 28 29 30 32 34 36 39 40 41 42 45 46 47 49 50 0

83
1 2 3 4 5 6 7 8 9 10 11 12 14 15 17 18 19 20 21 22 23 24 25 27 28 29 30 31 32 33 34 35 37 39 40 41 42 43 44 45 46 50 0

84
1 3 4 5 6 7 8 9 10 11 12 13 15 16 18 20 21 22 23 24 25 27 28 29 32 33 34 35 36 38 39 40 41 43 44 45 46 47 48 49 50 0

85
1 3 4 5 6 7 8 10 11 12 13 17 18 19 20 21 22 23 24 25 27 28 29 30 31 32 33 34 36 37 38 39 40 41 43 44 45 46 47 48 50 0

86
3 4 5 7 8 9 10 11 12 13 14 15 17 19 20 21 22 23 24 25 26 27 28 29 30 32 33 34 36 37 38 39 40 41 42 43 44 45 46 48 49 50 0

87
1 2 3 4 5 6 7 8 9 10 11 12 13 14 17 18 19 20 21 22 23 24 25 26 27 28 29 30 33 34 35 37 39 40 41 42 43 44 45 46 47 48 49 50 0

88
2 3 4 5 7 8 9 11 13 14 15 18 19 20 21 22 23 24 25 26 27 28 29 30 32 33 34 35 36 38 39 40 41 42 43 45 46 50 0

89
1 2 3 4 5 6 7 8 9 10 11 12 13 14 15 17 19 21 23 24 25 26 27 28 29 30 31 32 33 34 35 36 37 38 39 40 41 42 43 44 45 46 50 0

90
1 3 4 5 6 7 8 9 10 11 12 13 15 16 18 19 20 22 23 24 25 27 28 29 32 33 34 36 37 38 39 40 41 43 44 45 46 48 49 50 0

91
1 2 4 5 7 8 9 11 13 14 15 18 19 20 22 23 25 26 27 28 29 32 33 34 35 38 39 40 41 43 45 46 50 0

92
3 4 7 8 9 11 12 15 16 19 20 21 23 27 29 32 34 35 36 38 39 40 41 43 45 46 50 0

93
1 2 3 4 5 6 7 8 9 10 11 12 13 16 19 20 21 22 23 24 25 26 27 29 31 32 34 36 38 39 40 41 43 45 46 50 0

94
2 3 4 5 7 8 9 11 13 14 15 18 19 20 21 23 24 25 27 29 30 32 33 34 35 36 38 39 40 41 43 45 46 50 0

95
1 3 4 5 6 7 8 10 11 12 13 15 17 18 19 20 21 22 23 24 25 27 28 29 30 31 32 33 34 36 37 38 39 40 41 43 44 45 46 47 48 49 50 0

96
1 3 4 5 6 7 8 9 10 11 12 13 14 15 16 18 20 21 22 23 24 25 26 27 28 29 30 32 33 34 35 36 38 39 40 41 42 43 45 46 48 50 0

97
1 2 4 5 6 7 8 9 10 11 12 13 14 15 17 18 19 20 21 22 23 24 25 27 28 29 30 31 32 33 34 35 37 38 39 40 41 43 44 45 46 47 50 0

98
3 4 7 8 9 10 11 12 13 14 15 16 17 19 20 21 22 24 25 26 27 29 30 31 32 33 34 35 36 37 38 39 40 41 42 43 45 46 48 50 0

99
1 3 4 5 6 7 8 10 11 12 13 16 18 19 20 21 22 23 24 25 27 29 32 33 34 36 38 39 40 41 43 45 46 50 0

100
1 2 3 4 6 7 8 9 10 11 12 13 14 18 19 20 21 22 23 24 25 26 27 29 31 32 34 35 36 38 39 40 41 42 43 45 46 50 0

1
1 2 3 4 6 7 8 9 11 12 13 14 15 19 20 21 22 23 24 25 26 27 28 29 30 32 34 36 39 40 41 42 43 45 46 47 48 49 50 0

2
1 2 3 4 5 6 7 8 9 10 11 12 13 14 15 18 19 20 21 22 23 24 25 27 28 29 30 32 33 34 36 38 39 40 41 43 44 45 46 50 0

3
1 2 3 4 5 6 7 8 10 11 12 13 14 15 16 17 18 19 20 21 22 23 24 25 27 28 29 30 31 32 33 34 36 38 39 40 41 43 44 45 46 48 50 0

4
1 3 4 6 7 8 9 10 11 12 13 14 15 17 19 20 21 22 23 24 25 27 28 29 31 32 34 35 37 39 40 41 43 44 45 46 48 0

5
2 3 4 5 7 8 9 10 11 12 13 14 15 18 19 20 21 23 24 25 27 28 29 30 31 32 33 34 35 36 38 39 40 41 43 45 46 50 0

6
1 3 4 5 6 7 8 11 12 13 18 19 20 21 22 23 24 25 26 27 28 29 32 33 34 36 38 39 40 41 43 45 46 50 0

7
1 4 5 6 7 8 9 10 11 12 13 15 16 17 18 19 20 21 22 23 24 25 27 28 29 30 31 32 33 34 36 37 39 40 41 43 44 45 46 47 48 49 50 0

9
1 2 3 4 6 7 9 10 11 12 13 14 15 18 20 21 22 23 24 25 27 28 29 32 33 34 36 37 40 41 43 45 46 47 48 49 50 0

10
2 3 4 5 7 8 9 10 11 12 13 15 16 17 18 20 21 23 24 27 29 30 31 32 34 36 37 38 39 40 41 43 45 46 47 49 50 0

11
1 3 4 5 6 7 8 10 11 12 13 15 18 19 20 21 22 24 25 27 28 29 30 31 32 33 34 35 36 38 40 41 43 44 45 46 47 48 49 50 0

12
3 4 5 7 8 10 11 13 14 15 17 18 19 20 21 22 23 24 25 26 27 28 29 31 32 33 34 36 37 38 39 40 41 43 44 45 46 48 50 0

13
1 3 4 5 6 7 8 10 11 12 13 18 19 20 21 22 23 24 25 27 28 29 32 33 34 36 38 39 40 41 43 45 46 47 50 0

14
1 2 3 4 6 7 9 10 11 12 13 14 17 18 19 20 21 22 23 24 25 26 27 29 30 31 32 34 36 37 39 40 41 42 43 45 46 47 48 49 50 0

15
2 3 4 7 8 9 11 12 15 19 20 21 23 27 29 30 32 34 35 36 38 39 40 41 43 45 46 50 0

16
1 3 4 5 6 7 8 10 11 12 13 18 19 20 21 22 23 24 25 26 27 28 29 30 32 33 34 36 38 39 40 41 43 45 46 50 0

17
3 4 7 8 9 10 11 12 15 16 19 20 21 23 27 29 30 32 34 35 36 38 39 40 41 43 45 46 50 0

18
1 3 4 6 7 8 9 11 12 13 15 16 18 19 20 21 23 24 25 27 29 30 32 33 34 36 38 39 40 41 43 45 46 50 0

19
1 2 3 4 6 7 8 9 10 11 12 13 17 18 19 20 21 22 23 24 25 27 29 32 33 34 38 39 40 41 43 44 45 46 47 48 49 50 0

20
1 2 3 4 6 7 9 10 11 12 13 14 15 18 19 20 21 22 23 24 25 26 27 28 29 30 32 33 34 36 37 39 40 41 42 43 45 46 47 48 49 50 0

21
1 2 3 4 5 6 7 8 9 10 11 12 13 14 15 18 19 20 21 22 23 24 25 27 28 29 30 32 33 34 36 38 39 40 41 43 44 45 46 50 0

22
1 2 3 4 6 7 9 10 11 12 13 14 17 18 20 21 22 23 24 25 27 28 29 31 32 33 34 35 36 37 38 39 40 41 42 43 44 45 46 47 48 49 50 0

23
1 3 4 5 6 7 8 11 12 13 14 16 18 19 20 21 25 27 29 32 33 34 35 36 38 39 40 41 42 43 45 46 47 49 50 0

24
1 2 3 4 5 6 7 8 9 10 11 12 13 14 15 18 19 20 21 22 23 24 25 26 27 28 29 31 32 33 34 36 37 38 39 40 41 42 43 44 45 46 50 0

25
2 3 4 5 7 8 9 10 11 13 14 15 18 19 20 23 24 25 26 27 29 30 32 34 36 38 39 40 41 42 43 45 46 50 0

26
1 3 4 5 6 7 8 10 11 12 13 16 17 18 19 20 21 22 23 24 25 26 27 28 29 30 31 32 33 34 36 37 38 39 40 41 43 44 45 46 47 48 49 50 0

27
1 3 4 5 6 7 8 9 10 11 12 13 18 19 20 21 22 23 24 25 26 27 28 29 30 32 33 34 36 38 39 40 41 43 45 46 49 50 0

28
1 2 3 4 5 6 7 8 9 10 11 12 13 15 16 17 18 19 20 21 22 23 24 25 26 27 28 29 30 31 32 33 34 36 37 39 40 41 42 43 44 45 46 47 48 49 50 0

29
2 3 4 5 7 8 9 10 11 12 13 14 15 16 17 18 19 20 21 24 25 27 28 29 30 31 32 33 34 36 37 38 39 40 41 43 44 46 47 48 49 50 0

30
1 2 3 4 5 6 7 8 9 10 11 12 15 17 19 20 21 22 23 24 25 27 28 29 30 31 32 34 35 36 37 38 39 40 41 43 44 45 46 50 0

31
1 2 3 4 6 7 8 9 10 11 12 13 14 18 19 20 21 22 23 24 25 27 29 30 32 33 34 36 38 39 40 41 42 43 45 46 47 48 50 0

32
1 2 3 4 6 7 9 10 11 12 13 14 15 18 19 20 21 22 23 24 25 26 27 28 29 30 31 32 34 35 36 37 39 40 41 42 43 45 46 48 49 50 0

33
1 2 3 4 5 6 7 8 9 10 11 12 13 18 19 20 21 22 23 24 25 27 28 29 30 32 33 34 38 39 40 41 43 45 46 47 48 50 0

34
1 2 3 4 6 7 9 10 11 12 13 14 15 19 20 21 22 23 24 25 26 27 29 30 32 34 36 37 39 40 41 42 43 45 46 47 48 49 50 0

35
1 2 4 5 7 8 9 11 12 13 14 15 18 19 20 21 22 23 24 25 26 27 28 29 32 33 34 35 36 38 40 41 43 44 45 46 50 0

36
1 3 4 6 7 8 10 11 12 13 19 20 21 22 23 24 25 27 29 30 31 32 34 36 38 39 40 41 43 45 46 50 0

37
1 2 3 4 5 6 7 8 10 11 12 13 14 15 17 18 19 20 21 24 25 27 28 29 31 32 33 34 35 36 37 38 39 40 41 43 44 45 46 47 48 49 50 0

38
1 2 3 4 5 7 8 9 10 11 12 13 14 15 16 18 20 21 23 24 25 26 27 28 29 30 31 32 33 34 36 38 39 40 41 42 43 44 45 46 48 50 0

39
1 2 3 4 5 6 7 8 9 10 11 12 13 18 19 20 21 22 23 24 25 26 27 28 29 30 32 33 34 36 38 39 40 41 43 44 45 46 47 48 50 0

40
1 3 4 5 6 7 8 10 11 12 13 15 17 18 19 20 21 22 23 24 25 27 28 29 30 31 32 33 34 36 37 38 39 40 41 43 44 45 46 47 49 50 0

41
1 3 4 5 6 7 8 10 11 13 14 15 18 20 21 22 23 24 25 26 27 28 29 30 32 33 34 35 36 38 39 40 41 42 43 45 46 48 50 0

42
1 2 3 4 5 6 7 8 9 10 11 12 13 15 17 18 19 20 21 22 23 24 25 26 27 28 29 32 33 34 36 37 38 39 40 41 42 43 44 45 46 47 48 49 50 0

43
1 2 3 4 5 6 7 8 10 11 12 13 14 17 18 19 20 21 22 24 25 27 28 29 31 32 33 34 35 36 37 38 39 40 41 42 43 44 45 46 47 48 50 0

44
1 3 4 5 6 7 8 10 11 12 13 18 19 20 21 22 23 24 25 27 28 29 32 33 34 36 38 39 40 41 43 44 45 46 48 50 0

45
1 3 4 5 6 7 8 10 11 12 13 16 18 19 20 21 22 23 24 25 27 29 30 32 33 34 36 38 39 40 41 43 44 45 46 50 0

46
1 2 3 4 6 7 8 9 10 11 12 13 14 15 16 17 18 19 20 21 23 24 25 26 27 28 29 30 31 32 33 34 37 38 39 40 41 42 43 44 45 46 47 48 49 50 0

47
2 3 4 5 7 8 9 10 11 12 13 14 16 17 19 20 21 22 23 25 26 27 29 30 32 34 35 36 38 39 40 41 42 43 45 46 47 48 50 0

48
1 3 4 6 7 8 10 11 12 13 14 16 17 18 19 20 21 23 24 25 27 28 29 31 32 33 34 35 36 38 39 40 41 43 44 45 46 47 48 50 0

49
1 3 4 6 8 9 10 11 12 13 14 16 17 19 20 21 23 24 25 26 27 28 29 30 31 32 33 34 35 36 37 38 39 40 41 42 43 44 45 46 47 48 49 50 0

50
1 2 3 4 5 6 7 8 9 10 11 12 13 14 15 17 18 19 20 21 22 23 24 25 26 27 28 29 30 31 32 33 34 36 37 38 39 40 41 42 43 44 45 46 47 48 49 50 0

51
1 2 3 4 6 7 8 10 11 12 13 14 16 17 18 19 20 21 22 23 24 25 26 27 29 30 31 32 33 34 35 37 38 39 40 41 42 43 45 46 47 48 49 50 0

52
1 2 3 4 5 6 7 8 9 10 11 12 13 17 18 19 20 21 22 23 24 25 27 28 29 30 31 32 33 34 35 36 37 38 39 40 41 42 43 44 45 46 47 48 49 50 0

53
1 3 4 5 6 7 8 11 12 13 18 19 20 21 22 24 25 27 28 29 30 32 33 34 35 36 38 39 40 41 43 45 46 47 50 0

54
1 2 3 4 5 7 8 9 10 11 14 15 19 20 21 23 24 25 27 29 30 32 34 35 36 38 39 40 41 42 43 45 46 50 0

55
1 2 3 4 6 7 8 9 10 11 12 13 15 16 19 20 21 22 23 24 25 27 29 30 31 32 34 36 37 38 39 40 41 43 45 46 50 0

57
2 3 4 5 7 8 9 10 11 13 14 15 17 18 19 20 21 22 23 24 25 26 27 28 29 30 32 33 34 36 38 39 40 41 42 43 45 46 47 50 0

58
1 3 4 5 6 7 8 11 12 13 18 19 20 21 22 23 24 25 27 29 32 33 34 36 38 39 40 41 43 45 46 50 0

59
1 2 3 4 5 7 8 9 10 11 12 13 14 15 16 17 18 19 20 21 22 24 25 27 28 29 30 31 32 33 34 35 37 38 39 40 41 43 44 45 46 47 48 50 0

60
1 2 3 4 5 6 7 9 10 11 12 13 17 18 19 20 22 23 24 25 27 28 29 30 31 32 33 34 36 37 39 40 41 43 44 45 46 47 48 49 50 0

61
1 3 4 5 6 7 8 10 11 12 13 14 18 19 20 21 22 23 24 25 26 27 29 30 31 32 33 34 36 38 39 40 41 43 45 46 50 0

62
1 3 4 5 6 7 8 10 11 12 13 16 18 19 20 21 22 23 24 25 27 29 32 33 34 36 38 39 40 41 43 45 46 47 50 0

63
1 2 3 4 5 6 7 8 9 10 11 12 13 14 15 17 18 19 20 21 22 23 24 25 26 27 28 29 30 31 32 33 34 35 36 37 39 40 41 42 43 45 46 47 48 49 50 0

64
2 3 4 7 8 9 10 11 13 14 15 16 17 18 19 20 21 23 24 26 27 29 31 32 34 36 37 38 39 40 41 43 45 46 50 0

65
1 2 3 4 5 6 7 8 9 10 11 12 13 14 15 18 19 20 21 22 23 24 25 27 28 29 30 31 32 33 34 35 36 37 39 40 41 43 44 45 46 50 0

66
1 2 3 4 6 7 8 10 11 12 13 14 16 17 18 20 21 23 24 25 27 29 31 32 33 34 35 36 37 38 39 40 41 42 43 45 46 47 48 49 50 0

67
1 2 3 4 5 6 7 8 9 10 11 12 13 14 15 17 19 20 21 22 23 24 25 27 28 29 30 31 32 34 35 36 37 38 39 40 41 42 43 44 45 46 50 0

68
2 3 4 7 8 9 10 11 12 13 14 15 17 18 19 20 21 22 23 24 25 27 28 29 30 31 32 33 34 35 36 37 38 39 40 41 43 44 45 46 47 48 49 50 0

69
1 2 3 4 5 6 7 8 9 10 11 12 13 14 15 17 18 19 20 21 22 23 24 25 27 28 29 30 31 32 33 34 35 36 37 39 40 41 43 44 45 46 50 0

70
1 3 4 5 6 7 8 10 11 12 13 15 18 19 20 21 22 23 24 25 27 28 29 30 32 33 34 36 38 39 40 41 43 45 46 50 0

71
2 3 4 7 8 9 10 11 12 14 15 19 20 21 23 24 27 29 30 32 34 35 36 38 39 40 41 42 43 45 46 50 0

72
1 3 4 5 6 7 8 10 11 12 13 15 16 17 18 19 20 21 22 23 24 25 26 27 28 29 30 31 32 33 34 36 37 38 39 40 41 43 44 45 46 47 48 49 50 0

73
2 3 4 7 8 9 10 11 12 14 19 20 21 22 23 25 26 27 29 32 34 35 36 38 39 40 41 42 43 45 46 0

74
1 3 4 5 6 7 8 10 11 12 13 15 17 18 19 20 21 22 23 24 25 26 27 28 29 30 31 32 33 34 36 37 38 39 40 41 43 44 45 46 47 48 49 50 0

75
2 3 4 5 7 8 9 11 13 16 19 20 21 24 25 27 28 29 30 32 34 36 38 39 40 41 43 45 46 50 0

76
1 3 4 5 6 7 8 10 11 12 13 18 19 20 21 22 23 24 25 27 28 29 32 33 34 36 38 39 40 41 43 45 46 47 50 0

77
1 3 4 5 6 7 8 10 11 12 13 18 19 20 21 22 23 24 25 27 28 29 31 32 33 34 36 37 38 39 40 41 43 44 45 46 48 50 0

78
1 2 3 4 5 7 8 9 10 12 13 14 15 16 18 19 20 24 25 27 28 29 30 31 32 33 34 36 38 40 41 43 44 45 46 47 48 50 0

79
1 3 4 7 8 9 10 11 12 13 14 15 16 17 18 19 20 21 22 24 25 26 27 29 30 31 32 33 34 35 36 37 38 39 40 41 43 45 46 48 50 0

80
3 4 5 6 7 8 9 10 11 12 13 14 15 16 18 20 23 24 25 26 27 29 30 32 33 34 36 38 39 40 41 42 43 45 46 50 0

81
1 3 4 5 6 7 8 9 10 11 12 13 14 15 16 18 20 21 22 23 24 25 26 27 28 29 30 32 33 34 35 36 38 39 40 41 42 43 45 46 48 50 0

82
1 2 3 4 6 7 9 11 12 13 14 15 19 20 21 22 23 24 25 26 27 28 29 30 32 34 36 39 40 41 42 45 46 47 49 50 0

83
1 2 3 4 5 6 7 8 9 10 11 12 14 15 17 18 19 20 21 22 23 24 25 27 28 29 30 31 32 33 34 35 37 39 40 41 42 43 44 45 46 50 0

84
1 3 4 5 6 7 8 9 10 11 12 13 15 16 18 20 21 22 23 24 25 27 28 29 32 33 34 35 36 38 39 40 41 43 44 45 46 47 48 49 50 0

85
1 3 4 5 6 7 8 10 11 12 13 17 18 19 20 21 22 23 24 25 27 28 29 30 31 32 33 34 36 37 38 39 40 41 43 44 45 46 47 48 50 0

86
3 4 5 7 8 9 10 11 12 13 14 15 17 19 20 21 22 23 24 25 26 27 28 29 30 32 33 34 36 37 38 39 40 41 42 43 44 45 46 48 49 50 0

87
1 2 3 4 5 6 7 8 9 10 11 12 13 14 17 18 19 20 21 22 23 24 25 26 27 28 29 30 33 34 35 37 39 40 41 42 43 44 45 46 47 48 49 50 0

88
2 3 4 5 7 8 9 11 13 14 15 18 19 20 21 22 23 24 25 26 27 28 29 30 32 33 34 35 36 38 39 40 41 42 43 45 46 50 0

89
1 2 3 4 5 6 7 8 9 10 11 12 13 14 15 17 19 21 23 24 25 26 27 28 29 30 31 32 33 34 35 36 37 38 39 40 41 42 43 44 45 46 50 0

90
1 3 4 5 6 7 8 9 10 11 12 13 15 16 18 19 20 22 23 24 25 27 28 29 32 33 34 36 37 38 39 40 41 43 44 45 46 48 49 50 0

91
1 2 4 5 7 8 9 11 13 14 15 18 19 20 22 23 25 26 27 28 29 32 33 34 35 38 39 40 41 43 45 46 50 0

92
3 4 7 8 9 11 12 15 16 19 20 21 23 27 29 32 34 35 36 38 39 40 41 43 45 46 50 0

93
1 2 3 4 5 6 7 8 9 10 11 12 13 16 19 20 21 22 23 24 25 26 27 29 31 32 34 36 38 39 40 41 43 45 46 50 0

94
2 3 4 5 7 8 9 11 13 14 15 18 19 20 21 23 24 25 27 29 30 32 33 34 35 36 38 39 40 41 43 45 46 50 0

95
1 3 4 5 6 7 8 10 11 12 13 15 17 18 19 20 21 22 23 24 25 27 28 29 30 31 32 33 34 36 37 38 39 40 41 43 44 45 46 47 48 49 50 0

96
1 3 4 5 6 7 8 9 10 11 12 13 14 15 16 18 20 21 22 23 24 25 26 27 28 29 30 32 33 34 35 36 38 39 40 41 42 43 45 46 48 50 0

97
1 2 4 5 6 7 8 9 10 11 12 13 14 15 17 18 19 20 21 22 23 24 25 27 28 29 30 31 32 33 34 35 37 38 39 40 41 43 44 45 46 47 50 0

98
3 4 7 8 9 10 11 12 13 14 15 16 17 19 20 21 22 24 25 26 27 29 30 31 32 33 34 35 36 37 38 39 40 41 42 43 45 46 48 50 0

99
1 3 4 5 6 7 8 10 11 12 13 16 18 19 20 21 22 23 24 25 27 29 32 33 34 36 38 39 40 41 43 45 46 50 0

100
1 2 3 4 6 7 8 9 10 11 12 13 14 18 19 20 21 22 23 24 25 26 27 29 31 32 34 35 36 38 39 40 41 42 43 45 46 50 0

