1
1 2 3 4 5 6 7 8 10 11 13 16 17 18 20 21 22 25 28 29 31 32 35 36 37 39 40 41 42 44 46 47 49 50 0
1 2 3 4 5 8 9 11 12 13 14 16 20 24 25 26 27 28 29 31 32 33 34 37 38 40 41 43 44 45 46 0
2 3 6 7 8 11 12 14 15 16 19 21 25 28 29 31 33 37 39 40 43 44 45 46 48 49 0
2 5 7 10 13 16 17 20 21 22 23 24 26 28 29 35 40 44 46 47 49 0
1 2 3 5 6 10 12 13 14 16 17 18 19 20 23 30 32 37 43 50 0
1 4 6 12 15 16 19 21 28 30 31 35 39 45 48 50 0
3 16 17 20 21 23 25 26 28 29 33 35 37 39 40 42 45 47 0
3 5 7 8 16 17 18 19 20 23 24 25 28 29 30 34 35 38 40 41 49 50 0
2 3 4 9 10 13 15 17 21 23 24 25 28 34 39 42 44 45 47 50 0
1 5 12 14 15 19 20 24 25 27 36 39 40 41 43 47 0

2
1 2 3 5 6 8 9 10 12 13 14 16 18 19 21 22 24 26 27 28 30 31 32 33 34 35 36 37 38 39 40 41 42 43 44 45 47 48 49 50 0
1 2 3 4 6 7 8 9 11 12 13 14 15 17 18 19 20 21 22 23 24 26 27 29 30 32 33 34 35 38 39 40 41 42 43 44 46 47 49 50 0
1 2 4 6 7 8 9 10 11 12 14 15 17 18 19 20 21 22 23 24 25 28 29 31 32 33 38 39 43 44 45 46 49 50 0
2 4 5 6 7 10 13 14 16 17 18 20 22 23 24 25 32 35 38 39 40 44 46 49 0
3 4 5 6 10 13 15 16 17 19 20 23 24 29 30 32 33 37 41 43 47 50 0
1 4 6 12 13 15 16 19 21 28 30 31 35 42 44 45 48 50 0
3 16 17 20 21 23 25 26 28 29 31 33 35 37 39 40 42 45 47 0
3 5 7 8 16 17 18 19 20 23 24 25 28 29 30 34 35 38 40 41 49 50 0
2 3 4 9 10 13 15 17 21 23 24 25 28 34 39 42 44 45 47 50 0
1 5 12 14 15 19 20 24 25 27 36 39 40 41 43 47 0

3
1 2 3 4 5 6 7 8 10 11 12 13 15 16 17 18 20 21 22 23 26 27 28 29 30 31 32 34 35 36 37 39 41 42 43 44 45 46 47 48 49 50 0
1 3 4 5 6 7 8 9 10 11 12 15 16 17 18 20 21 24 25 26 27 28 31 32 33 34 35 36 37 38 40 41 42 43 44 46 47 48 49 50 0
1 2 3 4 5 6 8 9 12 13 14 15 16 17 20 22 23 26 27 29 33 34 36 37 39 40 42 43 44 45 46 47 48 49 50 0
1 3 4 5 7 8 10 11 12 13 14 16 17 21 22 23 24 25 27 28 29 30 31 32 33 34 35 36 38 40 41 43 44 46 47 49 50 0
1 2 3 4 5 6 8 9 10 13 16 17 18 19 20 26 29 30 32 33 35 37 39 43 44 46 47 50 0
1 4 6 12 13 15 16 19 21 26 28 30 31 35 39 45 48 50 0
3 5 7 13 16 17 20 23 25 26 28 29 33 35 37 39 40 42 45 47 0
2 3 5 7 8 16 17 18 19 20 23 24 25 29 30 34 35 38 40 41 49 50 0
2 3 4 9 10 13 15 17 21 23 24 25 28 34 39 42 44 45 47 50 0
1 5 12 14 15 19 20 24 25 27 36 39 40 41 43 47 0

4
1 2 3 5 6 7 8 9 10 11 12 15 16 17 18 20 21 22 23 24 25 26 27 28 31 32 33 34 35 36 38 40 41 42 43 44 45 46 47 48 49 0
2 3 4 5 6 7 9 10 13 15 17 18 19 20 21 22 23 24 26 27 29 30 31 32 33 34 35 36 37 38 39 40 43 44 45 46 47 48 49 0
1 3 5 6 7 8 9 11 15 16 18 21 23 24 26 28 29 30 31 32 33 36 39 40 41 42 43 44 46 49 0
2 5 7 10 12 13 16 17 18 20 21 22 23 24 26 33 35 37 38 42 43 44 46 47 49 0
1 2 3 6 12 13 15 16 17 18 19 20 23 24 30 32 35 37 43 46 50 0
1 4 6 12 15 16 19 21 26 28 30 35 44 45 48 50 0
3 16 17 20 21 23 25 26 28 29 33 35 37 39 40 42 45 47 0
3 5 7 8 16 17 18 19 20 23 24 25 28 29 30 34 35 38 40 41 49 50 0
2 3 4 9 10 13 15 17 21 23 24 25 28 34 39 42 44 45 47 50 0
1 5 12 14 15 19 20 24 25 27 36 39 40 41 43 47 0

5
1 2 3 4 5 6 7 8 11 12 14 15 18 19 20 21 22 23 24 26 27 28 30 31 32 33 34 35 36 38 39 41 42 43 45 46 47 48 49 50 0
1 2 4 6 8 10 11 12 13 15 16 17 18 19 20 21 22 23 25 26 29 30 31 32 33 36 37 38 39 40 41 42 43 44 46 47 48 49 50 0
1 3 4 6 7 8 9 12 13 16 20 21 23 26 27 28 29 30 31 32 37 38 39 40 43 44 45 46 47 50 0
3 5 6 7 8 10 11 12 13 16 17 22 23 24 29 33 34 36 37 40 41 43 44 46 47 49 0
1 2 3 4 6 10 12 13 14 16 17 18 19 20 29 30 32 37 39 43 46 47 50 0
1 4 6 12 13 15 16 19 21 28 30 31 35 39 45 48 50 0
3 5 13 16 17 20 21 23 25 26 28 29 33 35 37 39 40 42 45 47 0
2 3 5 7 8 16 17 18 19 20 23 24 25 28 29 30 34 35 38 40 41 49 50 0
2 3 4 9 10 13 15 17 21 23 24 25 28 34 39 42 44 45 47 50 0
1 5 12 14 15 19 20 24 25 27 36 39 40 41 43 47 0

6
2 4 5 7 8 9 10 12 13 14 15 17 18 20 21 22 23 24 25 26 27 28 29 31 32 34 35 36 37 39 40 41 42 43 44 45 46 47 49 50 0
1 2 3 4 5 6 7 8 9 10 12 14 15 16 17 18 19 20 21 22 24 25 26 27 28 30 31 32 33 34 35 36 37 38 39 40 41 42 43 44 45 47 48 50 0
1 2 3 5 6 8 9 10 11 12 14 15 16 19 20 21 22 25 26 27 29 30 31 33 34 38 39 40 41 42 43 44 46 47 48 49 50 0
2 3 5 6 7 8 10 11 13 15 16 17 18 22 23 24 25 27 29 31 32 33 35 36 38 39 41 42 44 45 46 47 49 0
1 2 3 4 6 9 11 12 13 14 16 18 19 20 23 30 32 37 38 39 42 43 44 46 50 0
1 4 6 12 13 15 16 19 21 28 30 35 44 45 48 0
3 13 16 17 20 21 23 25 26 28 29 33 35 37 39 40 42 45 47 0
2 3 5 6 7 8 16 17 18 19 20 23 24 25 28 29 30 34 35 38 40 41 48 49 50 0
2 3 4 9 10 13 15 17 21 23 24 25 28 34 35 39 42 44 45 47 50 0
1 5 12 14 15 19 20 24 25 27 36 39 40 41 43 47 0

7
1 2 3 4 5 6 7 10 11 12 13 14 16 18 19 20 21 22 23 24 25 26 28 29 30 31 32 33 34 35 38 39 40 41 42 43 44 47 48 49 50 0
1 2 3 4 8 9 10 11 12 13 14 15 16 18 20 23 24 25 27 28 32 33 34 35 36 38 39 40 41 42 43 44 45 46 48 50 0
1 2 3 4 8 9 13 15 16 17 20 21 22 24 26 27 28 29 30 33 35 37 38 39 40 43 44 45 46 47 48 50 0
2 5 7 10 12 15 16 17 23 24 27 28 29 33 34 36 37 40 41 44 46 49 0
1 2 3 4 5 6 8 10 13 14 16 17 19 20 26 29 30 32 37 39 43 44 46 47 50 0
1 4 6 12 13 15 16 19 21 28 30 31 35 39 45 48 50 0
3 13 16 17 20 21 23 25 26 28 29 33 35 37 39 40 42 45 47 0
2 3 5 7 8 16 17 18 19 20 23 24 25 28 29 30 34 35 38 40 41 49 50 0
2 3 4 9 10 13 15 17 21 23 24 25 28 34 39 42 44 45 47 50 0
1 5 12 14 15 19 20 24 25 27 36 39 40 41 43 47 0

9
1 2 3 4 5 6 7 8 9 10 11 12 13 14 15 16 18 19 20 21 22 23 25 26 27 28 29 30 31 32 33 34 35 36 37 39 40 41 42 43 44 45 46 47 48 49 0
1 2 3 5 6 7 10 13 14 16 18 20 21 23 24 25 26 27 29 30 31 32 33 34 36 37 38 39 40 42 43 44 45 47 48 49 50 0
1 3 5 6 7 8 11 12 14 15 16 18 23 25 26 28 29 30 31 33 34 39 40 42 43 46 48 49 0
1 2 3 5 7 10 12 13 16 17 18 23 24 28 31 36 42 44 46 47 49 0
1 2 3 5 6 13 16 17 19 20 30 32 37 43 50 0
1 4 6 12 15 16 19 21 28 30 35 39 45 48 50 0
3 16 17 20 21 23 25 26 28 29 33 35 37 39 40 42 45 47 0
3 5 7 8 16 17 18 19 20 23 24 25 28 29 30 34 35 38 40 41 49 50 0
2 3 4 9 10 13 15 17 21 23 24 25 28 34 39 42 44 45 47 50 0
1 5 12 14 15 19 20 24 25 27 36 39 40 41 43 47 0

10
1 2 3 4 8 9 10 11 12 13 14 15 16 17 18 19 20 21 22 23 24 26 27 28 29 30 31 32 33 34 35 36 37 38 39 41 43 44 46 47 48 49 50 0
1 2 4 5 7 11 12 13 14 15 16 18 19 20 21 23 24 26 27 30 32 33 34 36 37 38 39 40 41 42 44 46 47 48 49 50 0
1 2 5 6 7 8 9 12 13 15 20 21 26 27 28 29 30 31 32 33 35 37 38 39 40 42 43 44 46 47 48 49 50 0
1 2 3 5 6 7 8 10 11 12 13 15 16 17 21 22 23 24 26 27 28 29 30 31 34 36 37 38 40 41 42 43 44 46 47 49 0
1 2 3 4 5 6 8 9 10 11 13 16 17 18 19 20 26 29 30 32 37 39 43 44 46 47 50 0
1 3 4 6 12 13 15 16 19 21 28 30 31 35 39 45 48 0
3 7 8 13 16 17 20 21 23 25 26 28 29 33 35 37 39 40 42 44 45 47 0
2 3 5 7 8 16 17 18 19 20 23 24 25 28 29 30 34 35 38 40 41 48 49 50 0
2 3 4 9 10 13 15 17 21 23 24 25 28 34 39 42 44 45 47 50 0
1 5 12 14 15 19 20 24 25 27 36 39 40 41 43 47 0

11
1 2 3 4 7 8 9 10 11 12 13 16 17 18 19 20 21 22 23 25 26 27 28 29 31 32 34 35 36 37 38 39 40 41 42 43 44 45 47 48 49 50 0
1 2 3 5 6 7 8 9 10 11 12 13 14 16 17 18 20 21 23 24 25 26 27 28 30 31 32 33 34 35 36 37 38 40 41 42 43 45 46 47 48 0
1 2 4 5 6 8 9 12 13 14 15 16 17 20 21 23 24 25 26 27 28 29 30 33 34 36 37 39 40 43 44 45 46 48 49 50 0
1 2 4 5 7 8 10 12 15 16 17 22 23 24 27 28 29 30 31 32 33 34 35 36 40 41 43 44 46 50 0
1 2 3 4 5 6 7 9 10 12 13 16 17 18 19 20 29 30 32 37 39 43 44 46 47 50 0
1 4 6 12 13 15 16 19 21 28 30 31 35 45 48 0
3 13 16 17 20 23 25 26 28 29 33 35 37 39 40 42 45 47 0
2 3 5 7 8 16 17 18 19 20 23 24 25 29 30 34 35 38 40 41 49 50 0
2 3 4 9 10 13 15 17 21 23 24 25 28 34 39 42 44 45 47 50 0
1 5 12 14 15 19 20 24 25 27 36 39 40 41 43 47 0

13
3 4 5 6 7 8 10 12 13 14 15 17 18 20 21 22 23 24 25 26 27 28 29 31 32 34 35 36 37 38 39 40 41 42 44 45 47 49 50 0
2 3 5 6 7 9 10 12 14 15 16 17 18 19 20 22 23 24 25 26 27 29 30 31 32 33 34 35 37 38 39 40 41 42 43 44 47 48 50 0
1 2 4 5 6 7 8 9 10 11 12 14 15 16 17 18 19 20 22 24 25 26 27 28 29 30 31 33 36 37 39 41 43 44 45 46 47 49 50 0
2 5 6 7 8 10 16 17 18 20 22 23 24 25 28 32 35 38 40 41 43 44 46 47 0
1 2 3 4 6 10 13 16 17 18 19 20 23 30 32 37 41 43 46 50 0
1 4 6 12 15 16 19 21 28 30 35 39 44 45 48 50 0
3 16 17 20 21 23 25 26 28 29 33 35 37 39 40 42 45 47 0
2 3 5 7 8 16 17 18 19 20 23 24 25 28 29 30 34 35 38 40 41 49 50 0
2 3 4 9 10 13 15 17 21 23 24 25 28 34 39 42 44 45 47 50 0
1 5 12 14 15 19 20 24 25 27 36 39 40 41 43 47 0

14
1 2 4 5 6 7 8 9 10 11 12 13 14 15 16 17 18 19 20 21 22 24 25 26 27 28 29 30 31 32 34 35 36 37 38 39 40 41 42 43 44 45 46 47 48 49 50 0
1 2 3 4 5 6 7 8 9 13 14 15 16 17 18 19 20 21 22 23 24 27 28 29 32 33 34 37 38 39 40 41 44 45 46 47 48 49 50 0
5 6 8 11 12 14 15 16 21 24 25 28 29 31 33 39 41 42 43 44 45 46 47 48 49 0
2 5 6 7 8 10 11 16 17 18 21 24 25 28 29 36 37 39 42 43 44 46 47 49 50 0
1 2 3 5 6 7 12 13 16 17 18 19 20 21 23 30 32 33 34 35 43 45 50 0
1 4 6 12 15 16 19 21 26 28 30 35 39 44 45 48 50 0
3 16 17 21 23 25 26 27 28 29 33 35 37 39 40 42 45 47 0
2 3 5 7 8 16 17 18 19 20 23 24 25 28 29 30 34 35 38 40 41 49 50 0
2 3 4 9 10 13 15 17 21 23 24 25 28 34 39 42 44 45 47 50 0
1 5 12 14 15 19 20 24 25 27 36 39 40 41 43 47 0

16
2 3 4 5 7 8 10 12 13 14 15 18 19 20 21 22 24 26 27 28 29 30 31 32 34 35 36 37 38 39 40 41 42 43 44 45 46 47 49 50 0
4 6 9 10 12 13 14 15 16 17 18 19 20 21 22 23 24 25 26 27 28 30 31 32 33 34 35 37 38 39 40 41 42 43 44 46 47 50 0
1 2 5 6 8 9 10 11 14 15 18 19 20 21 22 23 24 27 28 29 31 37 38 39 41 44 46 48 49 50 0
2 6 7 10 13 16 17 18 20 22 23 24 25 29 35 38 39 41 43 44 46 47 49 0
1 2 3 4 6 10 12 13 16 19 20 23 30 32 37 41 43 50 0
1 4 6 12 15 16 19 21 28 30 35 44 45 48 50 0
3 16 17 20 21 23 25 26 28 29 33 35 37 39 40 42 45 47 0
3 5 7 8 16 17 18 19 20 23 24 25 28 29 30 34 35 38 40 41 49 50 0
2 3 4 9 10 13 15 17 21 23 24 25 28 34 39 42 44 45 47 50 0
1 5 12 14 15 19 20 24 25 27 36 39 40 41 43 47 0

18
1 2 3 4 5 7 8 9 10 11 12 13 14 15 16 17 19 21 22 23 25 26 27 28 29 30 31 32 33 34 35 36 37 40 41 42 43 44 45 46 47 49 50 0
1 2 3 4 5 6 7 8 9 11 12 14 16 17 18 19 20 22 23 25 26 27 29 31 32 33 34 35 36 37 38 39 40 41 42 43 44 45 46 47 48 49 50 0
1 3 4 6 7 8 9 12 13 15 16 17 20 21 23 24 26 29 33 35 39 40 41 42 43 44 45 46 48 49 0
2 5 6 7 10 12 13 14 17 18 19 21 22 23 24 25 26 35 36 38 39 42 43 44 46 47 49 50 0
1 2 3 5 6 10 13 14 16 17 19 20 21 22 23 24 25 28 30 32 33 34 35 36 37 43 45 48 49 50 0
1 4 6 11 12 15 16 19 21 26 28 30 31 35 39 40 42 44 45 48 50 0
3 5 16 17 21 23 25 26 27 28 29 33 35 37 39 40 42 45 47 0
3 5 7 8 16 17 18 19 20 23 24 25 28 29 30 34 35 38 40 41 49 50 0
2 3 4 9 10 13 15 17 21 23 24 25 28 34 39 42 44 45 47 50 0
1 5 12 14 15 19 20 24 25 27 36 39 40 41 43 47 0

19
1 2 3 4 6 7 8 9 10 11 12 14 15 16 17 19 20 21 22 23 25 26 27 28 29 30 31 32 33 34 35 36 39 40 41 42 43 45 46 47 49 50 0
1 2 3 4 5 6 7 8 9 12 13 15 16 17 19 20 21 22 24 25 26 27 29 31 32 33 34 35 36 37 38 39 40 41 43 44 46 47 48 49 0
1 3 6 7 8 9 12 15 16 21 22 25 29 33 35 37 39 40 41 42 43 44 46 49 0
2 5 7 10 12 17 18 21 22 23 24 29 37 40 42 43 44 46 47 49 0
1 2 3 5 6 13 14 16 17 19 20 30 32 37 43 50 0
1 4 6 12 15 16 19 21 28 30 31 35 39 45 48 50 0
3 16 17 21 23 25 26 28 29 33 35 37 39 40 42 45 47 0
3 5 7 8 16 17 18 19 20 23 24 25 28 29 30 34 35 38 40 41 49 50 0
2 3 4 9 10 13 15 17 21 23 24 25 28 34 39 42 44 45 47 50 0
1 5 12 14 15 19 20 24 25 27 36 39 40 41 43 47 0

20
1 2 4 5 6 7 8 9 10 12 13 14 16 17 18 19 20 21 22 23 24 25 26 27 28 29 30 31 32 35 36 37 39 40 41 42 43 44 45 47 48 50 0
2 3 4 5 7 8 9 11 12 13 14 16 17 19 20 24 25 26 27 28 30 31 32 33 34 37 38 39 40 41 43 44 45 46 47 48 49 0
2 3 5 6 8 11 12 13 14 15 16 18 21 25 26 27 28 29 30 32 33 34 37 39 40 41 43 44 45 46 48 49 0
2 3 5 7 10 11 13 16 17 18 21 22 23 24 27 28 32 35 39 40 42 44 46 47 0
1 2 3 4 5 6 13 16 17 19 20 23 30 32 37 43 50 0
1 4 6 12 15 16 19 21 26 28 30 31 35 39 44 45 48 50 0
3 16 17 20 21 23 25 26 28 29 33 35 37 39 40 42 45 47 0
3 5 7 8 16 17 18 19 20 23 24 25 28 29 30 34 35 38 40 41 49 50 0
2 3 4 9 10 13 15 17 21 23 24 25 28 34 39 42 44 45 47 50 0
1 5 12 14 15 19 20 24 25 27 36 39 40 41 43 47 0

21
1 2 3 5 6 7 8 9 10 11 12 13 14 15 16 17 18 19 21 22 24 25 26 27 28 29 30 31 32 34 35 36 37 38 39 40 41 42 43 44 45 46 47 48 49 50 0
1 3 4 5 6 7 8 9 11 12 13 14 15 17 18 19 20 21 22 24 26 27 28 29 30 31 32 33 34 35 36 37 38 39 40 41 42 43 44 45 46 47 50 0
1 2 3 6 7 8 9 10 11 12 14 15 17 18 19 20 21 22 23 24 25 26 27 28 29 30 31 32 35 38 39 40 41 42 43 44 45 46 48 49 50 0
2 4 5 6 7 10 11 13 14 16 17 18 20 22 23 24 25 28 29 32 35 37 38 39 41 42 44 46 47 49 0
1 2 3 4 5 6 7 10 12 13 15 16 19 20 21 23 24 29 30 32 33 34 37 40 41 43 50 0
1 4 6 12 15 16 17 19 21 26 28 30 31 35 42 44 45 48 50 0
3 16 17 20 21 23 25 26 28 29 31 33 35 37 39 40 42 45 47 0
2 3 5 7 8 16 17 18 19 20 23 24 25 28 29 30 34 35 38 40 41 49 50 0
2 3 4 9 10 13 15 17 21 23 24 25 28 34 39 42 44 45 47 50 0
1 5 12 14 15 19 20 24 25 27 36 39 40 41 43 47 0

22
1 2 4 5 6 7 8 9 10 11 12 13 15 16 18 19 20 21 22 23 26 27 28 30 31 32 33 34 35 36 38 42 43 45 47 48 49 50 0
2 3 4 7 8 9 13 14 15 16 19 20 22 23 27 28 29 31 32 33 34 37 38 39 40 41 43 44 45 46 47 48 49 50 0
6 7 8 14 16 21 23 28 29 32 33 37 39 42 43 44 46 47 49 0
2 5 10 12 13 16 17 21 22 23 24 26 28 29 31 36 42 43 44 46 49 0
1 2 3 5 6 12 13 16 17 19 20 30 32 37 43 50 0
1 4 6 12 15 16 19 21 28 30 35 39 45 48 50 0
3 16 17 20 21 23 25 26 28 29 33 35 37 39 40 42 45 47 0
2 3 5 7 8 16 17 18 19 20 23 24 25 28 29 30 34 35 38 40 41 49 50 0
2 3 4 9 10 13 15 17 21 23 24 25 28 34 39 42 44 45 47 50 0
1 5 12 14 15 19 20 24 25 27 36 39 40 41 43 47 0

23
1 2 3 4 5 7 8 9 10 11 12 14 15 16 17 18 19 21 22 23 24 25 26 27 28 29 30 32 33 34 35 36 40 41 43 44 45 46 47 50 0
1 2 3 4 5 6 7 8 9 11 15 16 17 18 19 20 21 22 23 25 26 27 29 31 32 33 34 36 37 38 39 40 41 42 43 44 45 46 47 48 49 50 0
1 2 3 4 6 8 9 12 13 15 19 20 21 22 23 24 25 27 28 29 32 33 35 37 38 39 42 43 44 45 46 48 49 0
2 4 5 6 7 10 11 12 13 14 17 18 19 20 21 22 23 24 26 28 29 31 35 36 37 38 39 40 42 43 44 46 47 49 50 0
1 2 3 5 6 7 10 13 16 17 19 20 21 23 24 30 32 33 34 35 36 37 41 43 45 50 0
1 4 6 10 12 15 16 17 19 21 26 28 30 35 39 42 44 45 48 50 0
3 5 16 17 20 21 23 25 26 27 28 29 31 33 35 37 39 40 42 45 47 0
3 5 7 8 16 17 18 19 20 23 24 25 28 29 30 34 35 38 40 41 49 50 0
2 3 4 9 10 13 15 17 21 23 24 25 28 34 39 42 44 45 47 50 0
1 5 12 14 15 19 20 24 25 27 36 39 40 41 43 47 0

25
1 2 3 5 6 7 8 9 10 12 13 14 15 17 18 19 20 21 22 23 24 26 27 28 29 30 32 33 34 35 36 37 38 40 41 42 43 44 45 46 47 48 49 50 0
1 2 4 5 6 7 8 9 10 11 12 13 15 16 17 18 19 20 21 22 23 24 25 26 27 28 30 31 32 33 34 35 36 37 38 39 40 41 42 43 44 45 49 0
1 2 6 7 8 9 10 11 12 14 16 17 18 19 20 21 22 23 24 25 26 27 28 29 31 36 37 38 39 40 41 42 43 44 45 46 47 49 0
2 3 4 5 6 7 9 10 11 12 14 15 16 17 18 20 21 23 24 25 26 28 30 31 34 35 36 37 38 39 40 41 42 43 44 46 49 50 0
1 2 3 4 5 6 7 10 12 13 14 15 16 17 18 19 20 21 22 23 24 25 26 27 29 30 31 32 33 35 37 39 40 41 43 45 46 47 48 50 0
1 4 6 12 13 15 16 19 21 26 28 30 31 33 35 39 40 42 43 44 45 48 50 0
3 5 8 13 16 17 20 21 23 25 26 27 28 29 31 33 35 37 39 40 42 43 45 47 0
2 3 5 7 8 16 17 18 19 20 23 24 25 28 29 30 34 35 38 40 41 49 50 0
2 3 4 9 10 13 15 17 21 23 24 25 28 34 39 42 44 45 47 50 0
1 5 12 14 15 19 20 24 25 27 36 39 40 41 43 47 0

26
1 2 3 4 5 6 7 8 9 10 11 12 13 15 16 17 18 19 20 21 22 23 25 26 27 28 29 30 31 32 33 34 35 36 37 39 40 41 42 44 45 47 48 49 50 0
1 3 4 5 6 7 9 11 12 13 14 15 16 17 18 19 20 21 22 23 24 25 26 27 28 29 31 32 33 34 35 36 37 38 39 40 41 42 44 45 46 47 49 0
1 2 3 4 6 8 9 11 12 13 14 15 16 17 18 20 21 22 25 28 32 33 35 37 38 39 40 41 42 44 45 46 47 48 49 50 0
2 3 4 5 6 7 10 13 14 16 17 20 21 22 23 24 25 26 27 28 29 32 34 35 37 38 40 42 43 44 46 47 49 50 0
1 2 3 4 5 6 7 10 13 16 17 18 19 20 22 23 24 25 29 30 31 32 33 34 35 36 37 43 45 46 47 48 49 50 0
1 4 6 9 10 12 15 16 18 19 20 21 23 26 27 28 30 31 35 38 39 40 42 44 45 48 50 0
3 5 8 16 17 20 21 25 26 27 28 29 31 33 35 37 39 40 42 45 47 0
3 5 7 8 16 17 18 19 20 23 24 25 28 29 30 34 35 38 40 41 49 50 0
2 3 4 9 10 13 15 17 21 23 24 25 28 34 39 42 44 45 47 50 0
1 5 12 14 15 19 20 24 25 27 36 39 40 41 43 47 0

27
1 2 3 4 5 6 7 8 9 10 11 12 13 14 15 16 17 18 19 20 21 22 24 26 27 28 29 30 31 32 33 34 35 36 37 38 39 40 41 42 43 44 45 46 47 48 49 50 0
2 4 5 6 7 8 9 11 12 13 14 15 16 17 18 19 20 21 22 24 25 26 27 29 31 32 33 34 35 37 38 39 40 41 42 43 44 47 49 50 0
2 6 7 8 9 10 11 12 14 15 18 19 20 21 22 23 24 25 27 28 29 31 33 38 39 41 45 46 48 49 0
2 3 4 6 7 10 11 16 17 18 20 22 23 24 25 26 28 29 30 32 35 38 39 43 44 46 47 49 0
1 2 3 4 5 6 7 12 13 15 16 19 20 21 23 24 27 30 32 33 34 36 37 41 43 46 48 50 0
1 4 6 9 12 15 16 17 19 21 26 28 30 31 35 39 42 43 44 45 48 50 0
3 8 16 17 20 21 23 25 26 27 28 29 31 33 35 37 39 40 42 45 47 0
3 5 7 8 16 17 18 19 20 23 24 25 28 29 30 34 35 38 40 41 49 50 0
2 3 4 9 10 13 15 17 21 23 24 25 28 34 39 42 44 45 47 50 0
1 5 12 14 15 19 20 24 25 27 36 39 40 41 43 47 0

28
1 2 3 4 5 6 7 8 9 10 11 12 13 14 16 17 18 20 21 22 25 26 27 28 29 30 31 32 34 35 36 37 38 39 40 41 42 44 46 47 49 50 0
1 2 3 8 9 10 11 12 13 14 15 16 18 19 20 21 22 24 25 26 27 28 29 30 32 33 34 36 37 38 39 40 41 43 44 45 46 47 48 49 50 0
1 2 3 4 5 6 8 9 11 12 14 15 17 20 21 22 26 27 28 29 30 31 33 34 37 38 39 40 43 44 45 46 49 50 0
2 5 7 10 16 17 18 21 22 23 24 27 28 31 33 36 41 42 43 44 46 49 0
1 2 3 6 12 13 14 16 17 19 20 30 32 37 43 50 0
1 4 6 12 15 16 19 21 28 30 35 39 45 48 50 0
3 16 17 20 21 23 25 26 28 29 33 35 37 39 40 42 45 47 0
3 5 6 7 8 16 17 18 19 20 23 24 25 28 29 30 34 35 38 40 41 49 50 0
2 3 4 9 10 13 15 17 21 23 24 25 28 34 39 42 44 45 47 50 0
1 5 12 14 15 19 20 24 25 27 36 39 40 41 43 47 0

29
1 4 5 6 7 8 10 11 12 14 15 16 17 18 19 20 21 22 23 24 25 27 28 29 31 32 33 34 35 36 37 39 40 41 42 43 44 45 46 47 49 50 0
2 3 4 5 6 7 8 11 12 13 14 16 17 18 19 20 21 22 23 24 25 26 28 29 31 32 33 34 37 38 39 41 42 44 46 47 48 49 50 0
1 2 3 4 5 6 7 8 9 10 11 13 15 16 20 21 22 25 26 27 28 29 31 32 33 34 35 37 38 39 40 42 43 44 45 46 47 48 49 50 0
1 2 5 6 7 8 10 11 12 15 16 17 18 22 23 24 26 27 28 29 30 31 34 36 37 38 40 41 43 44 46 47 49 0
1 2 3 4 6 7 9 10 11 13 16 17 18 19 20 29 30 32 37 39 43 44 46 47 50 0
1 4 6 12 13 15 16 19 21 28 30 31 35 39 45 48 50 0
3 13 16 17 20 21 23 25 26 28 29 33 35 37 39 40 42 45 47 0
2 3 5 7 8 16 17 18 19 20 23 24 25 28 29 30 34 35 38 40 41 49 50 0
2 3 4 9 10 13 15 17 21 23 24 25 28 34 39 42 44 45 47 50 0
1 5 12 14 15 19 20 24 25 27 36 39 40 43 47 0

30
3 4 5 6 7 8 10 11 12 14 15 16 18 19 20 22 23 24 25 26 27 28 29 30 32 34 35 36 38 39 40 41 42 43 44 45 46 47 48 49 50 0
1 2 3 4 5 6 7 8 9 10 11 12 13 14 15 16 17 18 19 20 21 22 23 24 25 26 28 29 30 31 32 33 34 35 37 38 39 41 42 43 44 45 47 48 49 50 0
1 2 3 4 6 7 8 10 11 12 14 15 18 19 20 21 22 23 24 25 26 27 28 30 31 32 33 34 36 38 39 40 42 43 45 46 47 48 49 0
1 3 4 5 6 7 10 13 14 15 16 17 18 20 21 22 23 24 26 27 30 31 32 34 37 40 41 42 43 44 45 46 48 0
2 3 4 5 7 8 9 10 12 13 14 15 16 17 18 20 21 23 24 25 26 28 31 32 33 35 39 40 42 43 44 45 46 48 49 50 0
3 4 5 6 7 8 9 10 13 14 15 16 17 18 19 21 23 24 28 29 30 31 33 37 38 40 41 42 44 47 50 0
3 4 5 7 11 12 14 15 17 21 23 24 25 26 28 29 30 33 34 37 39 40 42 44 45 46 47 49 50 0
3 5 6 7 8 14 15 16 17 18 20 23 24 25 29 30 34 35 38 40 41 43 49 50 0
2 3 4 9 10 12 13 15 17 18 20 21 23 24 25 28 34 39 42 44 45 47 50 0
1 5 12 14 15 19 20 24 25 27 36 39 40 41 43 47 0

31
1 2 3 4 5 6 7 8 9 10 11 12 13 14 15 16 17 19 20 21 22 23 26 28 29 30 31 32 33 34 35 37 39 40 41 43 45 47 49 50 0
1 2 3 4 5 6 9 10 13 14 15 16 17 19 20 22 23 24 25 27 28 30 31 32 33 34 35 36 37 38 40 41 42 43 44 45 46 47 48 49 0
1 3 5 7 8 9 10 12 15 16 17 18 21 23 25 26 27 29 30 31 32 33 34 35 36 39 40 42 43 46 48 49 0
1 2 3 5 7 8 9 10 12 13 15 16 17 23 24 27 28 30 31 32 33 34 36 41 42 44 45 46 49 0
1 2 3 4 5 6 8 11 13 14 16 17 19 20 26 30 32 37 38 43 44 47 50 0
1 3 4 6 12 13 15 16 19 21 24 28 30 35 45 48 0
3 13 16 17 20 21 23 25 26 28 29 33 35 37 39 40 42 45 47 0
2 3 5 6 7 8 16 17 18 19 20 23 24 25 28 29 30 34 35 38 40 41 48 49 50 0
2 3 4 9 10 13 15 17 21 23 24 25 28 34 39 42 44 45 47 50 0
1 5 12 14 15 19 20 24 25 27 36 39 40 41 43 47 0

32
1 2 3 4 5 6 7 8 9 10 11 12 13 14 16 17 18 20 21 22 23 24 25 27 28 29 30 32 34 35 36 38 39 40 41 42 44 45 46 47 48 49 50 0
3 4 6 7 8 9 10 11 13 14 16 17 19 20 21 22 24 25 26 27 28 29 30 31 32 33 34 37 38 39 40 42 43 45 46 47 48 50 0
2 3 4 5 6 8 11 12 14 15 21 24 25 26 28 29 30 33 35 37 39 40 41 42 44 46 47 48 49 0
2 3 7 11 13 16 17 18 20 21 24 28 29 36 37 41 42 44 46 47 49 0
1 2 3 4 5 6 7 13 14 16 17 18 19 20 23 30 32 43 50 0
1 4 6 12 15 16 19 21 26 28 30 35 44 45 48 50 0
3 17 21 23 25 26 28 29 33 35 37 39 40 42 45 47 0
3 5 7 8 16 17 18 19 20 23 24 25 28 29 30 34 35 38 40 41 49 50 0
2 3 4 9 10 13 15 17 21 23 24 25 28 34 39 42 44 45 47 50 0
1 5 12 14 15 19 20 24 25 27 36 39 40 41 43 47 0

33
1 2 3 4 7 8 9 10 11 12 14 15 16 17 18 19 20 21 22 23 25 26 27 28 29 30 31 32 33 34 35 36 38 39 40 41 42 43 45 46 47 49 50 0
1 2 3 4 5 6 7 8 9 11 12 13 14 15 16 17 18 19 20 21 22 23 25 26 27 29 31 32 33 34 36 37 38 39 40 41 42 43 46 47 48 49 50 0
1 3 6 7 8 12 13 15 16 20 24 25 29 33 35 36 38 39 40 41 42 43 44 45 46 49 50 0
2 5 7 10 11 12 17 18 19 20 21 22 23 24 26 33 35 38 39 40 42 44 46 47 49 50 0
1 2 3 5 6 7 13 14 16 17 19 20 23 30 32 33 34 35 37 43 45 50 0
1 4 6 10 12 15 16 19 21 26 28 30 31 35 39 44 45 48 50 0
3 5 16 17 20 21 23 25 26 28 29 33 35 37 39 40 42 45 47 0
3 5 7 8 16 17 18 19 20 23 24 25 28 29 30 34 35 38 40 41 49 50 0
2 3 4 9 10 13 15 17 21 23 24 25 28 34 39 42 44 45 47 50 0
1 5 12 14 15 19 20 24 25 27 36 39 40 41 43 47 0

34
1 2 3 4 5 6 7 9 10 12 13 15 16 18 19 20 21 22 24 25 26 27 28 29 30 31 32 35 36 37 38 39 40 41 42 43 44 45 46 47 48 49 50 0
2 3 5 7 8 10 11 13 14 15 16 20 21 24 25 26 27 28 30 32 33 34 35 36 37 38 39 40 41 42 43 44 45 46 47 48 49 50 0
2 3 5 6 8 12 14 15 16 17 20 21 26 27 28 29 30 31 32 33 34 35 37 38 39 40 42 43 44 46 48 49 0
2 3 5 7 10 13 16 17 22 23 24 26 27 28 31 33 41 42 44 46 49 0
1 2 3 5 6 9 13 16 17 19 20 30 32 37 43 50 0
1 4 6 12 15 16 19 21 28 30 35 39 45 48 50 0
3 16 17 20 21 23 25 26 28 29 33 35 37 39 40 42 45 47 0
2 3 5 7 8 16 17 18 19 20 23 24 25 28 29 30 34 35 38 40 41 49 50 0
2 3 4 9 10 13 15 17 21 23 24 25 28 34 39 42 44 45 47 50 0
1 5 12 14 15 19 20 24 25 27 36 39 40 41 43 47 0

35
1 2 3 4 5 6 7 8 9 10 11 12 13 14 16 18 21 23 25 26 27 28 29 30 32 33 34 35 36 37 38 39 41 42 43 44 45 46 47 48 49 50 0
1 2 3 4 5 6 7 8 9 10 11 12 13 14 15 16 17 18 19 20 21 23 25 26 27 28 29 30 31 32 33 34 35 36 38 39 40 41 42 43 44 45 47 48 49 50 0
1 2 3 5 6 7 8 9 10 11 12 14 16 17 18 20 21 22 23 24 25 26 27 29 30 31 32 33 36 37 38 39 40 41 42 43 44 45 46 47 49 50 0
2 6 7 9 10 12 13 15 16 17 18 20 22 23 24 25 26 28 29 30 31 32 34 35 36 37 38 40 41 42 43 44 45 46 49 50 0
1 2 3 4 6 8 10 12 13 15 16 17 18 19 20 21 22 23 24 26 27 29 30 32 37 39 40 41 42 43 46 47 48 50 0
1 2 4 6 12 13 15 16 19 21 26 28 30 31 33 35 39 40 42 44 45 48 50 0
3 5 13 16 17 20 21 23 25 26 27 28 29 31 33 35 37 39 40 42 45 47 0
2 3 5 7 8 16 17 18 19 20 23 24 25 28 29 30 34 35 38 40 41 49 50 0
2 3 4 9 10 13 15 17 21 23 24 25 28 34 39 42 44 45 47 50 0
1 5 12 14 15 19 20 24 25 27 36 39 40 41 43 47 0

36
1 3 4 5 6 7 8 9 10 11 12 13 14 15 16 17 18 21 22 24 25 27 28 29 32 34 35 36 37 39 40 41 42 44 47 49 50 0
2 3 5 7 8 9 10 11 13 14 15 16 17 18 20 22 24 25 26 27 29 30 31 32 33 34 37 38 39 40 41 42 43 44 45 46 47 48 50 0
1 2 3 5 6 8 9 11 12 14 15 20 21 26 28 29 30 33 36 37 39 40 43 45 46 48 49 50 0
2 5 7 10 16 17 21 22 24 33 35 41 42 44 46 47 0
1 2 3 4 5 6 13 16 17 19 20 30 32 37 43 46 50 0
1 4 6 12 15 16 19 21 28 30 35 39 45 48 0
3 16 17 20 21 23 25 26 28 29 33 35 37 39 40 42 45 47 0
3 5 7 8 16 17 18 19 20 23 24 25 28 29 30 34 35 38 40 41 49 50 0
2 3 4 9 10 13 15 17 21 23 24 25 28 34 39 42 44 45 47 50 0
1 5 12 14 15 19 20 24 25 27 36 39 40 41 43 47 0

39
1 2 3 4 5 6 7 8 9 10 11 12 13 14 15 16 18 20 21 22 23 24 26 28 29 30 32 33 34 35 37 39 40 41 42 43 45 47 48 49 50 0
1 2 3 4 5 6 8 9 10 11 13 14 15 16 17 18 19 20 21 23 24 25 26 27 28 30 31 32 33 34 35 36 37 38 40 43 44 45 46 47 49 0
1 2 3 8 9 11 12 13 15 17 21 22 25 26 29 30 33 37 39 41 42 43 44 46 48 49 0
1 2 3 4 6 7 10 13 16 17 18 22 23 24 26 28 31 41 42 44 46 49 50 0
1 2 3 4 6 8 10 13 14 16 17 18 19 20 26 30 32 37 38 39 42 43 46 50 0
1 4 6 12 15 16 19 21 26 28 30 31 35 45 48 50 0
3 13 16 17 20 21 23 25 26 28 29 33 35 37 39 40 42 45 47 0
2 3 5 7 8 16 17 18 19 20 23 24 25 28 29 30 34 35 38 40 41 49 50 0
2 3 4 9 10 13 15 17 21 23 24 25 28 34 39 42 44 45 47 50 0
1 5 12 14 15 19 20 24 25 27 36 39 40 41 43 47 0

40
2 3 4 5 6 7 8 9 10 12 13 14 15 16 17 18 20 21 22 24 25 27 28 29 30 31 32 34 35 36 37 39 40 41 42 43 44 46 47 49 50 0
1 2 3 6 8 9 10 11 12 13 14 15 16 17 18 19 20 21 22 24 25 26 27 28 29 30 32 33 34 36 37 38 39 41 42 43 44 45 46 47 48 49 50 0
1 2 3 4 5 6 8 9 11 12 14 15 16 20 21 22 23 26 27 28 29 30 31 33 36 37 39 40 43 44 45 46 47 49 50 0
2 5 7 8 10 11 12 16 17 18 21 22 23 24 27 28 29 40 41 43 44 46 0
1 2 3 4 6 10 12 13 16 17 18 19 20 29 30 32 37 43 46 50 0
1 4 6 12 15 16 19 21 28 30 31 35 45 48 50 0
3 13 16 17 20 23 25 26 28 29 33 35 37 39 40 42 45 47 0
2 3 5 7 8 16 17 18 19 20 23 24 25 28 29 30 34 35 38 40 41 49 50 0
2 3 4 9 10 13 15 17 21 23 24 25 28 34 39 42 44 45 47 50 0
1 5 12 14 15 19 20 24 25 27 36 39 40 41 43 47 0

41
1 3 4 5 7 8 9 10 11 12 15 16 17 18 19 21 22 23 26 27 28 29 31 32 33 34 35 36 37 38 39 40 41 42 43 46 47 49 50 0
1 2 3 4 5 6 8 11 13 15 16 18 19 20 21 22 23 24 25 26 27 28 29 31 32 33 34 36 37 38 39 41 42 43 44 45 47 48 49 50 0
1 2 3 4 5 6 7 8 9 11 14 15 16 17 20 21 23 25 26 27 28 29 31 32 35 37 38 39 40 42 43 44 45 46 48 49 50 0
1 2 5 7 8 10 12 13 15 16 17 22 23 24 29 34 35 36 37 40 41 42 43 44 46 49 0
1 2 3 4 5 6 7 9 13 16 17 19 20 29 30 32 37 39 43 46 50 0
1 4 6 12 13 15 16 19 21 28 30 31 35 39 45 48 50 0
3 13 16 17 20 21 23 25 26 28 29 33 35 37 39 40 42 45 47 0
2 3 5 7 8 16 17 18 19 20 23 24 25 28 29 30 34 35 38 40 41 49 50 0
2 3 4 9 10 13 15 17 21 23 24 25 28 34 39 42 44 45 47 50 0
1 5 12 14 15 19 20 24 25 27 36 39 40 41 43 47 0

42
1 2 3 4 5 6 7 8 9 10 12 14 15 16 17 20 21 22 23 24 25 26 27 28 29 30 31 32 34 35 37 38 39 40 41 42 47 48 49 50 0
1 3 5 6 8 9 11 13 14 15 16 17 18 19 20 21 23 24 25 26 27 30 31 32 33 34 35 36 37 38 40 41 44 45 46 47 48 49 0
2 3 5 8 9 12 13 15 16 17 21 25 26 28 29 31 33 37 39 41 43 45 46 47 48 49 0
2 7 10 16 17 22 24 28 31 33 36 41 42 44 46 49 50 0
1 2 3 4 6 13 14 16 17 19 20 30 32 37 38 43 50 0
1 4 6 12 15 16 19 21 28 30 35 45 48 50 0
3 16 17 20 21 23 25 26 28 29 33 35 37 39 40 42 45 47 0
3 5 7 8 16 17 18 19 20 23 24 25 28 29 30 34 35 38 40 41 49 50 0
2 3 4 9 10 13 15 17 21 23 24 25 28 34 39 42 44 45 47 50 0
1 5 12 14 15 19 20 24 25 27 36 39 40 41 43 47 0

43
4 6 7 8 9 10 11 12 13 14 16 17 18 20 22 23 24 26 27 28 29 31 32 34 35 36 38 39 42 43 44 45 46 47 49 50 0
1 2 3 8 11 12 13 14 15 16 18 19 20 23 24 25 26 27 28 29 30 32 33 34 35 37 38 39 41 42 44 45 46 47 48 49 50 0
1 2 3 4 5 6 8 9 11 12 14 15 20 21 22 23 25 26 27 28 29 30 31 33 34 37 38 39 40 43 44 45 46 47 48 49 50 0
2 5 7 8 10 11 12 16 17 18 21 22 23 24 26 27 28 29 30 31 32 34 36 38 40 41 44 46 47 0
1 2 3 4 6 10 11 12 13 14 16 17 18 19 20 29 30 32 37 39 43 46 47 50 0
1 4 6 12 13 15 16 19 21 28 30 31 35 39 45 48 50 0
3 8 13 16 17 20 23 25 26 28 29 33 35 37 39 40 42 45 47 0
2 3 5 7 8 16 17 18 19 20 23 24 25 28 29 30 34 35 38 40 41 49 50 0
2 3 4 9 10 13 15 17 21 23 24 25 28 34 39 42 44 45 47 50 0
1 5 12 14 15 19 20 24 25 27 36 39 40 41 43 47 0

44
2 3 4 5 8 10 12 13 14 16 17 18 21 22 23 24 25 28 29 31 32 35 36 37 38 39 41 42 44 45 46 47 48 49 50 0
2 3 6 7 8 9 10 11 12 14 15 16 17 18 20 21 23 24 25 26 27 28 29 30 31 32 33 34 35 36 37 38 39 40 41 42 43 44 45 46 47 48 50 0
1 2 3 4 5 6 8 9 11 12 14 15 16 20 21 25 26 29 30 32 34 36 37 38 39 40 41 42 43 44 46 47 48 49 0
2 3 5 6 7 8 10 12 13 15 16 17 18 22 23 24 28 29 33 35 37 38 39 40 41 42 43 44 46 47 49 0
1 2 3 4 5 6 9 10 13 14 16 17 18 19 20 23 29 30 32 37 39 42 43 46 50 0
1 4 6 12 13 15 16 19 21 28 30 31 35 45 48 50 0
3 13 16 17 20 21 23 25 26 28 29 33 35 37 39 40 42 45 47 0
2 3 5 7 8 16 17 18 19 20 23 24 25 28 29 30 34 35 38 40 41 48 49 50 0
2 3 4 9 10 13 15 17 21 23 24 25 28 34 39 42 44 45 47 50 0
1 5 12 14 15 19 20 24 25 27 36 39 40 41 43 47 0

45
2 3 4 5 6 7 8 10 11 12 15 16 17 18 20 21 22 23 24 26 27 28 29 30 31 32 34 35 36 37 38 39 40 41 43 44 46 47 49 50 0
3 5 6 8 9 10 11 12 13 14 15 16 17 18 19 20 21 22 23 24 25 26 27 29 31 32 33 34 37 38 39 40 41 42 43 44 46 47 48 49 50 0
1 2 3 5 6 7 8 9 11 12 14 15 16 20 21 23 26 28 29 31 33 36 37 39 40 44 45 46 49 50 0
2 4 5 7 8 10 12 16 17 21 22 23 24 27 28 29 30 31 32 34 40 41 42 43 44 46 49 0
1 2 3 4 6 8 10 13 16 17 19 20 30 32 37 39 43 46 47 50 0
1 4 6 12 13 15 16 19 21 28 30 31 35 45 48 50 0
3 13 16 17 20 21 23 25 26 28 29 33 35 37 39 40 42 45 47 0
2 3 5 7 8 16 17 18 19 20 23 24 25 28 29 30 34 35 38 40 41 49 50 0
2 3 4 9 10 13 15 17 21 23 24 25 28 34 39 42 44 45 47 50 0
1 5 12 14 15 19 20 24 25 27 36 39 40 41 43 47 0

46
2 4 6 7 8 9 10 11 12 15 16 17 19 21 22 23 24 25 27 28 30 31 32 33 34 35 36 38 39 40 41 42 43 44 45 46 47 49 0
1 2 3 4 5 6 8 9 10 11 12 13 14 15 16 17 19 20 21 22 23 24 25 26 28 31 32 33 34 36 37 38 39 40 41 43 44 46 47 48 49 50 0
1 3 4 5 6 7 8 9 13 14 15 16 21 22 23 25 26 27 28 29 30 31 32 35 37 38 39 40 42 43 44 45 46 47 50 0
5 6 7 10 11 12 13 15 16 17 22 23 24 26 28 29 31 33 34 36 37 40 43 44 46 47 49 0
1 2 3 4 5 6 9 10 13 16 17 18 19 20 26 29 30 32 37 39 43 46 47 50 0
1 4 6 12 13 15 16 19 21 28 30 31 35 39 45 48 50 0
3 13 16 17 20 21 23 25 26 28 29 33 35 37 39 40 42 45 47 0
2 3 5 7 8 16 17 18 19 20 23 24 25 28 29 30 34 35 38 40 41 49 50 0
2 3 4 9 10 13 15 17 21 23 24 25 28 34 39 42 44 45 47 50 0
1 5 12 14 15 19 20 24 25 27 36 39 40 43 47 0

47
2 3 4 5 6 7 8 9 10 11 12 13 15 16 17 18 19 20 21 22 23 24 25 26 28 29 30 31 32 33 34 35 36 37 38 39 41 42 44 45 47 48 50 0
1 2 3 4 5 6 7 8 9 10 11 12 13 14 16 17 18 20 21 22 23 24 25 27 28 30 32 33 34 36 37 38 39 40 41 42 43 44 45 46 47 48 49 0
1 2 3 4 5 7 8 9 10 12 13 14 15 16 18 21 22 23 25 27 28 29 30 31 33 35 37 39 40 41 42 43 44 45 46 47 49 50 0
2 4 5 6 7 9 10 11 13 16 17 20 21 22 23 24 28 29 35 36 39 40 43 44 46 50 0
1 2 3 4 5 6 10 13 14 16 17 18 19 20 23 25 29 30 32 33 35 37 43 50 0
1 4 6 12 15 16 19 21 26 28 30 31 35 39 44 45 48 50 0
3 5 16 17 20 21 23 25 26 28 29 33 35 37 39 40 42 45 47 0
3 5 7 8 16 17 18 19 20 23 24 25 28 29 30 34 35 38 40 41 49 50 0
2 3 4 9 10 13 15 17 21 23 24 25 28 34 39 42 44 45 47 50 0
1 5 12 14 15 19 20 24 25 27 36 39 40 41 43 47 0

48
1 2 3 4 5 6 8 9 10 11 12 13 14 15 16 17 18 20 21 22 23 28 29 30 31 32 33 34 35 36 37 38 39 41 43 44 46 47 48 49 50 0
1 2 3 4 5 6 7 8 9 10 11 12 13 14 15 16 17 18 20 21 23 24 25 26 27 28 30 31 32 33 34 35 36 37 38 40 41 43 44 45 46 47 48 49 50 0
1 2 3 4 5 6 8 9 12 13 14 15 16 17 20 21 22 23 26 27 29 32 33 34 36 37 39 40 41 42 43 44 45 46 47 49 50 0
1 3 4 5 7 8 10 12 13 14 16 17 21 22 23 24 27 28 29 30 31 32 34 35 36 38 40 41 43 44 46 47 50 0
1 2 3 4 5 6 9 10 12 13 16 17 18 19 20 25 29 30 32 33 35 37 39 43 44 46 47 50 0
1 4 6 12 13 15 16 19 21 26 28 30 31 35 39 40 45 48 50 0
3 5 7 13 16 17 20 23 25 26 28 29 33 35 37 39 40 42 45 47 0
2 3 5 7 8 16 17 18 19 20 23 24 25 29 30 34 35 38 40 41 49 50 0
2 3 4 9 10 13 15 17 21 23 24 25 28 34 39 42 44 45 47 50 0
1 5 12 14 15 19 20 24 25 27 36 39 40 41 43 47 0

49
1 2 3 4 6 7 8 10 11 13 14 15 16 17 18 19 20 21 22 23 24 25 28 29 32 33 34 35 36 37 38 39 40 41 42 43 44 46 47 49 0
1 2 3 4 5 6 8 9 10 11 13 14 15 16 17 18 19 20 21 23 24 25 28 29 30 31 32 33 34 36 37 38 39 40 41 42 44 45 46 48 49 50 0
1 2 3 4 8 9 13 14 15 16 17 21 22 25 26 27 28 29 31 33 35 37 39 40 43 44 45 46 47 48 49 50 0
1 2 5 7 10 12 16 17 22 24 27 28 36 40 41 44 46 49 0
1 2 3 4 5 6 8 9 10 13 14 16 17 19 20 26 29 30 32 37 43 50 0
1 4 6 12 15 16 19 21 28 30 31 35 39 45 46 48 50 0
3 13 16 17 20 21 23 25 26 28 29 33 35 37 39 40 42 45 47 0
3 5 7 8 16 17 18 19 20 23 24 25 28 29 30 34 35 38 40 41 49 50 0
2 3 4 9 10 13 15 17 21 23 24 25 28 34 39 42 44 45 47 50 0
1 5 12 14 15 19 20 24 25 27 36 39 40 41 43 47 0

50
1 2 3 4 5 6 7 8 9 10 12 13 16 17 18 20 21 22 25 26 27 28 29 32 34 35 36 37 38 39 40 41 42 44 46 47 49 0
1 2 3 4 8 9 10 11 13 14 16 18 20 22 24 25 26 27 28 29 30 31 32 33 34 36 37 38 39 40 41 42 43 45 46 47 48 0
1 2 3 4 6 8 11 12 14 15 16 21 22 25 26 27 28 29 33 37 39 40 43 44 45 46 48 49 0
2 5 7 10 13 16 17 21 22 23 24 29 36 41 42 44 46 47 0
1 2 3 4 5 6 10 12 13 14 16 17 18 19 20 30 32 37 43 47 50 0
1 4 6 12 15 16 19 21 28 30 35 39 45 48 50 0
3 16 17 20 21 23 25 26 28 29 33 35 37 39 40 42 45 47 0
3 5 7 8 16 17 18 19 20 23 24 25 28 29 30 34 35 38 40 41 49 50 0
2 3 4 9 10 13 15 17 21 23 24 25 28 34 39 42 44 45 47 50 0
1 5 12 14 15 19 20 24 25 27 36 39 40 41 43 47 0

51
1 2 4 6 7 8 9 10 11 12 16 17 19 21 22 23 24 25 27 28 29 30 31 32 33 34 35 36 37 38 39 40 41 42 43 44 45 46 47 49 50 0
3 4 5 6 8 9 11 12 13 15 16 17 18 19 20 21 23 25 26 27 28 29 31 32 33 34 36 37 38 39 40 41 43 44 45 46 47 48 49 50 0
1 3 6 7 8 9 11 12 13 16 17 19 20 21 22 23 24 26 27 28 29 30 31 35 37 38 39 40 43 44 45 46 50 0
5 7 10 11 12 13 16 17 21 22 23 24 26 28 29 34 37 38 40 43 44 46 49 0
1 2 3 4 5 6 10 13 16 17 18 19 20 26 29 30 32 37 39 43 46 47 50 0
1 4 6 12 13 15 16 19 21 28 30 31 35 45 48 50 0
3 13 16 17 20 21 23 25 26 28 29 33 35 37 39 40 42 45 47 0
2 3 5 7 8 16 17 18 19 20 23 24 25 28 29 30 34 35 38 40 41 49 50 0
2 3 4 9 10 13 15 17 21 23 24 25 28 34 39 42 44 45 47 50 0
1 5 12 14 15 19 20 24 25 27 36 39 40 43 47 0

52
1 2 3 4 6 7 8 9 10 11 12 15 16 17 18 19 20 21 22 23 24 25 26 27 28 29 30 31 32 33 34 35 36 37 39 40 41 42 43 44 45 46 47 48 49 50 0
1 3 4 5 8 10 12 13 15 16 17 19 20 23 24 25 27 28 29 31 32 33 34 37 38 39 40 41 43 44 47 48 49 50 0
1 3 4 5 6 7 8 9 11 13 15 16 21 23 25 26 27 29 31 35 37 38 39 40 42 43 44 46 48 49 50 0
5 6 7 10 12 16 17 22 23 24 29 37 40 42 44 46 49 0
1 2 3 4 5 6 9 13 16 17 18 19 20 30 32 37 43 46 50 0
1 4 6 12 15 16 19 21 28 30 31 35 39 45 48 50 0
3 16 17 20 21 23 25 26 28 29 33 35 37 39 40 42 45 47 0
2 3 5 7 8 16 17 18 19 20 23 24 25 28 29 30 34 35 38 40 41 49 50 0
2 3 4 9 10 13 15 17 21 23 24 25 28 34 39 42 44 45 47 50 0
1 5 12 14 15 19 20 24 25 27 36 39 40 41 43 47 0

53
1 2 4 5 8 9 10 11 12 13 14 15 16 17 18 19 20 21 25 26 28 29 31 32 34 35 36 37 39 41 42 43 45 47 48 49 50 0
3 4 5 6 7 8 9 10 11 12 13 14 15 16 17 18 20 22 23 24 25 26 27 30 31 32 33 34 35 36 37 38 39 40 41 42 43 46 47 48 50 0
1 2 3 4 5 6 8 9 10 12 14 15 16 20 21 23 24 25 26 27 29 30 33 34 37 39 40 41 43 44 46 47 49 0
2 5 6 7 8 10 12 13 15 16 17 18 22 23 24 27 28 30 31 32 33 40 41 44 46 0
1 2 3 4 5 6 7 9 10 13 16 17 19 20 29 30 32 37 39 42 43 44 46 47 50 0
1 4 6 12 13 15 16 19 21 28 30 31 35 45 48 0
3 13 16 17 20 21 23 25 26 28 29 33 35 37 39 40 42 45 47 0
2 3 5 7 8 16 17 18 19 20 23 24 25 28 29 30 34 35 38 40 41 49 50 0
2 3 4 9 10 13 15 17 21 23 24 25 28 34 39 42 44 45 47 50 0
1 5 12 14 15 19 20 24 25 27 36 39 40 41 43 47 0

55
1 2 3 4 5 6 7 8 9 10 11 12 13 16 17 18 19 20 21 22 23 24 25 26 27 28 29 30 31 32 33 34 35 36 37 39 40 41 42 43 44 45 46 47 49 50 0
1 2 3 4 5 6 7 9 12 13 14 16 17 18 19 20 21 22 23 24 25 26 27 28 29 31 32 33 34 36 37 38 39 40 41 42 43 44 45 46 47 48 49 50 0
1 3 5 6 7 8 9 11 12 13 15 20 21 23 25 26 27 28 29 31 32 35 36 37 38 39 40 42 44 45 46 48 49 50 0
2 5 6 7 8 10 11 12 13 16 17 20 21 22 23 24 29 30 34 35 36 37 40 42 43 44 46 47 49 0
1 2 3 4 6 9 10 13 16 17 18 19 20 30 32 33 37 39 43 47 50 0
1 4 6 12 13 15 16 19 21 28 30 31 35 45 48 50 0
3 13 16 17 21 23 25 26 28 29 33 35 37 39 40 42 45 47 0
2 3 5 7 8 16 17 18 19 20 23 24 25 28 29 30 34 35 38 40 41 49 50 0
2 3 4 9 10 13 15 17 21 23 24 25 28 34 39 42 44 45 47 50 0
1 5 12 14 15 19 20 24 25 27 36 39 40 41 43 47 0

56
1 2 3 5 6 7 8 9 10 11 12 13 15 17 18 19 20 22 23 24 25 26 27 28 29 30 32 33 34 35 36 37 38 39 40 41 42 43 44 45 46 47 48 49 50 0
1 3 4 5 6 7 8 9 10 11 13 14 15 17 18 20 21 25 26 27 30 32 33 34 35 36 37 38 39 40 41 43 44 46 47 48 49 0
1 4 5 6 7 8 9 10 11 12 13 14 15 16 18 19 20 21 23 25 26 28 29 30 31 33 34 36 37 39 40 41 42 43 44 46 47 49 0
2 4 5 7 10 12 16 17 22 23 24 26 28 29 31 32 34 37 42 43 44 46 49 0
1 3 4 5 6 13 16 17 19 20 29 30 32 37 43 46 50 0
1 4 6 12 15 16 19 21 28 30 31 35 39 45 48 50 0
3 16 17 20 21 23 25 26 28 29 33 35 37 39 40 42 45 47 0
3 5 7 8 16 17 18 19 20 23 24 25 28 29 30 34 35 38 40 41 49 50 0
2 3 4 9 10 13 15 17 21 23 24 25 28 34 39 42 44 45 47 50 0
1 5 12 14 15 19 20 24 25 27 36 39 40 41 43 47 0

57
1 2 3 4 5 6 7 8 10 11 12 13 15 17 18 19 20 21 23 25 26 27 28 29 30 31 32 33 34 35 36 37 38 39 40 41 43 44 45 46 47 48 50 0
1 3 4 5 6 7 8 11 13 14 17 18 19 20 21 22 23 25 26 27 29 31 32 33 34 36 37 38 39 40 41 42 43 44 45 46 47 48 49 50 0
1 6 7 8 9 10 11 13 14 16 20 21 22 24 26 28 29 31 32 33 35 37 38 39 40 42 43 44 46 47 48 50 0
5 6 7 10 11 12 13 16 17 18 19 20 21 22 23 24 26 29 35 36 37 38 39 40 42 43 44 46 49 50 0
1 2 3 4 5 6 13 16 17 18 19 20 23 24 29 30 32 33 37 43 46 50 0
1 4 6 12 15 16 19 21 28 30 31 35 39 44 45 48 50 0
3 5 16 17 20 21 23 25 26 28 29 33 35 37 39 40 42 45 47 0
3 5 7 8 16 17 18 19 20 23 24 25 28 29 30 34 35 38 40 41 49 50 0
2 3 4 9 10 13 15 17 21 23 24 25 28 34 39 42 44 45 47 50 0
1 5 12 14 15 19 20 24 25 27 36 39 40 41 43 47 0

58
2 3 4 5 7 8 9 10 11 12 13 14 15 16 17 18 20 21 22 23 24 25 26 27 28 29 30 31 32 33 34 35 36 37 38 41 42 43 44 45 47 48 49 50 0
1 2 3 5 6 7 8 9 10 11 12 14 15 16 17 18 19 20 21 22 23 24 25 26 27 28 29 30 31 32 33 34 35 36 37 38 39 40 41 42 43 44 45 46 47 48 49 50 0
1 2 3 4 5 6 7 8 9 10 11 12 14 15 16 17 18 19 20 21 22 23 24 26 27 28 29 30 31 33 34 36 37 38 39 40 41 42 43 44 46 47 48 49 0
2 3 5 6 7 8 9 10 13 15 16 17 18 22 23 24 25 26 28 29 31 32 33 35 36 38 39 41 42 43 44 45 46 49 0
1 2 3 4 6 9 11 12 13 14 16 18 19 20 21 23 27 30 32 37 38 39 41 42 43 44 46 48 50 0
1 3 4 5 6 12 13 15 16 19 21 24 28 30 31 34 35 42 44 45 48 50 0
3 6 7 13 16 17 20 21 23 25 26 28 29 32 33 35 37 39 40 42 45 47 0
2 3 5 6 7 8 16 17 18 19 20 23 24 25 28 29 30 34 35 38 40 41 48 49 50 0
2 3 4 9 10 13 15 17 21 23 24 25 28 34 35 39 42 44 45 47 50 0
1 5 12 14 15 19 20 24 25 27 36 39 40 41 43 47 0

59
1 2 3 4 5 6 7 8 9 10 11 12 15 16 17 18 19 20 21 22 23 24 28 29 30 31 32 33 34 35 36 37 38 39 40 41 42 43 45 46 47 49 50 0
3 4 5 6 8 9 11 12 13 15 18 19 20 21 24 25 26 27 28 29 32 33 34 36 37 38 39 40 41 42 44 45 46 47 48 49 50 0
1 3 6 7 8 9 10 12 14 15 16 17 20 21 25 26 29 33 36 37 39 40 43 44 45 46 47 48 49 50 0
1 2 4 5 7 10 12 16 17 22 23 24 28 29 31 32 34 35 37 40 42 43 44 46 47 49 50 0
1 2 3 4 5 6 10 13 16 17 19 20 29 30 32 37 39 43 46 47 50 0
1 4 6 12 13 15 16 19 21 28 30 31 35 39 45 48 50 0
3 13 16 17 20 21 23 25 26 28 29 33 35 37 39 40 42 45 47 0
2 3 5 7 8 16 17 18 19 20 23 24 25 29 30 34 35 38 40 41 49 50 0
2 3 4 9 10 13 15 17 21 23 24 25 28 34 39 42 44 45 47 50 0
1 5 12 14 15 19 20 24 25 27 36 39 40 41 43 47 0

60
1 2 3 4 6 7 8 9 10 11 12 13 15 16 17 18 19 20 21 22 25 27 28 29 30 32 33 34 35 36 37 39 40 41 42 43 44 45 46 47 48 49 0
1 3 4 5 6 7 8 10 13 14 16 18 20 21 23 24 25 26 27 29 30 31 32 33 34 36 37 38 39 40 44 45 47 48 49 50 0
1 3 5 6 7 8 9 11 12 14 15 16 17 18 23 25 26 28 29 30 31 33 34 39 42 43 46 48 49 0
2 3 5 7 8 10 12 13 15 16 17 18 23 24 31 34 36 41 42 44 45 46 47 49 0
1 2 3 4 6 13 16 17 19 20 30 32 37 43 44 50 0
1 4 6 12 13 15 16 19 21 28 30 35 39 45 48 0
3 16 17 20 21 23 25 26 28 29 33 35 37 39 40 42 45 47 0
3 5 7 8 16 17 18 19 20 23 24 25 28 29 30 34 35 38 40 41 49 50 0
2 3 4 9 10 13 15 17 21 23 24 25 28 34 39 42 44 45 47 50 0
1 5 12 14 15 19 20 24 25 27 36 39 40 41 43 47 0

61
2 3 4 5 6 7 8 9 10 12 16 17 18 21 22 23 24 25 26 27 28 29 31 32 34 35 36 37 38 39 40 41 42 44 47 49 50 0
1 2 3 6 7 8 9 11 12 13 14 15 16 17 18 19 20 22 24 25 26 27 28 29 30 31 32 33 34 38 39 40 41 42 43 44 45 46 47 48 50 0
1 2 5 6 8 9 11 12 14 15 20 21 23 26 28 29 30 31 33 37 39 40 45 46 48 49 50 0
2 7 10 16 17 18 21 22 23 24 27 28 29 35 41 42 43 44 46 47 0
1 2 3 4 5 6 10 13 16 17 19 20 30 32 37 43 46 50 0
1 4 6 12 15 16 19 21 28 30 35 39 45 48 50 0
3 16 17 20 21 23 25 26 28 29 33 35 37 39 40 42 45 47 0
3 5 7 8 16 17 18 19 20 23 24 25 28 29 30 34 35 38 40 41 49 50 0
2 3 4 9 10 13 15 17 21 23 24 25 28 34 39 42 44 45 47 50 0
1 5 12 14 15 19 20 24 25 27 36 39 40 41 43 47 0

62
1 2 4 5 6 7 8 9 10 12 13 14 15 16 17 18 19 20 21 22 23 24 25 26 27 28 29 30 31 32 33 34 35 36 37 38 40 41 42 44 45 46 47 48 49 50 0
3 6 7 8 9 10 11 12 13 14 15 16 17 18 19 20 22 24 25 26 27 29 30 31 32 33 34 35 37 38 39 40 41 42 43 44 46 47 48 49 50 0
1 2 5 6 7 8 9 10 11 12 14 15 17 18 19 20 21 22 23 24 26 27 28 29 31 33 34 36 37 39 41 46 49 50 0
2 6 7 8 10 16 17 18 19 22 23 24 25 26 28 32 35 38 39 40 41 43 44 46 0
1 2 3 4 6 10 12 13 16 19 20 21 22 23 24 30 32 33 37 41 43 46 48 50 0
1 4 6 12 15 16 19 21 26 28 30 35 39 42 44 45 48 50 0
3 16 17 20 21 23 25 26 28 29 33 35 37 39 40 42 45 47 0
3 5 7 8 16 17 18 19 20 23 24 25 28 29 30 34 35 38 40 41 49 50 0
2 3 4 9 10 13 15 17 21 23 24 25 28 34 39 42 44 45 47 50 0
1 5 12 14 15 19 20 24 25 27 36 39 40 41 43 47 0

63
1 2 3 4 5 6 7 8 9 10 11 12 13 14 15 16 17 18 19 21 22 23 26 27 28 29 30 31 32 33 34 35 36 37 38 40 41 42 43 44 45 46 47 48 49 50 0
1 2 3 7 9 10 13 14 17 18 19 20 21 22 23 24 25 26 27 29 31 32 33 34 36 37 38 39 40 42 43 45 47 48 49 50 0
1 3 4 6 7 8 9 10 11 12 14 15 18 19 22 24 25 28 29 30 33 35 37 38 39 42 43 45 46 47 48 49 50 0
2 4 5 6 7 10 11 14 16 17 20 21 23 24 25 29 31 32 36 37 39 42 43 44 46 47 49 50 0
1 2 3 6 7 13 16 17 18 19 20 21 23 25 30 32 33 34 35 40 43 45 50 0
1 4 6 10 11 12 15 16 17 19 21 26 28 30 35 39 42 43 44 45 47 48 0
3 5 16 17 20 21 23 25 26 27 28 29 31 33 35 37 39 40 42 45 47 0
3 5 7 8 16 17 18 19 20 23 24 25 28 29 30 34 35 38 40 41 49 50 0
2 3 4 9 10 13 15 17 21 23 24 25 28 34 39 42 44 45 47 50 0
1 5 12 14 15 19 20 24 25 27 36 39 40 41 43 47 0

64
1 2 3 4 5 6 7 8 9 10 11 12 14 15 16 17 18 20 21 22 23 24 25 26 27 28 29 31 32 34 35 36 37 39 40 41 42 43 45 46 47 48 49 50 0
1 3 5 6 7 8 9 10 11 12 14 15 16 17 18 19 20 22 23 24 25 26 27 29 30 31 32 33 34 35 38 39 40 41 42 43 44 46 47 48 50 0
1 2 5 6 7 8 9 10 11 12 13 14 15 17 18 21 22 27 28 29 31 33 35 36 37 39 41 45 46 49 0
2 6 7 8 10 14 16 17 18 19 22 23 24 25 26 27 28 32 35 36 38 39 40 41 43 44 46 47 0
1 2 3 4 6 10 12 13 14 16 19 20 22 23 24 29 30 32 33 37 43 46 47 50 0
1 2 4 6 12 13 15 16 19 21 26 28 30 31 35 39 42 44 45 48 50 0
3 5 16 17 20 21 23 25 26 28 29 33 35 37 39 40 42 45 47 0
3 5 7 8 16 17 18 19 20 23 24 25 28 29 30 34 35 38 40 41 49 50 0
2 3 4 9 10 13 15 17 21 23 24 25 28 34 39 42 44 45 47 50 0
1 5 12 14 15 19 20 24 25 27 36 39 40 41 43 47 0

65
1 2 3 4 5 6 7 8 9 10 12 13 14 16 18 19 20 21 22 24 25 26 27 28 30 32 33 34 35 36 37 38 39 40 42 44 45 46 47 49 50 0
1 2 3 8 10 11 12 13 14 18 19 20 21 22 24 25 26 30 32 33 34 37 38 39 40 41 43 44 45 46 47 48 49 50 0
2 3 4 6 7 8 9 14 15 16 21 23 28 29 30 31 33 37 39 40 42 43 44 45 46 47 48 49 0
2 3 5 7 10 16 17 23 24 28 29 33 34 40 41 42 43 44 46 49 0
1 2 3 4 5 6 10 13 14 16 17 19 20 29 30 32 37 43 47 50 0
1 4 6 12 15 16 19 21 26 28 30 35 39 45 48 50 0
3 16 17 20 21 23 25 26 28 29 33 35 37 39 40 42 45 47 0
3 5 7 8 16 17 18 19 20 23 24 25 28 29 30 34 35 38 40 41 49 50 0
2 3 4 9 10 13 15 17 21 23 24 25 28 34 39 42 44 45 47 50 0
1 5 12 14 15 19 20 24 25 27 36 39 40 41 43 47 0

66
1 2 3 4 6 7 8 9 10 11 12 13 15 16 17 18 19 20 21 22 23 24 25 27 28 29 31 32 33 34 35 36 38 39 40 41 42 43 44 45 46 47 48 49 50 0
3 4 5 6 9 12 13 16 17 18 19 20 21 24 25 26 27 29 31 32 33 34 35 37 38 40 43 44 45 46 47 48 50 0
1 3 6 7 8 9 11 12 13 15 16 17 20 21 23 25 28 29 33 37 39 40 41 42 43 44 46 49 0
2 5 7 10 12 17 18 20 21 22 23 24 28 29 31 38 42 43 44 46 47 49 50 0
1 2 3 5 6 13 16 17 18 19 20 30 32 37 43 50 0
1 4 6 12 15 16 19 21 28 30 35 45 48 50 0
3 16 17 21 23 25 26 28 29 33 35 37 39 40 42 45 47 0
3 5 7 8 16 17 18 19 20 23 24 25 29 30 34 35 38 40 41 49 50 0
2 3 4 9 10 13 15 17 21 23 24 25 28 34 39 42 44 45 47 50 0
1 5 12 14 15 19 20 24 25 27 36 39 40 41 43 47 0

67
1 2 3 4 5 6 7 8 10 11 12 14 15 16 17 18 19 20 21 22 23 24 25 26 27 28 29 30 31 32 33 34 35 36 38 39 40 41 42 45 46 47 48 49 50 0
1 2 3 5 6 10 11 13 14 15 16 17 18 19 20 21 22 23 24 25 28 29 32 33 34 35 37 38 39 40 41 42 43 44 45 47 48 49 50 0
1 2 3 4 5 6 7 8 9 12 14 15 17 20 26 27 28 29 30 32 33 34 40 41 42 44 45 46 47 48 49 50 0
1 3 5 6 7 8 9 10 12 16 17 18 22 23 24 28 29 30 33 34 39 40 41 42 43 44 46 0
1 3 5 6 10 12 13 16 17 19 20 29 32 33 37 43 47 50 0
1 4 6 12 15 16 19 21 28 30 35 39 46 48 50 0
3 16 17 20 21 23 25 26 28 29 33 35 37 39 40 42 45 47 0
2 3 5 6 7 8 16 17 18 19 20 23 24 25 29 30 34 35 38 40 41 48 49 50 0
2 3 4 9 10 13 15 17 21 23 24 25 28 34 35 39 42 44 45 47 50 0
1 5 12 14 15 19 20 24 25 27 36 39 40 41 43 47 0

68
2 3 4 5 6 7 10 11 12 13 14 15 16 17 18 19 20 21 22 23 24 25 26 27 28 29 30 31 32 33 34 35 36 38 39 40 42 43 44 46 48 49 50 0
1 2 3 5 6 8 9 10 11 12 13 14 15 17 18 19 20 21 22 24 25 28 30 31 32 33 34 36 37 38 39 40 41 42 44 45 47 48 49 0
1 2 3 6 7 8 9 11 12 14 15 16 18 21 22 23 25 26 27 29 31 33 34 35 37 39 40 43 44 45 46 47 49 50 0
1 2 5 7 10 12 17 18 22 23 24 27 28 29 32 33 34 36 40 43 44 46 49 0
1 3 4 5 6 10 13 14 16 17 19 20 29 30 32 37 43 46 47 50 0
1 4 6 12 15 16 19 21 26 28 30 31 35 39 45 48 50 0
3 16 17 20 21 23 25 26 28 29 33 35 37 39 40 42 45 47 0
3 5 7 8 16 17 18 19 20 23 24 25 28 29 30 34 35 38 40 41 49 50 0
2 3 4 9 10 13 15 17 21 23 24 25 28 34 39 42 44 45 47 50 0
1 5 12 14 15 19 20 24 25 27 36 39 40 41 43 47 0

69
1 2 3 4 5 6 7 8 9 10 12 13 14 16 18 19 20 21 22 23 24 25 26 27 28 30 32 33 34 35 36 37 38 39 40 42 44 46 47 49 50 0
1 2 3 8 10 11 12 13 14 18 19 20 22 24 26 27 28 29 30 32 33 34 37 38 39 40 41 43 44 45 46 47 48 49 50 0
2 3 4 6 7 8 9 14 15 20 21 23 28 29 31 33 37 39 40 42 43 44 45 46 47 48 49 0
2 3 5 7 10 16 17 23 24 28 29 33 34 40 41 42 43 44 46 49 0
1 2 3 4 5 6 10 13 14 16 17 18 19 20 29 30 32 37 43 47 50 0
1 4 6 12 15 16 19 21 28 30 35 39 45 48 50 0
3 16 17 20 21 23 25 26 28 29 33 35 37 39 40 42 45 47 0
3 5 7 8 16 17 18 19 20 23 24 25 28 29 30 34 35 38 40 41 49 50 0
2 3 4 9 10 13 15 17 21 23 24 25 28 34 39 42 44 45 47 50 0
1 5 12 14 15 19 20 24 25 27 36 39 40 41 43 47 0

70
1 3 4 5 6 7 8 9 10 11 12 14 15 17 18 19 21 22 23 25 26 28 29 30 31 32 33 35 36 37 38 39 41 42 43 45 47 48 49 50 0
2 3 4 5 6 7 8 9 10 11 12 13 14 15 16 17 18 19 20 22 24 25 26 27 29 30 31 32 33 34 35 37 38 39 40 41 42 44 46 48 49 50 0
1 2 5 6 7 8 9 10 11 13 14 15 17 18 19 20 21 22 23 24 25 27 28 29 31 33 35 36 38 39 41 45 46 49 50 0
2 4 6 7 10 11 14 16 17 18 20 22 23 24 25 26 27 30 35 37 38 41 43 44 46 47 48 0
2 3 4 6 7 10 13 15 16 17 19 20 21 23 24 27 28 30 31 32 33 34 36 37 41 43 45 47 48 50 0
1 4 6 9 12 15 16 17 19 21 26 28 30 31 35 38 39 42 43 44 45 47 48 50 0
3 5 8 16 17 21 23 25 26 27 28 29 31 33 35 37 39 40 42 45 47 0
3 5 7 8 16 17 18 19 20 23 24 25 28 29 30 34 35 38 40 41 49 50 0
2 3 4 9 10 13 15 17 21 23 24 25 28 34 39 42 44 45 47 50 0
1 5 12 14 15 19 20 24 25 27 36 39 40 41 43 47 0

72
2 3 4 5 6 7 8 10 12 14 15 16 17 18 21 22 24 25 26 27 28 29 30 31 32 34 35 36 37 38 39 40 43 44 45 46 47 48 49 50 0
1 2 3 5 6 9 11 12 13 14 15 16 17 18 19 20 21 22 24 25 26 27 28 29 30 31 32 33 34 36 37 38 39 40 41 42 43 44 45 46 47 48 49 50 0
1 2 3 4 5 6 8 9 11 12 13 14 15 16 20 21 22 23 26 27 28 29 31 33 34 36 37 39 40 44 45 46 49 50 0
1 2 5 7 8 10 12 16 17 18 21 22 23 24 27 28 29 30 31 32 34 36 40 41 43 44 46 0
1 2 3 4 5 6 9 10 13 16 17 18 19 20 29 30 32 37 39 43 44 46 47 50 0
1 4 6 12 13 15 16 19 21 28 30 31 35 45 48 50 0
3 13 16 17 20 23 25 26 28 29 33 35 37 39 40 42 45 47 0
2 3 5 7 8 16 17 18 19 20 23 24 25 28 29 30 34 35 38 40 41 49 50 0
2 3 4 9 10 13 15 17 21 23 24 25 28 34 39 42 44 45 47 50 0
1 5 12 14 15 19 20 24 25 27 36 39 40 41 43 47 0

73
1 2 3 4 5 6 7 8 9 10 11 12 13 14 15 16 17 18 19 20 21 22 23 24 25 26 27 28 29 30 31 32 34 35 36 37 38 39 40 41 42 43 44 45 46 47 48 49 50 0
1 2 3 4 5 6 7 8 9 11 12 13 14 15 17 18 20 21 22 23 24 25 26 27 28 29 30 31 32 33 34 35 36 37 38 39 40 41 42 43 45 46 50 0
1 2 3 5 8 10 13 14 15 16 21 22 23 24 25 29 31 33 36 37 39 40 41 43 44 45 46 47 48 49 0
2 4 5 6 7 9 10 11 16 17 18 21 22 23 24 26 28 29 32 33 40 43 44 46 49 50 0
1 2 3 4 5 6 7 10 12 13 14 16 17 19 20 23 29 30 32 37 43 47 50 0
1 4 6 12 15 16 19 21 26 28 30 31 35 39 44 45 48 50 0
3 16 17 20 21 23 25 26 28 29 33 35 37 39 40 42 45 47 0
3 5 7 8 16 17 18 19 20 23 24 25 28 29 30 34 35 38 40 41 49 50 0
2 3 4 9 10 13 15 17 21 23 24 25 28 34 39 42 44 45 47 50 0
1 5 12 14 15 19 20 24 25 27 36 39 40 41 43 47 0

74
2 3 4 5 6 7 8 9 10 12 13 14 15 16 17 18 20 21 22 24 25 26 27 28 29 30 31 32 35 36 37 39 40 41 42 43 44 46 47 49 50 0
1 2 3 6 8 9 10 11 12 13 14 15 16 17 18 19 20 21 22 24 25 26 27 28 29 30 31 32 33 34 36 37 38 39 41 42 43 44 45 46 47 48 49 50 0
1 2 3 4 5 6 8 9 11 12 14 15 16 20 21 22 23 26 27 28 29 30 31 33 34 36 37 39 40 43 44 45 46 47 49 50 0
2 5 7 8 10 12 16 17 18 21 22 23 24 27 28 29 36 40 41 42 43 44 46 0
1 2 3 4 6 10 12 13 16 17 18 19 20 29 30 32 37 43 46 50 0
1 4 6 12 15 16 19 21 28 30 31 35 45 48 50 0
3 13 16 17 20 23 25 26 28 29 33 35 37 39 40 42 45 47 0
2 3 5 7 8 16 17 18 19 20 23 24 25 28 29 30 34 35 38 40 41 49 50 0
2 3 4 9 10 13 15 17 21 23 24 25 28 34 39 42 44 45 47 50 0
1 5 12 14 15 19 20 24 25 27 36 39 40 41 43 47 0

75
2 3 4 5 6 7 8 10 12 13 16 17 18 21 22 23 25 27 28 29 31 32 35 36 37 38 39 40 41 42 44 46 47 50 0
2 3 5 7 9 11 13 14 15 18 19 20 24 25 26 27 28 29 30 31 32 33 34 37 38 39 41 42 43 44 45 46 47 48 50 0
1 2 3 4 5 6 8 9 11 12 14 15 16 18 20 26 28 29 31 36 37 39 40 43 44 45 46 49 50 0
2 5 7 8 10 12 16 17 18 22 23 24 27 28 29 32 35 40 41 42 44 46 49 0
1 2 3 4 6 10 13 16 17 19 20 29 30 32 37 39 43 46 50 0
1 4 6 12 15 16 19 21 28 30 31 35 39 45 48 50 0
3 16 17 20 21 23 25 26 28 29 33 35 37 39 40 42 45 47 0
2 3 5 7 8 16 17 18 19 20 23 24 25 28 29 30 34 35 38 40 41 49 50 0
2 3 4 9 10 13 15 17 21 23 24 25 28 34 39 42 44 45 47 50 0
1 5 12 14 15 19 20 24 25 27 36 39 40 41 43 47 0

76
2 3 4 5 7 8 10 11 12 13 14 15 17 18 21 22 23 24 25 26 28 29 31 32 34 35 36 37 38 39 40 41 42 44 45 47 49 50 0
1 2 3 5 6 7 9 10 12 13 14 15 16 17 18 19 20 21 22 23 24 25 26 27 28 29 30 31 32 33 34 35 36 37 38 39 40 41 42 43 44 45 47 48 50 0
1 2 4 5 6 8 9 10 11 12 14 15 16 17 18 19 20 22 23 24 25 26 27 28 29 30 31 33 36 38 39 40 41 43 44 45 46 47 49 0
2 6 7 8 10 13 16 17 18 22 23 24 25 28 31 33 35 36 38 41 42 43 44 46 47 0
1 2 3 4 6 12 13 16 17 18 19 20 23 30 32 37 43 46 50 0
1 4 6 12 13 15 16 19 21 28 30 35 39 44 45 48 0
3 16 17 20 21 23 25 26 28 29 33 35 37 39 40 42 45 47 0
2 3 5 7 8 16 17 18 19 20 23 24 25 28 29 30 34 35 38 40 41 49 50 0
2 3 4 9 10 13 15 17 21 23 24 25 28 34 39 42 44 45 47 50 0
1 5 12 14 15 19 20 24 25 27 36 39 40 41 43 47 0

77
1 3 4 5 6 7 8 9 10 12 13 15 16 17 18 19 22 23 24 25 26 27 28 29 30 31 32 33 35 36 37 39 40 41 42 44 45 47 48 49 50 0
2 3 4 6 8 9 11 12 13 14 15 16 17 18 19 20 22 24 25 26 27 28 29 30 31 32 33 34 37 38 39 41 42 43 44 45 46 47 48 49 50 0
1 2 3 4 5 6 7 8 9 10 11 12 13 14 15 16 18 19 20 21 22 24 28 29 31 32 33 37 38 39 40 42 45 46 47 48 49 50 0
2 4 5 6 7 10 14 16 17 20 21 22 23 24 25 26 28 29 35 37 38 39 40 41 42 43 44 46 49 50 0
1 2 3 4 5 6 10 12 13 15 16 17 18 19 20 23 24 25 28 30 31 32 33 34 35 36 37 41 43 45 48 50 0
1 4 6 9 10 12 15 16 17 18 19 20 21 23 25 26 27 28 30 31 33 35 38 39 40 41 42 43 44 45 47 48 50 0
3 5 8 11 14 15 16 17 20 21 23 25 26 27 28 29 31 33 34 35 37 39 40 42 43 45 47 0
3 5 7 8 11 12 13 14 16 17 18 19 20 23 24 25 28 29 30 34 35 38 40 41 43 49 50 0
2 3 4 8 9 10 13 15 17 21 23 24 25 28 34 39 42 44 45 47 49 50 0
1 5 12 13 14 15 19 20 24 25 27 36 39 40 41 43 47 0

78
1 2 3 4 5 7 10 11 12 13 15 16 17 18 20 21 22 23 25 27 28 29 31 32 34 35 36 37 39 40 41 42 43 44 45 46 47 48 49 50 0
1 2 3 6 7 9 10 11 12 15 17 18 19 20 21 23 26 27 29 32 33 35 37 39 40 41 42 43 44 45 46 47 50 0
1 4 6 7 8 9 11 15 16 17 18 20 22 26 28 29 37 38 40 41 43 44 45 46 47 48 50 0
4 5 7 10 11 12 13 14 16 17 18 22 23 24 25 34 35 36 37 38 40 43 44 46 49 50 0
1 2 3 4 6 10 13 14 16 17 19 20 29 30 32 33 37 39 43 46 47 50 0
1 4 6 12 13 15 16 19 21 26 28 30 31 35 39 45 48 50 0
3 5 13 16 17 20 21 23 25 26 28 29 33 35 37 39 40 42 45 47 0
2 3 5 7 8 16 17 18 19 20 23 24 25 29 30 34 35 38 40 41 49 50 0
2 3 4 9 10 13 15 17 21 23 24 25 28 34 39 42 44 45 47 50 0
1 5 12 14 15 19 20 24 25 27 36 39 40 41 43 47 0

79
1 3 4 5 6 7 8 9 11 12 14 16 17 18 19 21 22 23 25 27 28 29 30 31 32 33 34 35 36 37 38 39 40 41 42 43 44 45 47 48 49 50 0
2 3 4 5 6 9 11 12 13 14 15 16 17 18 19 20 21 23 24 25 26 28 29 31 32 33 34 36 37 38 39 40 41 42 43 44 45 46 47 48 49 50 0
1 2 3 4 5 6 7 8 9 15 16 17 20 23 25 26 27 28 29 31 35 37 38 39 40 42 43 44 45 46 47 48 49 50 0
1 4 5 6 7 8 10 11 12 16 17 20 21 22 23 24 25 26 28 29 30 33 34 35 36 37 38 40 41 43 44 46 47 49 50 0
1 2 3 4 6 9 10 13 16 17 19 20 24 25 29 30 32 33 35 37 39 43 45 47 48 50 0
1 4 6 12 13 15 16 19 21 26 28 30 31 35 39 45 48 50 0
3 5 13 16 17 20 21 23 25 26 28 29 33 35 37 39 40 42 45 47 0
2 3 5 7 8 16 17 18 19 20 23 24 25 29 30 34 35 38 40 41 49 50 0
2 3 4 9 10 13 15 17 21 23 24 25 28 34 39 42 44 45 47 50 0
1 5 12 14 15 19 20 24 25 27 36 39 40 43 47 0

82
1 2 4 5 6 7 9 10 11 13 14 16 17 18 19 20 21 22 23 25 26 28 29 31 32 34 35 36 37 38 39 41 42 46 47 48 49 50 0
2 3 4 7 9 11 12 13 14 16 20 24 25 26 27 28 31 32 33 34 37 38 40 43 45 46 48 50 0
3 6 7 8 11 13 14 15 16 19 20 21 25 28 29 33 37 39 43 44 45 46 49 0
2 3 5 7 10 11 13 16 17 18 21 22 24 28 35 39 40 42 44 46 47 49 0
1 2 3 5 6 13 14 16 17 19 20 23 26 30 32 37 43 50 0
1 4 6 12 15 16 19 21 28 30 35 39 44 45 48 50 0
3 16 17 20 21 23 25 26 28 29 33 35 37 39 40 42 45 47 0
3 5 7 8 16 17 18 19 20 23 24 25 28 29 30 34 35 38 40 41 49 50 0
2 3 4 9 10 13 15 17 21 23 24 25 28 34 39 42 44 45 47 50 0
1 5 12 14 15 19 20 24 25 27 36 39 40 41 43 47 0

83
3 4 5 6 7 8 10 12 14 15 16 18 19 20 21 22 23 24 25 26 27 28 29 30 32 33 34 35 36 38 39 40 42 43 44 46 47 49 50 0
1 2 3 7 8 10 11 13 14 18 19 20 21 22 24 26 27 28 29 30 32 33 34 38 39 40 41 44 45 47 48 50 0
2 3 4 5 6 7 8 9 12 14 15 16 26 27 28 29 30 31 33 34 37 40 42 43 44 45 46 47 48 49 50 0
2 5 7 10 12 16 17 21 22 23 24 28 29 33 34 40 42 43 44 46 49 0
1 3 6 10 13 16 17 19 20 29 30 32 37 43 46 47 50 0
1 4 6 12 15 16 19 21 26 28 30 35 39 45 48 50 0
3 16 17 20 21 23 25 26 28 29 33 35 37 39 40 42 45 47 0
3 5 7 8 16 17 18 19 20 23 24 25 28 29 30 34 35 38 40 41 49 50 0
2 3 4 9 10 13 15 17 21 23 24 25 28 34 39 42 44 45 47 50 0
1 5 12 14 15 19 20 24 25 27 36 39 40 41 43 47 0

84
1 2 4 5 7 9 10 11 12 14 15 16 17 18 19 20 21 22 23 24 25 26 27 28 29 30 32 33 34 35 36 37 38 39 40 41 43 44 45 46 47 50 0
2 3 4 5 6 7 8 9 10 11 12 13 15 16 17 20 21 22 24 25 26 27 28 31 32 33 34 35 36 37 38 39 40 41 42 43 46 47 48 49 50 0
2 3 4 6 7 8 10 11 12 14 17 19 20 21 24 25 27 28 29 33 34 35 36 37 38 39 40 41 42 43 45 46 47 49 50 0
2 5 6 7 8 10 11 12 13 14 16 17 18 19 22 23 24 25 26 28 35 36 38 39 40 42 44 46 47 49 50 0
1 2 3 5 6 7 10 12 13 14 15 16 17 19 20 21 22 23 24 25 27 28 30 32 33 34 35 37 40 41 43 45 48 50 0
1 4 6 11 12 15 16 19 21 26 28 30 35 39 40 42 44 45 48 50 0
3 5 8 16 17 21 23 25 26 27 28 29 31 33 35 37 39 40 42 45 47 0
3 5 7 8 16 17 18 19 20 23 24 25 28 29 30 34 35 38 40 41 49 50 0
2 3 4 9 10 13 15 17 21 23 24 25 28 34 39 42 44 45 47 50 0
1 5 12 14 15 19 20 24 25 27 36 39 40 41 43 47 0

85
2 3 4 5 6 7 8 9 10 11 12 15 16 17 18 19 20 21 22 24 26 27 28 29 30 31 32 34 35 36 37 39 40 41 42 43 44 46 47 48 49 50 0
3 4 5 6 9 10 11 12 13 16 17 18 19 20 21 22 24 25 26 27 28 29 30 31 32 33 34 36 37 38 39 40 41 42 43 44 46 47 48 49 50 0
1 2 5 6 7 8 9 10 11 12 13 14 15 16 17 20 21 22 23 26 27 28 29 30 32 33 36 37 39 40 43 44 45 46 47 49 50 0
2 4 5 7 8 9 10 12 15 16 17 20 21 22 23 24 27 28 29 30 31 32 33 34 39 40 41 42 43 44 45 46 47 48 49 0
1 2 3 4 5 6 8 9 10 11 13 14 16 17 18 19 20 26 29 30 32 37 39 42 43 44 46 47 50 0
1 3 4 6 12 13 15 16 19 21 28 30 31 32 35 37 45 46 48 0
3 7 13 16 17 20 21 23 25 26 28 29 33 35 37 39 40 42 44 45 47 0
1 2 3 5 7 8 16 17 18 19 20 23 24 25 29 30 34 35 38 40 41 48 49 50 0
2 3 4 9 10 13 15 17 21 23 24 25 28 34 35 39 42 44 45 47 50 0
1 5 12 14 15 19 20 24 25 27 36 39 40 41 43 47 0

86
1 2 3 4 5 7 8 9 10 12 13 16 17 18 20 21 22 23 24 25 26 28 29 30 32 33 34 35 36 37 38 39 40 41 42 46 48 50 0
1 2 3 4 5 6 7 8 9 11 13 14 15 18 19 20 21 22 24 25 26 27 28 32 33 34 36 37 38 39 40 41 42 43 44 45 46 47 48 49 0
1 3 5 6 7 8 9 12 14 16 19 20 25 26 28 29 30 32 33 34 36 37 40 42 43 44 45 46 47 48 49 0
2 4 5 6 7 10 16 17 21 22 23 24 26 28 29 32 33 34 39 40 43 44 46 49 0
1 3 4 5 6 10 12 13 16 17 18 19 20 29 30 32 37 43 46 47 50 0
1 4 6 12 15 16 19 21 26 28 30 31 35 39 45 48 50 0
3 16 17 20 21 23 25 26 28 29 33 35 37 39 40 42 45 47 0
3 5 7 8 16 17 18 19 20 23 24 25 28 29 30 34 35 38 40 41 49 50 0
2 3 4 9 10 13 15 17 21 23 24 25 28 34 39 42 44 45 47 50 0
1 5 12 14 15 19 20 24 25 27 36 39 40 41 43 47 0

87
1 2 3 4 6 7 8 9 10 11 12 14 16 17 18 19 20 21 22 23 26 27 28 29 30 31 32 33 34 35 36 37 38 40 41 42 43 45 46 47 48 49 50 0
1 2 3 4 5 6 7 8 9 10 12 13 15 16 17 18 19 20 21 22 23 24 25 26 27 29 31 32 33 34 36 37 38 39 40 41 43 47 48 49 50 0
1 3 5 6 7 8 9 12 14 15 16 18 19 20 21 23 25 26 27 28 29 33 34 35 36 37 39 40 41 42 43 44 46 48 49 50 0
1 2 5 6 7 10 12 16 17 18 22 23 24 29 32 37 40 42 44 46 47 49 0
1 2 3 4 5 6 13 14 16 17 19 20 30 32 37 43 46 50 0
1 4 6 12 15 16 19 21 28 30 31 35 39 45 48 50 0
3 16 17 20 21 23 25 26 28 29 33 35 37 39 40 42 45 47 0
3 5 7 8 16 17 18 19 20 23 24 25 28 29 30 34 35 38 40 41 49 50 0
2 3 4 9 10 13 15 17 21 23 24 25 28 34 39 42 44 45 47 50 0
1 5 12 14 15 19 20 24 25 27 36 39 40 41 43 47 0

90
1 3 4 5 6 7 10 11 12 13 15 17 18 20 21 22 23 24 27 28 29 30 32 34 35 36 37 38 41 42 43 44 45 46 47 48 49 0
1 3 8 10 11 12 13 14 15 16 18 20 21 22 23 24 25 26 27 31 32 33 34 36 37 38 39 40 42 44 45 46 47 48 49 50 0
2 3 5 6 7 8 9 11 12 13 14 15 20 21 22 25 26 27 28 29 30 32 33 39 42 43 44 46 48 49 0
1 2 3 5 7 10 12 13 15 16 17 21 22 23 24 26 28 31 33 34 35 38 41 42 44 45 46 49 0
1 2 3 5 6 8 9 13 14 16 17 19 20 23 30 32 37 38 42 43 50 0
1 4 6 12 15 16 19 21 28 30 35 39 45 48 50 0
3 8 16 17 20 21 23 25 26 28 29 33 35 37 39 40 42 45 47 0
2 3 5 7 8 16 17 18 19 20 23 24 25 28 29 30 34 35 38 40 41 49 50 0
2 3 4 9 10 13 15 17 21 23 24 25 28 34 39 42 44 45 47 50 0
1 5 12 14 15 19 20 24 25 27 36 39 40 41 43 47 0

91
1 2 3 4 5 6 7 8 9 10 11 12 13 14 15 16 17 18 19 20 21 23 24 25 26 27 28 29 31 32 33 34 35 36 37 38 39 40 41 42 43 45 46 47 48 49 50 0
1 2 3 4 5 6 7 9 10 11 12 13 16 17 18 20 21 24 26 27 28 30 31 32 33 34 35 36 37 38 40 41 42 43 45 47 48 49 50 0
1 3 7 8 9 12 13 14 16 17 18 20 23 25 26 28 29 30 33 36 37 38 39 41 42 43 44 46 47 49 0
2 3 5 6 7 10 12 13 15 16 17 18 23 24 25 28 29 31 36 37 38 42 44 45 46 49 50 0
1 2 3 4 6 13 16 17 18 19 20 30 32 37 39 42 43 46 50 0
1 4 6 12 15 16 19 21 26 28 30 31 35 39 45 48 50 0
3 16 17 20 21 23 25 26 28 29 33 35 37 39 40 42 45 47 0
2 3 5 7 8 16 17 18 19 20 23 24 25 28 29 30 34 35 38 40 41 49 50 0
2 3 4 9 10 13 15 17 21 23 24 25 28 34 39 42 44 45 47 50 0
1 5 12 14 15 19 20 24 25 27 36 39 40 41 43 47 0

95
2 3 4 5 6 7 8 10 12 13 15 16 17 18 19 21 22 24 25 26 28 29 30 31 32 35 36 37 38 39 40 41 43 44 46 47 48 49 50 0
1 2 3 5 6 9 10 11 12 13 14 15 17 18 19 20 21 22 24 25 26 27 28 29 30 31 32 33 34 37 38 39 40 41 42 43 44 45 46 47 48 49 50 0
1 2 3 4 5 6 8 9 11 12 13 14 15 16 20 23 26 27 28 29 30 31 33 34 36 37 39 40 43 44 45 46 47 49 50 0
1 2 4 5 7 8 10 12 15 16 17 21 22 23 24 27 28 29 30 31 32 34 36 39 40 41 42 43 44 46 0
1 2 3 4 5 6 9 10 13 16 17 19 20 29 30 32 37 39 43 44 46 47 50 0
1 4 6 12 13 15 16 19 21 28 30 31 35 45 48 0
3 13 16 17 20 21 23 25 26 28 29 33 35 37 39 40 42 45 47 0
2 3 5 7 8 16 17 18 19 20 23 24 25 28 29 30 34 35 38 40 41 49 50 0
2 3 4 9 10 13 15 17 21 23 24 25 28 34 39 42 44 45 47 50 0
1 5 12 14 15 19 20 24 25 27 36 39 40 41 43 47 0

97
1 2 3 4 5 6 7 8 10 11 12 14 15 16 17 18 19 20 21 22 25 26 27 28 30 31 32 33 34 35 37 38 39 40 41 42 45 46 47 48 49 50 0
2 3 4 5 6 8 9 10 11 13 14 16 17 18 19 20 21 23 24 25 28 32 33 34 36 38 40 41 45 47 48 49 0
1 3 4 7 8 9 12 13 14 15 16 19 20 21 25 26 28 29 30 33 34 37 39 40 43 44 45 46 47 48 49 50 0
2 5 7 10 12 16 17 22 23 24 28 29 34 43 44 46 49 50 0
1 3 6 10 13 16 17 19 20 30 32 37 43 46 47 50 0
1 4 6 12 13 15 16 19 21 28 30 35 45 48 50 0
3 16 17 20 21 23 25 26 28 29 33 35 37 39 40 42 45 47 0
3 5 7 8 16 17 18 19 20 23 24 25 28 29 30 34 35 38 40 41 49 50 0
2 3 4 9 10 13 15 17 21 23 24 25 28 34 39 42 44 45 47 50 0
1 5 12 14 15 19 20 24 25 27 36 39 40 41 43 47 0

99
1 2 4 5 6 7 8 9 10 12 13 14 15 16 17 18 21 22 24 25 26 27 28 29 30 31 32 33 35 36 37 38 39 40 41 42 44 45 47 48 49 50 0
2 3 5 6 9 10 11 12 14 15 16 17 18 19 20 22 24 25 26 27 28 29 30 31 32 33 34 35 37 38 39 40 41 42 43 44 46 47 48 49 50 0
1 2 5 6 7 8 9 10 11 12 14 15 16 17 18 19 20 21 22 23 24 26 28 29 31 33 36 37 39 41 46 47 49 50 0
2 6 7 8 10 16 17 18 19 22 23 24 25 26 28 35 38 39 41 43 44 46 47 0
1 2 3 4 6 10 12 13 16 18 19 20 23 24 30 32 37 41 43 46 50 0
1 4 6 12 15 16 19 21 26 28 30 35 39 42 44 45 48 50 0
3 16 17 20 21 23 25 26 28 29 33 35 37 39 40 42 45 47 0
2 3 5 7 8 16 17 18 19 20 23 24 25 28 29 30 34 35 38 40 41 49 50 0
2 3 4 9 10 13 15 17 21 23 24 25 28 34 39 42 44 45 47 50 0
1 5 12 14 15 19 20 24 25 27 36 39 40 41 43 47 0

100
1 2 4 5 6 7 9 10 11 12 14 15 16 17 19 20 21 22 23 26 27 28 29 30 31 32 34 35 36 37 38 39 40 41 42 43 44 45 46 47 48 50 0
2 3 4 6 7 9 10 11 12 13 14 15 16 17 19 20 21 22 24 25 26 27 28 31 32 33 34 35 36 37 38 39 40 42 43 45 46 47 48 49 50 0
2 3 4 6 7 8 11 12 14 15 17 19 20 21 24 25 27 28 29 33 35 36 37 38 39 40 41 42 43 44 45 46 47 48 49 50 0
2 5 6 7 10 11 13 16 17 18 19 20 22 23 24 26 28 29 31 35 36 37 38 39 40 42 44 46 47 49 50 0
1 2 3 6 7 10 12 13 14 16 17 18 19 20 21 23 30 32 33 37 38 41 43 50 0
1 4 6 12 15 16 19 21 26 28 30 35 42 44 45 48 50 0
3 16 17 20 21 23 25 26 28 29 33 35 37 39 40 42 45 47 0
2 3 5 7 8 16 17 18 19 20 23 24 25 28 29 30 34 35 38 40 41 49 50 0
2 3 4 9 10 13 15 17 21 23 24 25 28 34 39 42 44 45 47 50 0
1 5 12 14 15 19 20 24 25 27 36 39 40 41 43 47 0

