1
1 2 3 4 6 7 8 9 10 11 12 13 14 17 18 19 20 21 22 23 25 26 27 28 29 30 31 33 34 36 37 38 40 41 47 48 49 50 51 52 54 55 56 57 58 59 60 63 66 68 70 71 72 73 74 75 76 77 78 79 80 81 83 84 86 87 88 89 90 92 93 94 96 97 98 99 100 103 105 106 107 108 109 110 111 112 113 115 116 117 118 119 121 122 123 124 125 127 128 129 130 131 132 134 135 136 137 140 141 144 146 147 148 149 150 151 152 153 154 155 156 157 158 160 162 163 164 165 166 167 168 169 170 171 172 173 174 176 177 178 179 180 182 183 184 186 187 188 189 190 191 192 193 194 195 196 198 199 200 0

2
1 2 4 5 6 7 8 9 10 12 13 14 15 16 17 18 19 20 22 25 26 27 28 29 30 31 32 33 34 37 38 39 40 41 42 43 44 45 46 47 48 50 53 54 55 56 58 59 60 61 64 66 67 70 71 72 73 74 75 76 77 78 79 80 81 82 83 84 85 86 87 88 89 90 92 95 96 97 98 99 100 102 104 106 107 108 109 110 111 112 113 115 116 117 118 120 121 122 124 125 126 127 129 130 131 132 133 135 136 137 138 139 140 141 142 143 144 146 147 148 149 150 151 152 153 154 155 156 157 159 160 162 163 164 165 166 167 168 169 170 172 173 174 175 176 177 178 179 180 181 182 183 184 185 186 187 188 190 191 192 193 194 195 196 197 198 199 200 0

3
1 2 3 4 6 7 8 9 12 13 14 15 16 17 18 19 20 21 22 23 24 25 26 27 28 29 30 31 32 33 34 35 36 37 38 40 41 42 43 44 46 47 48 50 52 53 54 55 57 58 59 60 61 64 66 67 69 70 71 73 74 75 76 77 79 80 81 82 83 84 86 89 90 92 93 94 97 98 99 100 101 103 104 106 107 108 109 111 113 114 115 116 117 118 119 121 122 123 124 125 126 128 129 130 132 133 134 135 136 140 141 142 144 145 146 147 148 149 150 151 152 153 154 155 156 157 158 159 160 161 162 163 164 165 166 167 168 169 170 171 172 173 174 175 176 178 179 180 182 183 184 185 186 187 188 189 190 192 193 194 195 196 197 198 199 200 0

4
1 2 5 6 7 8 9 11 14 15 16 17 18 19 20 23 24 25 26 27 28 29 30 31 32 33 34 36 37 38 39 40 41 43 44 45 46 47 48 49 50 52 53 54 56 57 58 59 60 61 62 64 65 66 67 68 69 71 73 74 75 79 80 81 83 84 85 86 87 90 91 92 93 96 97 98 99 100 105 107 108 109 111 113 114 115 116 117 118 120 121 122 123 124 125 128 129 130 131 132 134 135 136 140 141 142 144 145 146 147 148 149 150 152 153 155 156 157 158 160 161 162 163 164 165 166 167 168 169 170 171 172 173 175 176 177 178 179 182 183 184 185 186 187 189 190 192 193 194 195 196 197 198 199 0

5
1 3 4 6 7 8 9 12 13 14 15 16 17 19 20 23 25 27 28 29 30 31 32 33 34 36 37 38 39 40 41 43 44 46 47 48 49 50 51 52 53 54 57 58 61 64 65 66 67 71 72 73 74 75 79 80 81 82 83 84 85 86 87 88 89 91 92 94 95 96 97 98 99 101 102 104 107 108 109 110 111 112 113 114 115 116 117 118 122 123 124 125 126 128 129 130 131 132 134 135 136 138 139 140 142 144 145 147 148 149 150 151 153 155 156 157 158 159 160 161 162 163 164 165 166 168 169 171 172 173 174 175 176 179 180 182 183 184 185 186 187 188 190 192 193 194 195 196 197 198 200 0

6
1 2 4 6 7 8 9 11 12 13 15 16 17 18 19 20 23 24 25 26 27 28 29 30 32 34 35 37 38 39 40 41 42 43 44 46 47 48 50 52 53 54 55 56 58 60 62 64 66 67 70 71 73 74 75 78 79 80 81 83 84 85 86 88 89 90 92 93 97 98 99 100 104 106 107 108 109 110 111 112 113 114 115 116 117 118 120 121 122 123 124 125 126 127 128 129 130 132 134 135 136 139 140 141 142 143 144 147 148 149 151 152 153 154 155 156 157 158 160 162 164 165 166 167 168 169 171 172 173 174 175 176 177 179 180 182 183 184 186 187 188 190 192 193 194 195 196 197 198 199 200 0

7
1 2 3 4 6 7 8 9 10 11 12 14 15 16 17 18 19 20 24 25 26 27 28 29 30 31 32 33 34 35 36 37 38 39 41 42 43 45 47 48 49 50 52 53 55 56 57 58 59 60 61 64 65 66 69 70 71 72 73 74 75 77 78 80 83 84 85 86 89 90 91 92 93 94 95 96 97 98 99 100 106 108 109 110 111 113 114 115 116 117 118 119 120 121 122 123 124 125 127 128 129 130 132 133 134 135 136 137 138 140 141 143 144 145 147 148 149 150 151 153 154 155 156 157 158 160 162 164 165 166 167 168 169 170 171 172 173 174 175 176 177 178 179 180 181 182 183 184 186 187 189 190 192 193 194 195 196 198 199 0

9
1 2 3 4 6 7 8 9 11 12 13 14 15 16 17 18 19 20 23 24 25 26 27 28 29 30 33 34 36 37 38 40 41 44 45 47 49 50 52 54 55 56 57 58 59 60 61 65 66 67 69 70 71 73 74 75 76 77 80 81 82 83 84 86 87 89 90 92 94 96 97 98 99 100 102 104 105 106 107 108 109 111 112 113 115 116 117 118 119 120 121 122 123 124 125 126 127 128 129 130 131 132 133 134 135 136 139 140 143 144 145 147 148 149 151 153 154 155 156 157 158 160 162 163 164 165 166 167 168 169 170 171 172 173 174 176 177 178 179 180 181 182 183 184 186 187 188 189 190 192 193 194 196 198 199 200 0

10
1 2 4 5 6 7 8 9 10 12 13 14 15 16 17 18 19 20 21 23 24 25 26 27 28 29 30 31 32 33 34 37 38 40 41 42 43 44 45 46 47 48 50 51 54 55 58 62 64 66 70 71 73 74 75 76 78 79 80 81 82 83 84 85 86 89 90 92 93 96 97 98 100 102 103 104 107 108 109 111 112 113 114 115 116 117 118 120 121 122 123 124 125 126 127 128 129 130 131 132 135 136 137 139 140 141 142 143 144 146 147 148 149 151 152 153 154 156 157 158 160 161 162 163 164 165 166 168 169 171 172 173 174 175 176 177 178 180 182 183 184 185 186 187 190 191 192 193 194 195 196 197 198 199 200 0

11
1 2 3 4 6 7 8 9 10 12 13 15 16 17 18 19 20 23 24 25 26 27 28 29 30 32 34 35 36 37 38 40 41 42 43 45 46 47 48 49 50 51 52 54 55 56 57 58 60 63 64 66 67 70 71 73 74 75 79 80 81 83 84 85 86 89 90 91 92 93 94 98 100 104 106 107 108 109 110 111 112 113 115 116 117 118 119 120 121 122 124 125 126 127 128 129 130 132 135 136 137 140 142 143 144 146 147 148 149 150 151 152 153 154 155 156 157 158 159 160 162 164 165 166 167 168 169 171 172 173 174 175 176 177 178 180 181 182 183 184 186 187 189 190 192 193 194 195 196 198 199 0

12
1 2 4 6 7 8 9 10 11 12 13 14 15 16 17 18 19 20 22 24 25 26 27 28 29 30 31 32 33 34 35 36 37 38 39 40 41 42 43 44 45 46 47 48 49 50 51 52 54 55 56 58 59 60 62 63 64 65 66 67 68 69 70 71 72 73 74 76 78 79 80 81 82 83 84 85 86 88 89 90 91 92 93 95 96 97 99 100 101 102 104 106 107 108 109 110 111 112 113 114 115 116 117 118 120 121 122 123 124 125 126 127 128 129 130 132 134 135 136 137 138 139 140 141 142 143 144 147 148 149 150 151 152 153 154 155 156 157 160 161 162 163 164 165 166 167 168 169 170 171 172 173 174 175 176 177 178 179 180 182 183 184 186 187 188 190 191 192 193 194 195 196 197 198 199 200 0

13
1 2 4 6 7 8 9 10 11 12 13 14 15 16 17 18 19 20 23 24 25 26 27 28 29 30 31 32 33 34 35 37 38 39 40 41 42 43 44 46 47 48 50 52 53 54 55 56 58 59 60 61 63 64 66 67 68 70 71 72 73 74 75 78 79 80 81 83 84 85 86 87 88 89 90 92 93 95 97 98 99 100 103 104 106 107 108 109 110 111 112 113 114 115 116 117 118 120 121 122 123 124 125 126 128 129 130 132 134 135 136 137 138 139 140 141 142 143 144 147 148 149 150 151 152 153 154 155 156 157 158 159 160 162 164 165 166 168 169 170 171 172 173 174 175 176 177 178 179 180 182 184 186 187 190 192 193 194 195 196 197 198 199 200 0

14
1 2 3 4 5 6 7 8 9 10 11 12 13 14 15 16 17 18 19 20 21 22 23 24 25 26 27 28 29 30 31 33 34 35 36 37 38 39 40 41 45 46 47 49 50 51 52 53 54 55 56 57 58 60 61 62 63 65 66 67 68 69 70 71 72 73 74 75 76 78 79 80 81 83 84 85 86 87 88 89 90 92 95 96 97 98 99 100 103 104 105 106 107 108 109 110 111 112 113 115 116 117 118 119 120 121 122 123 124 125 127 128 130 131 132 133 134 135 136 137 138 139 140 141 142 143 144 146 147 148 149 150 153 154 155 156 157 158 160 162 164 165 166 167 168 169 170 171 172 174 178 179 180 181 182 183 184 186 187 188 189 190 191 192 193 194 195 196 198 199 200 0

15
1 3 4 5 6 7 8 9 10 11 12 14 15 17 18 19 20 23 25 26 27 28 29 30 31 32 33 34 35 37 38 40 41 42 44 48 50 52 54 56 58 60 62 63 64 66 67 68 71 73 74 75 79 80 81 82 83 84 86 88 89 91 92 93 97 100 102 103 105 106 107 108 109 110 111 113 114 116 117 118 121 122 123 124 125 128 129 130 132 134 135 136 137 139 140 141 149 150 151 153 155 156 157 159 160 161 162 163 164 165 166 167 168 169 171 172 174 175 176 178 180 182 183 185 186 187 188 190 191 192 193 194 195 196 197 198 199 200 0

16
1 2 4 6 7 8 9 11 12 13 14 15 16 17 18 19 20 22 23 25 26 27 28 29 30 32 34 37 38 39 40 41 42 43 44 45 46 47 48 50 53 54 55 56 58 59 60 61 64 66 67 68 70 71 72 73 74 75 77 78 79 80 81 83 84 85 86 87 88 89 90 91 92 95 96 97 98 99 100 104 106 107 108 109 110 111 112 113 114 115 116 117 118 120 121 122 123 124 125 126 127 128 129 130 132 134 135 136 138 139 140 142 143 144 147 148 149 150 151 153 154 155 156 157 160 162 164 165 166 167 168 169 170 171 172 173 174 175 176 177 178 179 180 182 183 184 186 187 190 192 193 194 195 196 197 198 199 200 0

17
1 4 5 6 7 8 9 11 14 15 17 18 19 20 23 25 26 27 28 29 30 31 32 33 34 35 37 38 40 42 44 45 48 50 52 54 56 58 60 62 64 66 67 68 69 73 74 75 79 80 81 82 83 84 86 87 88 89 91 92 93 97 100 102 103 104 106 107 108 109 110 111 113 114 116 117 118 121 122 123 124 125 128 129 130 131 132 134 135 136 139 140 141 149 150 151 153 155 156 157 159 161 162 164 165 166 168 169 171 172 173 174 175 176 180 182 183 184 185 186 187 188 189 190 192 193 194 195 196 197 198 200 0

18
1 4 6 7 8 9 10 11 12 13 14 15 17 19 20 23 24 25 26 27 28 29 30 31 33 35 36 37 38 39 40 42 44 47 48 50 51 53 54 55 56 58 60 61 63 64 66 67 68 70 71 72 73 74 75 76 77 78 79 80 81 82 83 84 86 87 88 89 90 92 93 95 96 97 99 100 104 105 107 108 109 110 111 112 113 114 116 117 118 121 122 124 125 126 128 129 130 131 132 134 135 136 137 138 139 140 143 144 145 146 147 148 149 150 151 152 153 154 155 156 157 158 159 160 161 162 163 164 165 166 167 168 169 170 171 172 174 175 176 178 179 180 182 184 186 187 188 190 192 193 194 195 196 197 198 199 200 0

19
1 2 3 4 6 7 8 9 10 11 12 13 14 15 17 18 19 20 22 23 24 25 26 27 28 29 30 31 33 34 35 37 38 40 41 42 44 46 47 48 50 51 52 53 54 55 56 57 58 59 60 61 66 67 68 69 70 71 73 74 75 76 77 80 81 83 84 86 87 88 89 90 91 92 93 97 98 99 100 101 105 107 108 109 110 111 112 113 115 116 117 118 119 121 122 123 124 125 126 127 128 129 130 131 132 133 134 135 136 137 139 140 141 142 143 144 145 146 147 148 149 150 151 152 153 154 155 156 157 158 160 162 163 164 165 166 167 168 169 170 171 172 174 175 176 178 179 180 181 182 183 184 186 187 188 189 190 192 193 194 195 196 198 199 200 0

20
1 2 3 4 6 7 8 9 10 11 12 13 14 15 16 17 18 19 20 21 22 23 24 25 26 27 28 29 30 33 34 35 36 37 38 40 41 43 45 46 47 49 50 51 52 54 55 56 57 58 59 60 61 62 63 65 66 67 69 70 71 73 74 75 76 79 80 81 82 83 84 85 86 87 89 90 92 94 96 97 98 99 100 103 104 105 106 107 108 109 110 111 112 113 115 116 117 118 119 120 121 122 123 124 125 126 127 128 129 130 131 132 133 134 135 136 137 140 141 144 145 146 147 148 149 150 151 152 153 154 155 156 157 158 160 162 164 165 166 167 168 169 170 171 172 173 174 176 177 178 179 180 181 182 183 184 186 187 188 189 190 191 192 193 194 195 196 198 199 200 0

21
1 2 4 6 7 8 9 10 11 12 13 15 16 17 18 19 20 21 22 24 25 26 27 28 29 30 32 34 35 36 37 38 39 40 41 42 43 44 46 47 48 49 50 51 53 54 55 56 57 58 59 60 61 62 63 64 65 66 67 68 69 71 72 73 74 77 78 79 80 81 83 84 85 86 88 89 90 91 92 95 96 97 99 100 101 103 104 105 106 107 108 109 110 111 112 113 114 115 116 117 118 119 120 121 122 123 124 125 126 128 129 130 132 133 134 135 136 137 138 139 140 142 144 145 147 148 149 150 151 152 153 154 155 156 157 158 160 161 162 163 164 165 166 167 168 169 170 171 172 173 174 175 176 178 179 180 182 183 184 186 187 188 189 190 192 194 195 196 197 198 199 0

22
1 3 4 6 7 8 9 10 11 12 13 15 16 17 18 19 20 22 23 24 25 26 27 28 29 30 31 34 35 36 37 38 39 40 41 43 45 46 47 49 50 52 53 55 56 57 58 59 60 61 63 65 66 67 69 71 72 73 74 75 76 77 78 79 80 81 83 84 85 86 87 89 90 91 92 93 94 95 96 98 99 100 101 102 104 105 106 107 108 109 110 111 113 115 116 117 118 119 120 121 122 124 126 127 128 129 130 132 133 134 135 136 137 138 140 144 145 147 148 149 150 152 154 155 156 158 160 162 164 165 166 167 168 169 170 172 173 174 175 176 177 178 179 180 181 182 183 184 185 186 187 188 189 190 191 192 193 194 195 196 197 198 199 200 0

23
1 2 4 6 7 8 9 10 11 12 13 14 15 17 19 20 23 24 25 26 27 28 29 30 31 33 35 36 37 38 39 40 41 42 48 50 52 53 54 55 56 58 60 61 63 64 65 68 69 70 71 72 73 74 75 76 77 78 79 80 81 83 84 86 88 89 90 91 92 93 95 96 97 98 99 100 103 105 106 107 108 109 110 111 112 113 116 117 118 121 122 123 124 125 126 128 129 130 132 134 135 136 137 138 139 140 141 143 144 145 146 147 148 149 150 151 152 153 154 155 156 157 158 160 161 162 163 164 165 166 168 169 170 171 173 174 176 178 180 182 184 186 187 190 191 193 194 195 196 198 199 200 0

24
1 2 3 4 6 7 8 9 10 12 13 14 15 16 17 18 19 20 23 24 25 26 27 28 29 30 31 32 33 34 35 36 37 38 39 40 41 42 43 44 46 47 48 49 50 52 53 54 57 58 59 60 63 64 65 66 67 70 71 73 74 75 76 79 80 81 82 83 84 85 86 87 89 90 92 93 94 97 98 99 100 104 106 107 108 110 111 113 114 115 116 117 118 120 122 123 124 125 128 129 130 132 134 135 136 137 140 142 144 145 146 147 148 149 150 151 152 153 155 156 157 158 159 160 161 162 163 164 165 166 167 168 169 171 172 173 174 175 176 177 178 180 182 183 184 185 186 187 188 189 190 192 193 194 195 196 197 198 199 0

25
1 2 3 4 6 7 8 9 10 12 13 14 15 16 17 18 19 20 23 24 25 26 27 28 29 30 32 33 34 35 37 38 40 41 42 43 44 47 48 50 52 53 54 56 58 59 60 63 64 66 67 71 73 74 75 76 77 79 80 81 83 84 85 86 89 90 91 92 93 100 106 107 108 109 110 111 112 113 114 115 116 117 118 120 121 122 124 125 126 128 129 130 132 134 135 136 137 140 143 144 147 148 149 150 151 152 153 155 156 157 159 160 161 162 163 164 165 166 167 168 169 171 172 173 174 175 176 182 183 184 186 187 188 190 192 193 194 196 197 198 199 200 0

26
1 2 3 4 5 6 7 8 9 10 11 12 13 14 15 16 17 18 19 20 23 24 25 26 27 28 29 30 31 32 33 34 35 36 37 38 39 40 41 42 43 44 45 46 47 48 49 50 52 54 55 56 57 58 60 63 64 65 66 67 68 69 70 73 74 75 78 79 80 81 82 83 84 85 86 87 88 89 90 92 93 94 97 98 99 100 104 106 107 108 109 110 111 112 113 115 116 117 118 119 120 121 122 123 124 125 127 128 129 130 132 134 135 136 137 139 140 141 142 143 144 146 147 148 149 150 151 152 153 154 155 156 157 158 159 160 162 164 165 166 167 168 169 171 172 173 174 175 176 177 178 179 180 181 182 183 184 186 187 189 190 192 193 194 195 196 197 198 199 200 0

27
1 2 4 6 7 8 9 12 13 15 16 17 18 19 20 23 25 26 27 28 29 30 36 37 38 39 40 41 42 43 46 47 48 50 52 53 54 55 58 59 61 64 66 69 70 72 73 74 77 78 79 80 81 83 84 85 86 87 88 89 90 92 94 95 96 98 99 100 104 106 107 108 109 110 111 112 113 115 116 117 118 120 121 122 123 124 125 126 127 129 130 132 133 134 135 136 138 139 140 142 143 144 147 148 149 151 152 153 154 155 156 157 158 159 160 162 163 164 165 166 167 168 169 170 171 172 173 174 175 176 177 178 179 180 182 183 184 186 187 188 190 192 193 194 195 196 197 198 199 200 0

28
1 2 3 4 6 7 8 9 10 11 12 13 14 15 16 17 18 19 20 22 25 26 27 28 29 30 31 33 34 36 37 38 40 41 42 43 45 46 47 48 49 50 51 52 53 54 55 56 57 58 60 61 63 64 65 66 67 68 69 70 71 73 74 75 76 80 81 82 83 84 85 86 87 89 90 92 93 94 96 97 98 99 100 101 102 103 104 105 106 107 108 109 110 111 112 113 114 115 116 117 118 119 120 121 122 123 124 125 127 128 129 130 131 132 133 134 135 136 137 140 141 142 143 144 147 148 149 150 151 152 153 154 155 156 157 158 160 162 164 165 166 167 168 169 170 171 172 173 174 175 176 177 178 179 180 181 182 183 184 186 187 189 190 191 192 193 194 195 196 197 198 199 200 0

29
1 2 3 4 6 7 8 9 10 11 12 13 14 15 16 17 18 19 20 21 22 23 24 25 27 28 29 30 31 32 33 35 36 37 38 39 40 41 43 44 46 47 48 49 50 51 52 53 54 55 56 57 58 59 60 61 63 65 66 67 69 73 74 75 76 77 80 81 82 83 84 86 87 89 90 92 93 94 95 96 97 98 99 100 101 102 103 104 106 107 108 109 110 111 113 114 115 116 117 118 119 121 122 123 124 125 127 128 129 130 132 133 134 135 136 137 138 140 141 142 143 144 145 146 147 148 149 150 151 152 153 154 155 156 157 158 159 160 161 162 164 165 166 167 168 169 170 171 172 173 174 175 176 177 178 179 180 182 183 184 185 186 187 188 189 192 193 194 195 196 197 200 0

30
1 2 3 4 5 6 7 8 9 11 12 14 15 16 17 18 19 20 23 24 25 26 27 28 29 30 31 32 33 34 36 37 38 40 41 42 43 44 45 46 47 48 49 50 52 54 56 57 58 60 62 64 65 66 67 68 69 71 73 74 75 77 79 80 81 82 83 84 85 86 89 90 91 92 93 94 97 98 99 100 101 102 103 104 106 107 108 109 110 111 112 113 114 115 116 117 118 120 122 123 124 125 128 129 130 132 134 135 136 140 141 142 147 149 150 151 153 155 156 157 158 159 160 161 162 163 164 165 166 168 169 171 172 173 174 175 176 177 180 182 183 185 186 187 188 189 190 191 192 193 194 195 196 197 198 199 200 0

31
1 2 3 4 6 7 8 9 11 12 13 14 15 17 18 19 20 22 23 24 25 26 27 28 29 30 31 33 34 35 37 38 39 40 41 42 47 48 50 51 52 53 54 55 56 57 58 59 60 61 64 66 68 69 70 71 72 73 74 75 76 77 78 79 80 81 83 84 86 87 88 89 90 91 92 93 95 96 97 98 99 100 101 105 106 107 108 109 111 112 113 115 116 117 118 119 120 121 122 123 124 125 126 127 129 130 131 132 133 134 135 136 138 139 140 141 142 143 144 145 147 148 149 151 152 153 154 155 156 157 158 160 161 162 163 164 165 166 168 169 170 171 172 174 176 178 179 180 181 182 183 184 186 187 188 189 190 191 192 193 194 195 196 198 199 200 0

32
1 2 3 4 5 6 7 8 9 10 11 12 13 14 15 16 17 18 19 20 21 22 23 24 25 26 27 28 29 30 31 33 34 36 37 38 39 40 41 45 46 47 48 49 50 52 53 54 55 56 57 58 59 60 61 62 63 65 66 67 68 69 70 71 72 73 74 75 76 77 78 79 80 81 83 84 85 86 87 88 89 90 92 96 97 98 99 100 103 104 105 106 107 108 109 110 111 112 113 115 116 117 118 119 120 121 122 123 124 125 128 129 130 131 132 133 134 135 136 137 138 139 140 141 144 146 147 148 149 150 151 153 154 155 156 157 158 160 161 162 163 164 165 166 167 168 169 170 171 172 174 176 178 179 180 181 182 183 184 186 187 188 189 190 191 192 193 194 195 196 198 199 200 0

33
1 2 4 6 7 8 9 10 11 12 13 14 15 16 17 18 19 20 23 24 25 26 27 28 29 30 31 33 34 35 37 38 40 41 42 47 48 50 51 52 54 55 56 58 59 60 61 63 64 66 68 69 70 71 73 74 75 76 77 79 80 81 83 84 86 87 88 89 90 91 92 93 97 98 99 100 101 102 105 107 108 109 110 111 112 113 115 116 117 118 119 120 121 122 123 124 125 126 127 128 129 130 131 132 133 134 135 136 137 139 140 141 142 143 144 145 146 147 148 149 150 151 152 153 154 155 156 157 158 160 161 162 163 164 165 166 167 168 169 170 171 172 174 176 178 179 180 181 182 183 184 185 186 187 188 189 190 192 193 194 195 196 198 199 200 0

34
1 2 3 5 6 7 8 9 10 11 12 13 14 16 17 18 19 20 21 22 24 25 26 27 28 29 30 31 33 34 35 36 37 38 40 41 44 45 46 47 48 49 50 52 53 54 55 56 57 58 59 60 61 62 63 65 66 67 68 69 70 71 72 73 74 75 76 78 79 80 81 83 84 86 87 88 89 90 91 92 95 96 97 98 100 103 104 105 106 107 108 109 110 111 112 113 115 116 117 118 119 121 122 123 124 125 127 128 129 130 131 132 133 134 135 136 137 138 140 141 142 144 146 147 148 149 150 151 153 154 155 156 157 158 160 162 164 165 166 167 168 169 170 171 172 174 176 178 179 180 181 182 183 184 186 187 188 189 190 191 192 193 194 195 196 198 199 200 0

35
1 2 3 4 5 6 7 8 9 10 11 12 13 14 15 16 17 18 19 20 23 25 26 27 28 29 30 31 32 33 36 37 38 40 41 42 43 44 46 47 48 50 51 52 53 54 55 56 58 59 60 61 62 63 64 65 66 68 70 71 72 73 74 76 77 79 80 81 82 83 84 85 86 87 88 89 90 91 92 96 97 98 99 100 101 103 104 105 107 108 109 110 111 112 113 114 115 116 117 118 120 121 122 123 124 125 126 127 129 130 131 132 134 135 136 140 142 143 144 145 146 147 148 149 152 154 155 156 157 160 163 164 165 166 167 169 170 171 172 173 174 175 176 177 178 180 182 183 184 186 187 188 190 191 193 194 195 196 197 198 199 200 0

36
1 2 4 6 7 8 9 11 12 13 14 15 17 18 19 20 23 24 25 26 27 28 29 30 31 32 33 37 38 39 40 41 42 45 46 47 48 49 50 53 54 56 58 59 60 61 64 66 67 68 71 72 73 74 75 76 77 78 79 80 81 83 84 86 87 88 89 90 91 92 93 95 96 97 98 99 100 104 105 106 107 108 109 111 112 113 114 115 116 117 118 121 122 124 125 126 128 129 130 132 135 136 138 139 140 142 144 145 147 148 149 151 153 154 155 156 157 160 162 164 165 166 167 168 169 170 171 172 173 174 176 178 179 180 182 183 184 186 187 188 189 192 193 194 195 196 198 199 200 0

37
1 2 3 4 6 7 8 9 11 12 13 14 15 16 17 19 20 23 24 25 27 28 29 30 32 34 35 37 38 39 40 41 43 44 45 46 47 48 49 50 51 52 54 55 56 57 58 59 60 61 66 67 69 70 71 72 73 74 75 77 79 80 81 83 84 86 88 89 90 91 92 93 94 96 97 98 99 100 101 104 106 107 108 109 111 113 114 115 116 117 118 119 121 122 123 124 125 126 127 128 129 130 132 133 134 135 136 138 139 140 141 142 144 145 146 147 148 149 150 152 153 154 155 156 157 158 159 160 162 163 164 165 166 167 168 169 170 171 172 173 174 175 176 177 178 179 180 182 183 184 186 187 188 189 190 192 193 194 195 196 197 198 199 0

38
1 3 4 6 7 8 9 10 11 12 13 14 15 16 17 19 20 21 22 23 24 25 27 28 29 30 31 32 33 34 35 37 38 40 41 44 46 48 49 50 51 52 54 55 56 57 58 59 60 61 66 67 70 71 73 74 75 76 77 80 81 82 83 84 86 87 89 91 92 93 95 97 98 99 101 103 104 107 108 109 110 111 113 114 115 116 117 118 121 122 123 124 125 126 128 129 130 132 133 134 135 136 137 139 140 141 142 144 145 146 147 148 149 150 151 152 153 154 155 156 157 158 159 160 161 162 163 164 165 166 167 168 169 171 172 173 174 175 176 177 178 179 180 182 183 184 185 186 187 188 190 192 193 194 195 196 197 198 199 200 0

39
1 2 3 4 6 7 8 9 10 11 12 13 14 15 16 17 18 19 20 22 25 26 27 28 29 30 33 34 36 37 38 39 40 41 42 43 44 45 47 48 50 51 52 53 54 55 56 58 59 60 61 62 63 64 66 67 69 70 71 73 74 75 77 78 79 80 81 82 83 84 85 86 87 88 89 90 92 96 97 98 99 100 101 102 104 106 107 108 109 110 111 112 113 115 116 117 118 120 121 122 123 124 125 126 127 128 129 130 131 132 133 134 135 136 137 138 139 140 141 143 144 145 147 148 149 150 151 152 153 154 155 156 157 158 159 160 162 163 164 165 166 167 168 169 170 171 172 173 174 175 176 178 180 181 182 183 184 185 186 187 190 192 193 194 195 196 197 198 199 200 0

40
1 2 3 4 5 6 7 8 9 11 12 13 14 15 16 17 18 19 20 23 24 25 26 27 28 29 30 31 32 33 34 35 36 37 38 39 40 41 42 43 44 45 46 47 48 49 50 51 53 54 56 57 58 59 60 61 64 65 66 67 68 69 70 71 72 73 74 75 77 78 79 80 81 83 84 85 86 87 89 90 91 92 93 94 95 97 98 100 101 103 104 106 107 108 109 111 112 113 115 116 117 118 119 120 121 122 123 124 125 128 129 130 132 134 135 136 138 139 140 141 142 144 147 148 149 151 153 154 155 156 157 158 160 162 164 165 166 167 168 169 170 171 172 173 174 175 176 177 178 179 180 181 182 183 184 186 187 189 190 192 193 194 195 196 197 198 199 200 0

41
1 2 3 4 6 7 8 9 10 11 12 13 14 15 16 17 18 19 20 21 22 23 24 25 26 27 28 29 30 32 33 34 35 37 38 40 41 42 43 44 46 47 48 50 52 54 55 56 58 60 62 63 64 66 67 70 71 73 74 75 76 77 78 79 80 81 83 84 85 86 87 89 90 91 92 93 96 97 98 100 102 103 104 106 107 108 109 110 111 112 113 114 115 116 117 118 120 121 122 123 124 125 127 128 129 130 132 134 135 136 137 140 141 142 143 144 146 147 148 149 150 151 152 153 154 155 156 157 158 159 160 161 162 163 164 165 166 167 168 169 171 172 173 174 175 176 177 178 180 182 183 184 186 187 188 191 192 193 194 195 196 197 198 199 0

42
1 2 3 4 6 7 8 9 11 12 13 14 15 16 17 18 19 20 22 23 24 25 26 27 28 29 30 31 33 34 35 36 37 38 40 41 42 43 45 47 48 50 52 53 54 55 56 57 58 59 60 61 64 65 66 68 69 70 71 73 74 75 76 77 79 80 81 83 84 85 86 89 90 91 92 93 94 96 97 98 100 102 104 105 106 107 108 109 110 111 112 113 114 115 116 117 118 119 120 121 122 123 124 125 126 127 128 129 130 131 132 133 134 135 136 140 141 143 144 145 147 148 149 150 151 152 153 154 155 156 157 158 160 162 163 164 165 166 167 168 169 170 171 172 173 174 176 177 178 179 180 181 182 183 184 185 186 187 189 190 191 192 193 194 195 196 197 198 199 200 0

43
1 2 4 6 7 8 9 12 13 15 16 17 18 19 20 22 23 24 25 26 27 28 29 30 31 32 33 34 36 37 38 40 41 42 43 44 46 47 48 49 50 51 54 55 57 58 60 64 65 66 67 68 69 70 73 74 75 76 79 80 81 82 83 84 85 86 88 89 90 91 92 93 94 96 97 98 99 100 101 102 104 106 107 108 109 111 112 113 114 115 116 117 118 119 120 121 122 123 124 125 126 128 129 130 132 133 134 135 136 137 140 141 142 144 146 147 148 149 150 151 152 153 154 155 156 157 158 159 160 161 162 163 164 165 166 167 168 169 171 172 174 175 176 177 178 179 182 183 184 186 187 188 189 190 191 192 193 194 196 197 199 200 0

44
1 2 4 6 7 8 9 11 12 13 15 16 17 18 19 20 23 25 26 27 28 29 30 31 33 34 37 38 39 40 41 42 43 44 45 46 47 48 49 50 54 55 56 58 60 64 66 67 70 71 73 74 75 76 78 79 80 81 82 83 84 85 87 88 89 90 91 92 93 95 96 97 98 99 100 104 106 107 108 109 111 112 113 114 115 116 117 118 120 121 122 123 124 125 126 127 128 129 130 132 135 136 139 140 142 143 144 147 148 149 150 151 152 153 154 155 156 157 158 160 161 162 163 164 165 166 167 168 169 171 172 173 174 175 176 177 178 179 180 181 182 183 184 186 187 190 192 193 194 195 196 197 198 199 0

45
1 2 4 5 6 7 8 9 10 11 12 13 14 15 16 17 18 19 20 23 24 25 26 27 28 29 30 31 32 33 34 35 37 38 39 40 41 42 43 44 45 46 47 48 50 52 53 54 55 56 58 59 60 61 64 66 67 68 70 71 72 73 74 75 78 79 80 81 83 84 85 86 87 88 89 90 92 93 95 97 98 99 100 104 106 107 108 109 110 111 112 113 115 116 117 118 120 121 122 123 124 125 126 127 128 129 130 132 134 135 136 137 138 139 140 141 142 143 144 146 147 148 149 150 151 152 153 154 155 156 157 158 160 162 164 165 166 167 168 169 170 171 172 173 174 175 176 178 179 180 181 182 183 184 186 187 188 190 192 193 194 195 196 197 198 199 200 0

46
1 3 4 6 7 8 9 12 13 14 15 16 17 18 19 20 21 22 23 24 25 26 27 28 29 30 31 32 33 34 35 36 37 38 39 40 41 42 44 45 47 48 49 50 52 53 54 55 56 57 58 59 60 61 64 65 66 67 69 71 72 73 74 75 76 77 78 79 80 81 82 83 84 86 87 88 89 90 91 92 93 95 97 98 99 101 103 105 106 107 108 109 111 113 114 115 116 117 118 119 121 122 123 124 125 126 127 128 129 130 131 132 133 135 136 137 138 139 140 141 143 144 145 146 147 148 149 150 151 153 154 155 156 157 158 159 160 161 162 163 164 165 166 167 168 169 170 171 172 173 174 175 176 177 178 179 180 181 182 183 184 186 187 188 189 190 192 193 194 195 196 197 198 199 200 0

47
1 3 5 6 7 8 9 10 11 13 14 15 17 19 21 22 23 24 25 26 27 28 29 30 31 32 33 34 35 36 37 38 39 40 42 43 44 45 46 47 48 49 50 51 53 54 56 57 58 59 60 61 62 63 64 65 66 67 68 71 74 75 76 77 79 80 81 82 83 84 85 86 87 88 89 91 92 93 95 96 97 98 99 102 103 105 106 107 108 109 110 111 113 114 115 116 117 118 119 120 121 122 123 124 125 128 129 130 131 132 133 134 135 136 137 138 139 140 141 142 143 144 145 147 148 149 150 152 153 154 155 156 157 158 159 160 161 162 163 164 165 167 168 170 171 172 173 174 175 176 178 179 180 182 183 184 186 187 189 190 191 192 194 195 196 197 198 199 200 0

48
1 3 4 5 6 7 8 9 11 12 13 14 15 17 19 20 22 23 24 25 27 28 29 30 31 32 33 34 36 37 38 40 41 44 46 48 49 50 51 52 54 55 56 57 58 59 60 61 65 66 67 68 69 70 71 73 74 75 76 77 79 80 81 82 83 84 86 87 89 90 91 92 93 94 97 98 99 100 101 102 104 105 106 107 108 109 111 113 114 115 116 117 118 119 121 122 123 124 125 126 128 129 130 132 133 134 135 136 140 142 144 146 147 148 149 150 151 152 153 154 155 156 157 158 159 160 161 162 164 165 166 167 168 169 171 172 173 174 175 176 178 179 180 182 183 184 185 186 187 188 189 190 191 192 193 194 195 196 197 198 199 200 0

49
1 3 5 6 7 8 9 10 11 13 14 16 17 18 20 21 22 25 26 27 28 29 30 31 32 33 34 35 36 37 38 39 41 42 44 46 47 48 49 50 51 52 53 54 56 57 59 60 61 62 63 64 65 66 67 69 71 72 74 75 76 77 78 79 80 81 82 83 84 86 88 89 91 92 94 95 96 97 98 99 101 102 103 105 106 107 108 109 110 111 112 113 114 115 116 117 118 119 121 122 123 124 125 128 129 130 131 132 133 134 135 136 137 138 139 140 141 142 143 144 145 146 147 148 149 150 153 154 155 156 157 158 159 160 161 162 163 164 165 166 167 168 170 171 172 173 174 175 176 177 178 179 180 182 183 184 185 186 187 188 189 190 191 192 194 195 196 197 198 199 200 0

50
1 2 3 4 6 7 8 9 10 11 12 13 14 15 16 17 18 19 20 22 23 24 25 26 27 28 29 30 31 33 34 36 37 38 39 40 41 42 43 45 46 47 48 49 50 52 53 54 55 56 57 58 59 60 61 63 65 66 67 68 69 70 71 72 73 74 75 76 80 81 83 84 85 86 87 89 90 92 93 94 96 97 98 100 104 105 106 107 108 109 110 111 112 113 115 116 117 118 119 120 121 122 123 124 125 127 129 130 131 132 133 134 135 136 137 139 140 141 144 145 147 148 149 150 151 153 154 155 156 157 158 160 162 164 165 166 167 168 169 170 171 172 174 176 177 178 179 180 181 182 183 184 186 187 188 189 190 191 192 193 194 195 196 198 199 200 0

51
1 3 4 5 6 7 8 9 10 11 12 13 14 15 16 17 18 19 20 22 23 25 26 27 28 29 30 31 32 33 34 36 37 38 39 40 41 42 44 45 47 48 49 50 53 54 55 56 57 58 59 60 61 63 64 65 66 67 68 69 71 73 74 75 76 77 79 80 81 82 83 84 86 87 89 90 92 93 95 96 97 98 99 101 104 105 106 107 108 109 110 111 113 114 115 116 117 118 119 121 122 123 124 125 126 128 129 130 131 132 133 134 135 136 137 140 142 143 144 145 147 148 149 150 151 152 153 154 155 156 157 158 159 160 161 162 163 164 165 166 167 168 169 170 171 172 173 174 175 176 178 179 180 181 182 183 184 185 186 187 188 189 190 191 192 193 194 196 197 198 199 200 0

52
1 2 3 4 6 7 8 9 12 13 14 15 16 17 18 19 20 22 23 24 25 26 27 28 29 30 31 33 34 35 36 37 38 40 41 42 43 45 47 48 49 50 52 53 54 55 57 58 59 60 61 65 66 67 68 69 70 71 72 73 74 75 76 77 80 81 83 84 85 86 87 89 90 91 92 97 98 100 102 105 107 108 109 110 111 112 113 115 116 117 118 119 120 121 122 123 124 125 126 127 128 129 130 131 132 133 134 135 136 137 139 140 143 144 145 147 148 149 151 153 154 155 156 157 158 160 162 163 164 165 166 167 168 169 170 171 172 174 175 176 177 178 179 180 181 183 184 186 187 188 189 190 192 193 194 195 196 198 199 200 0

53
1 2 3 4 6 7 8 9 12 13 15 17 18 19 20 23 24 25 26 27 28 29 30 35 37 38 40 41 42 43 44 46 47 48 50 54 55 58 60 63 64 66 67 70 73 74 75 77 78 79 80 81 83 84 86 89 90 91 92 93 98 100 104 106 107 108 109 112 113 115 116 117 118 120 121 122 123 124 126 127 128 129 130 132 134 135 136 137 140 142 143 144 146 147 148 149 150 151 152 153 154 155 156 157 158 160 162 164 166 167 168 169 171 172 173 174 175 176 177 178 180 182 183 184 186 187 190 192 193 194 195 196 197 198 199 0

54
1 2 3 4 6 7 8 9 10 11 12 13 14 15 17 18 19 20 23 25 26 27 28 29 30 31 32 33 34 35 37 38 40 41 42 43 44 46 48 50 52 54 56 58 60 63 64 66 67 68 71 73 74 75 78 79 80 81 82 83 84 85 86 89 90 91 92 93 97 104 107 108 109 110 111 112 113 114 116 117 118 121 122 123 124 125 126 128 129 130 132 134 135 136 137 140 142 147 148 149 151 153 155 156 157 158 159 160 161 162 163 164 165 166 167 168 169 170 171 172 173 174 175 176 178 180 182 183 185 186 187 188 190 192 193 194 195 196 197 198 199 0

55
1 2 3 4 5 6 7 8 9 12 13 14 15 17 18 19 20 22 23 24 25 26 27 28 29 30 31 32 33 34 35 36 37 38 39 40 42 44 45 46 47 48 49 50 52 53 54 58 59 60 61 64 66 67 68 71 72 73 74 75 76 77 78 79 80 81 82 83 84 86 87 88 89 90 92 93 95 96 97 98 99 100 101 102 104 105 107 108 109 110 111 112 113 114 115 116 117 118 122 123 124 125 126 129 130 131 132 133 134 135 136 138 139 140 142 144 145 147 148 149 151 152 153 155 156 157 158 159 160 161 162 163 164 165 166 168 169 170 171 172 173 174 175 176 178 179 180 182 185 186 187 188 189 191 192 193 194 195 196 197 198 199 200 0

57
1 2 3 4 5 6 7 8 9 10 11 12 13 14 15 16 17 18 20 21 22 23 24 25 26 27 28 29 30 32 33 35 36 37 38 40 41 42 43 44 46 47 48 50 52 54 56 58 59 60 61 63 64 66 67 69 71 72 73 74 75 76 77 78 79 80 81 83 84 86 87 88 89 90 91 92 95 97 98 102 103 106 107 108 109 110 111 112 113 114 115 116 117 118 121 122 123 124 125 126 128 129 130 132 133 134 135 136 137 138 139 140 141 142 144 145 146 147 148 149 150 151 153 154 155 156 157 158 159 160 161 162 163 164 165 166 167 168 169 170 171 172 173 174 175 176 177 178 179 180 182 183 184 186 187 188 190 191 192 193 194 195 196 197 198 199 200 0

58
1 2 4 6 7 8 9 11 12 13 14 15 17 18 19 20 22 23 24 25 26 27 28 29 30 32 33 34 35 37 38 39 40 41 42 43 44 46 47 48 50 52 53 54 55 56 58 59 60 61 64 66 67 68 70 71 72 73 74 75 78 79 80 81 83 84 85 86 88 89 90 92 93 95 97 98 99 100 104 106 107 108 109 111 112 113 114 116 117 118 120 121 122 123 124 125 126 128 129 130 132 134 135 136 138 139 140 142 143 144 147 148 149 150 151 152 153 154 155 156 157 158 160 162 163 164 165 166 168 169 170 171 172 173 174 175 176 178 179 180 182 183 184 186 187 190 192 193 194 195 196 197 198 199 200 0

59
1 2 4 6 7 8 9 10 12 13 14 15 17 19 20 22 23 24 25 26 27 28 29 30 31 32 33 34 35 37 38 39 40 41 44 46 48 49 50 52 53 54 55 57 58 59 60 61 63 64 66 67 69 70 71 72 73 74 75 76 77 79 80 81 82 83 84 86 87 89 90 92 93 95 96 97 98 99 100 102 104 105 107 108 109 110 111 113 114 115 116 117 118 119 121 122 123 124 125 126 128 129 130 132 133 134 135 136 137 140 144 145 146 147 148 149 150 152 153 154 155 156 157 158 159 160 161 162 163 164 165 166 167 168 169 170 171 172 173 174 175 176 178 179 180 182 183 184 185 186 187 188 189 190 192 193 194 195 196 197 198 199 0

60
1 2 3 4 6 7 8 9 11 12 13 14 15 16 17 18 19 20 22 23 25 26 27 28 29 30 33 34 36 37 38 39 40 41 42 43 45 46 47 49 50 52 53 54 55 56 57 58 59 60 61 64 65 66 67 69 70 71 73 74 75 76 80 81 83 84 85 86 87 89 90 92 94 96 97 98 99 100 104 105 106 107 108 109 111 112 113 115 116 117 118 119 120 121 122 123 124 125 127 129 130 131 132 133 134 135 136 139 140 143 144 145 147 148 149 151 153 154 155 156 157 158 160 162 164 165 166 167 168 169 170 171 172 174 176 177 178 179 180 181 182 183 184 186 187 188 189 190 192 193 194 196 198 199 200 0

61
1 2 4 5 6 7 8 9 11 12 13 15 17 18 19 20 23 24 25 26 27 29 30 34 35 36 37 38 39 40 41 42 43 45 46 47 48 49 50 53 54 55 56 57 58 59 60 61 62 63 64 66 67 68 69 70 71 72 73 74 77 78 79 80 81 83 84 86 87 88 89 90 91 92 93 95 98 99 100 102 103 104 106 107 108 109 110 111 112 113 115 116 117 118 119 120 121 122 124 126 128 129 130 132 134 135 136 137 138 139 142 143 144 145 147 148 149 150 151 153 154 155 156 157 158 160 162 164 165 166 167 168 169 170 171 172 173 174 176 178 179 180 181 182 183 184 185 186 187 188 189 190 191 192 193 194 196 198 199 200 0

62
1 2 4 5 6 7 8 9 10 11 12 13 14 15 16 17 18 19 20 23 24 25 26 27 28 29 30 31 33 34 35 37 38 39 40 41 42 44 46 47 48 50 52 53 54 55 56 58 59 60 61 63 64 66 67 68 70 71 72 73 74 75 78 79 80 81 82 83 84 85 86 87 88 89 90 92 93 95 97 98 99 100 104 106 107 108 109 110 111 112 113 116 117 118 120 121 122 123 124 126 127 128 129 130 132 134 135 136 137 138 139 140 141 142 143 144 146 147 148 149 150 151 152 153 154 155 156 157 158 160 162 164 165 166 168 169 170 171 172 173 174 175 176 177 178 179 180 182 183 184 186 187 190 192 193 194 195 196 197 198 199 200 0

63
1 2 3 4 5 6 7 8 9 10 11 12 13 14 15 16 17 18 19 20 21 22 23 24 25 26 27 28 29 30 31 33 34 36 37 38 39 40 41 42 45 46 47 48 49 50 52 54 55 56 57 58 59 60 61 62 63 64 65 66 67 68 69 70 71 72 73 74 75 76 78 79 80 81 83 84 85 86 87 88 89 90 92 93 94 95 96 97 98 99 100 103 104 105 106 107 108 109 110 111 112 113 115 116 117 118 119 120 121 122 123 124 125 127 128 129 130 131 132 133 134 135 136 137 138 139 140 141 143 144 146 147 148 149 150 151 153 154 155 156 157 158 160 161 162 163 164 165 166 167 168 169 171 172 173 174 176 177 178 179 180 181 182 183 184 186 187 188 189 190 191 192 193 194 196 198 199 200 0

64
1 2 3 4 5 6 7 8 9 11 12 13 15 17 19 20 21 22 23 25 26 27 28 29 30 32 34 35 36 37 38 39 40 44 46 48 49 50 51 52 53 54 56 58 60 61 62 63 65 66 67 68 69 70 71 72 73 74 75 78 79 80 81 83 84 86 88 89 91 92 93 95 96 99 100 101 102 103 104 105 106 107 108 109 111 112 113 114 115 116 117 118 121 122 123 124 125 126 128 129 130 131 132 134 135 136 137 138 139 140 141 142 144 147 148 149 150 151 152 153 154 155 156 157 158 159 160 162 164 165 166 167 168 169 171 172 173 174 175 176 179 182 183 184 185 186 187 188 190 191 192 194 195 196 197 198 199 0

65
1 2 3 4 6 7 8 9 11 12 13 15 16 17 18 19 20 23 25 26 27 28 29 30 32 34 35 36 37 38 41 42 43 44 45 46 47 48 49 50 52 53 54 56 57 58 60 64 65 66 67 69 70 71 73 74 75 76 79 80 81 83 84 85 86 87 90 91 92 93 94 96 97 98 100 101 104 106 107 108 109 111 113 114 115 116 117 118 120 122 123 124 125 127 129 130 131 132 134 135 136 140 142 143 147 148 149 150 153 154 155 156 157 160 162 164 165 166 167 168 169 171 172 174 175 176 177 178 180 182 183 185 186 187 188 189 192 193 194 195 196 197 198 199 200 0

66
1 3 4 5 6 7 8 9 11 12 13 14 15 17 18 19 22 23 24 25 27 28 29 30 31 32 33 34 35 36 37 38 39 40 41 42 44 48 49 50 52 53 54 55 56 57 58 59 60 61 62 63 64 65 66 67 68 69 71 73 74 75 76 77 78 80 81 82 83 84 86 87 89 90 92 93 95 97 98 99 102 105 106 107 108 109 110 111 112 113 114 115 116 117 118 119 121 122 123 124 125 126 128 129 130 131 132 133 134 135 136 137 140 141 142 143 144 145 147 148 149 152 153 154 155 156 157 158 159 160 161 162 163 164 165 166 167 168 169 170 171 172 173 174 175 176 178 179 180 182 183 184 185 186 187 188 189 190 191 192 193 194 195 196 197 198 199 200 0

67
1 2 3 4 6 7 8 9 10 12 14 15 16 17 18 19 20 23 25 26 27 28 29 30 31 32 33 34 35 36 37 38 40 41 42 43 44 45 46 47 48 49 50 51 52 54 56 57 58 60 63 64 65 66 67 68 69 70 71 73 74 75 77 79 80 81 82 83 84 85 86 89 90 91 92 93 94 97 98 99 100 101 102 104 107 108 110 111 112 113 114 115 116 117 118 120 122 123 124 125 126 128 129 130 132 134 135 136 137 140 142 147 149 150 151 153 155 156 157 158 159 160 161 162 163 164 165 166 167 168 169 171 172 173 174 175 176 177 180 182 183 184 185 186 187 188 189 190 192 193 194 195 196 197 198 199 0

68
1 3 4 6 7 8 9 10 11 12 13 14 15 16 17 18 19 20 22 23 25 26 27 28 29 30 31 32 33 34 35 36 37 38 39 40 41 42 44 48 49 50 51 52 53 54 55 56 57 58 59 60 61 65 66 67 69 71 72 73 74 75 76 77 78 79 80 81 82 83 84 85 86 88 89 91 92 94 95 96 97 98 99 101 104 106 107 108 109 111 112 113 114 115 116 117 118 119 120 121 122 123 124 125 128 129 130 132 133 134 135 136 137 138 139 140 141 143 144 145 147 148 149 150 153 154 155 156 157 158 159 160 161 162 163 164 165 166 167 168 169 170 171 172 173 174 175 176 177 178 179 180 182 183 184 185 186 187 188 189 190 191 192 193 194 195 196 197 198 200 0

69
1 2 3 4 6 7 8 9 11 12 13 15 16 17 18 19 20 23 25 26 27 28 29 30 32 34 35 36 37 38 41 42 43 44 45 46 47 48 49 50 51 52 53 54 56 57 58 60 64 65 66 67 69 70 71 73 74 76 79 80 81 83 84 85 86 87 90 91 92 93 94 96 97 98 100 101 104 106 107 108 111 113 114 115 116 117 118 120 122 123 124 125 126 127 129 130 131 132 134 135 136 140 142 143 147 148 149 150 152 153 154 155 156 157 158 160 162 164 165 166 167 168 169 171 172 174 175 176 177 178 180 182 183 186 187 188 189 190 192 193 194 195 196 197 198 199 200 0

70
1 2 4 6 7 8 9 10 11 12 13 14 15 16 17 18 19 20 23 24 25 26 27 28 29 30 31 32 34 35 37 38 39 40 41 42 43 44 46 47 48 50 52 53 54 55 56 58 59 60 61 63 64 66 67 68 70 71 72 73 74 75 78 79 80 81 83 84 85 86 88 89 90 92 93 95 97 98 99 100 104 106 107 108 109 110 111 112 113 114 115 116 117 118 120 121 122 123 124 125 126 127 128 129 130 132 134 135 136 137 138 139 140 141 142 143 144 146 147 148 149 150 151 152 153 154 155 156 157 158 160 162 164 165 166 168 169 170 171 172 173 174 175 176 177 178 179 180 182 184 186 187 188 192 193 194 195 196 197 198 199 200 0

71
1 3 4 5 6 7 8 9 10 11 13 14 15 17 18 19 20 23 24 25 26 27 28 29 30 31 32 33 34 35 37 38 40 41 42 44 48 50 52 54 56 58 60 62 63 64 66 67 68 71 73 74 75 76 79 81 82 83 84 86 87 88 89 91 92 93 96 97 102 107 108 109 110 111 113 114 116 117 118 121 122 123 124 125 126 128 129 130 132 134 135 136 137 140 149 151 153 155 156 157 158 159 160 161 162 163 164 165 166 167 168 169 171 172 173 174 175 176 180 182 183 185 186 187 188 189 190 192 193 194 195 196 197 198 200 0

72
1 2 3 4 5 6 7 8 9 10 11 12 13 14 15 16 17 18 19 20 23 24 25 26 27 28 29 30 31 32 33 34 35 36 37 38 39 40 41 42 43 44 45 46 47 48 49 50 52 53 54 55 56 57 58 59 60 63 64 65 66 67 68 69 70 71 72 73 74 75 78 79 80 81 82 83 84 85 86 87 88 89 90 92 93 94 95 97 98 99 100 104 106 107 108 109 110 111 112 113 115 116 117 118 119 120 121 122 123 124 125 127 128 129 130 132 134 135 136 137 138 139 140 141 142 143 144 146 147 148 149 150 151 152 153 154 155 156 157 158 160 162 164 165 166 168 169 170 171 172 173 174 175 176 177 178 179 180 181 182 183 184 186 187 189 190 192 193 194 195 196 197 198 199 200 0

73
1 2 3 5 6 7 8 9 10 11 14 16 17 18 19 21 22 23 24 25 26 27 28 29 30 31 32 33 34 35 36 37 38 39 40 41 44 45 46 47 48 49 50 51 52 53 54 56 59 60 61 62 64 65 66 67 68 69 71 74 75 76 79 80 81 83 84 85 86 88 89 91 92 93 96 97 98 100 101 102 103 105 106 107 108 109 110 111 112 113 114 115 116 117 118 121 122 123 124 125 128 129 130 131 134 135 136 139 140 141 142 146 147 149 150 153 155 156 157 159 160 161 162 163 164 165 166 167 168 169 170 171 172 173 174 175 176 177 179 182 183 184 185 186 188 189 190 191 192 193 194 195 197 198 199 200 0

74
1 2 4 5 6 7 8 9 11 12 13 14 15 16 17 18 19 20 23 24 25 26 27 28 29 30 31 32 33 34 35 36 37 38 39 40 41 42 43 45 46 47 48 49 50 51 52 53 54 56 57 58 59 60 61 64 65 66 67 68 69 70 72 73 74 75 76 77 78 79 80 81 83 84 85 86 87 89 90 91 92 93 94 95 97 98 100 101 103 104 105 106 107 108 109 111 112 113 115 116 117 118 119 120 121 122 123 124 125 127 128 129 130 132 134 135 136 138 139 140 141 142 144 147 148 149 151 153 154 155 156 157 158 160 162 164 165 166 167 168 169 170 171 172 173 174 175 176 177 178 179 180 181 182 183 184 186 187 189 190 192 193 194 195 196 197 198 199 200 0

75
1 2 3 4 6 7 8 9 12 13 15 17 20 22 23 24 25 27 28 29 30 32 33 35 36 37 38 40 44 46 48 49 50 51 52 53 54 58 59 60 61 66 67 68 69 70 71 72 73 74 75 76 77 78 79 80 81 83 84 86 87 88 89 92 93 96 97 98 99 100 101 104 105 107 108 109 110 111 112 113 114 116 117 118 121 122 123 124 125 126 128 129 130 131 132 134 135 136 137 140 142 144 145 147 148 149 151 152 153 155 156 157 158 159 160 162 163 164 165 166 167 168 169 170 171 172 173 174 175 176 177 178 180 182 183 184 186 187 190 192 194 195 196 197 198 199 0

76
1 2 4 6 7 8 9 10 11 12 13 14 15 16 17 18 19 20 23 24 25 26 27 28 29 30 31 33 34 35 37 38 39 40 41 42 43 46 47 48 50 52 53 54 55 56 58 59 60 61 63 64 66 67 68 70 71 72 73 74 75 78 79 80 81 83 84 85 86 88 89 90 92 93 94 95 97 98 99 100 104 106 107 108 109 110 111 112 113 115 116 117 118 120 121 122 123 124 125 126 127 128 129 130 132 134 135 136 137 138 139 140 141 142 143 144 146 147 148 149 150 151 152 153 154 155 156 157 158 160 162 164 165 166 168 169 170 171 172 173 174 175 176 177 178 179 180 182 183 184 186 187 190 192 193 194 195 196 197 198 199 200 0

77
1 2 3 4 5 6 7 8 9 10 11 12 13 14 15 17 18 19 20 21 22 25 26 27 28 29 30 31 32 33 34 36 37 38 39 40 44 46 47 48 49 50 52 53 54 56 58 59 60 61 62 63 66 67 68 69 72 73 74 75 76 77 78 79 80 81 82 83 84 86 87 88 89 92 95 96 97 98 100 102 103 104 105 106 107 108 109 110 111 112 113 114 115 116 117 118 119 121 122 124 125 126 128 129 130 131 132 133 134 135 136 137 138 139 140 141 142 145 146 147 148 149 150 151 153 155 156 157 159 160 161 162 163 164 165 166 167 168 169 170 171 172 173 174 175 176 178 179 180 182 183 184 185 186 187 188 191 192 194 196 197 198 199 200 0

78
1 2 4 6 7 8 9 10 12 13 15 16 17 19 20 22 23 24 25 27 28 29 30 32 34 37 38 39 40 41 43 44 46 48 49 50 51 52 54 55 57 58 59 61 66 67 70 72 73 74 75 77 80 81 83 84 86 87 88 89 90 92 93 94 95 97 98 99 100 101 103 104 107 108 109 110 113 114 115 116 117 118 119 121 122 123 124 125 126 127 128 129 130 132 133 134 135 136 137 138 139 140 141 142 144 145 146 147 148 149 151 152 154 155 156 157 158 159 160 162 164 166 167 168 169 170 171 172 173 174 175 176 177 178 179 180 182 183 184 186 187 188 190 192 193 194 195 196 197 199 0

79
1 3 4 5 6 7 9 10 12 13 14 15 17 19 22 23 24 25 27 28 29 30 31 32 33 34 35 37 38 39 40 44 48 49 50 52 53 54 57 58 59 60 61 63 66 67 68 71 73 74 75 76 77 79 80 81 82 83 84 86 87 89 92 93 96 97 98 99 102 104 105 107 108 109 110 111 112 113 114 115 116 117 118 119 121 122 123 124 125 126 128 129 130 131 132 133 134 135 136 137 139 140 143 144 145 146 147 148 149 150 151 152 153 154 155 156 157 159 160 161 162 163 164 165 166 168 169 170 171 172 173 174 175 176 178 179 180 182 183 184 185 186 187 188 189 190 191 192 193 194 195 196 197 198 200 0

80
1 2 4 6 7 8 9 10 11 12 13 14 15 16 17 20 21 22 23 24 25 26 27 28 29 30 32 33 35 37 38 39 40 41 44 46 48 50 51 52 54 55 56 58 60 63 64 66 67 68 71 72 73 74 75 76 78 79 80 81 82 83 84 86 87 88 89 90 91 92 93 95 96 97 103 105 106 107 108 109 110 111 112 113 114 115 116 117 118 121 122 123 124 125 126 128 129 130 131 132 133 134 135 136 137 138 139 140 141 144 145 146 147 148 149 150 151 153 154 155 156 157 158 159 160 161 162 163 164 165 166 167 168 169 170 171 172 174 175 176 178 180 182 183 184 186 187 188 190 191 192 193 194 195 196 197 198 199 200 0

81
1 2 4 6 7 8 9 10 11 12 13 14 15 16 17 18 19 20 21 22 23 24 25 26 27 28 29 30 32 33 34 35 37 38 40 41 42 43 44 46 47 48 50 52 54 55 56 58 60 63 64 66 67 70 71 73 74 75 76 78 79 80 81 82 83 84 85 86 87 89 90 91 92 93 96 97 98 100 102 103 104 106 107 108 109 110 111 112 113 114 115 116 117 118 120 121 122 123 124 125 127 128 129 130 131 132 134 135 136 137 139 140 141 142 143 144 146 147 148 149 150 151 152 153 154 155 156 157 158 159 160 161 162 163 164 165 166 167 168 169 171 172 173 174 175 176 177 178 180 182 184 186 187 188 190 191 192 193 194 195 196 197 198 199 0

82
1 2 3 4 6 7 8 9 10 11 12 13 14 17 18 19 20 21 22 24 25 26 27 28 29 30 31 33 34 36 37 38 40 41 47 49 50 51 52 54 55 56 57 58 60 62 63 66 67 68 70 71 73 74 75 76 78 79 80 81 82 83 84 86 87 88 89 90 92 94 96 97 98 99 100 102 103 105 106 107 108 109 110 111 112 113 115 116 117 118 119 121 122 123 124 125 127 128 129 130 131 132 134 135 136 137 140 141 144 146 147 148 149 151 153 154 155 156 157 158 160 162 163 164 165 166 167 168 169 170 171 172 173 174 176 177 178 179 180 182 183 184 186 187 188 189 190 191 192 193 194 195 196 197 198 199 200 0

83
1 2 3 4 6 7 8 9 10 11 12 14 15 16 17 18 19 20 22 23 24 25 26 27 28 29 30 32 34 35 36 37 40 41 42 43 45 46 47 48 49 50 52 54 56 57 58 60 64 65 66 67 69 70 73 74 76 79 80 81 83 84 85 86 90 91 92 93 94 98 100 101 104 107 108 109 110 111 112 113 115 116 117 118 119 120 122 123 124 129 130 131 132 134 135 136 140 143 147 149 150 154 155 156 158 160 164 165 166 168 169 171 172 174 175 176 177 180 181 182 183 186 187 188 189 192 193 194 195 196 197 198 199 0

84
1 2 3 4 6 7 8 9 11 12 13 14 15 16 17 18 19 20 23 25 26 27 28 29 30 32 34 36 37 38 40 41 42 43 44 47 48 50 52 53 54 55 56 58 59 60 61 64 66 70 71 73 74 75 76 77 79 80 81 82 83 84 85 86 87 89 90 91 92 93 96 97 98 99 100 101 102 104 106 107 108 109 110 111 112 113 114 115 116 117 118 119 120 121 122 123 124 125 126 127 129 130 131 132 133 134 135 136 140 143 144 145 147 148 149 152 153 154 155 156 157 158 159 160 162 164 165 166 167 168 169 170 171 172 174 176 177 178 179 181 182 183 184 185 186 187 190 192 193 194 195 196 197 198 199 0

85
1 2 4 6 7 8 9 10 11 12 13 14 15 16 17 18 19 20 23 24 25 26 27 28 29 30 31 33 34 35 36 37 38 39 40 41 42 43 44 45 46 47 48 49 50 52 53 54 55 56 57 58 59 60 61 63 64 66 67 68 69 70 71 72 73 74 75 76 78 79 80 81 83 84 85 86 87 88 89 90 92 93 95 97 98 99 100 104 106 107 108 109 110 111 112 113 115 116 117 118 119 120 121 122 123 124 125 127 128 129 130 132 134 135 136 137 138 139 140 142 143 144 146 147 148 149 150 151 153 154 155 156 157 158 160 162 164 165 166 167 168 169 170 171 172 173 174 175 176 177 178 179 180 181 182 183 184 186 187 189 190 192 193 194 195 196 197 198 199 200 0

86
1 2 6 8 9 10 11 12 13 15 16 17 18 20 23 24 25 26 27 28 29 30 32 33 34 37 38 39 41 42 43 44 45 48 49 50 52 53 54 56 57 58 59 60 61 63 64 65 66 67 71 73 75 76 77 79 80 81 83 84 85 86 90 91 92 93 96 97 98 99 100 102 104 105 107 108 109 110 111 113 114 115 116 117 118 121 122 123 124 125 126 128 129 130 132 134 135 136 137 140 142 144 145 147 148 149 150 151 153 155 156 157 158 159 162 164 165 167 168 172 173 174 175 176 177 178 180 182 183 184 185 186 187 188 189 192 193 194 195 196 197 198 199 200 0

87
1 2 4 6 7 8 9 10 12 13 14 15 16 17 18 19 20 23 24 25 26 27 28 29 30 33 34 35 37 38 40 41 42 43 44 45 46 47 48 49 50 52 53 54 55 56 57 58 59 60 61 63 64 66 67 69 70 71 72 73 74 75 76 77 80 81 83 84 86 87 89 90 91 92 93 97 98 100 102 104 106 107 108 109 110 111 112 113 115 116 117 118 119 121 122 123 124 125 126 127 128 129 130 131 132 133 134 135 136 137 142 143 144 145 146 147 148 149 150 151 152 153 154 155 156 157 158 160 162 164 166 167 168 169 170 171 172 174 175 176 177 178 179 180 181 182 183 184 186 187 188 189 190 192 193 194 195 196 198 199 0

88
1 2 3 4 6 7 8 9 10 12 13 14 15 16 17 18 19 20 23 24 25 26 27 28 29 30 32 33 34 35 37 38 40 41 42 43 44 46 48 50 52 54 58 59 62 63 64 66 67 70 71 73 74 75 76 78 79 80 81 83 84 85 86 87 89 90 91 92 93 97 98 100 104 106 107 108 109 110 111 112 113 114 115 116 117 118 120 121 122 123 124 125 126 128 129 130 132 134 135 136 137 140 142 143 144 147 148 149 150 151 152 153 155 156 157 158 159 160 161 162 163 164 165 166 167 168 169 171 172 173 174 175 176 177 178 180 182 183 184 185 186 187 188 190 191 192 193 194 195 196 197 198 199 200 0

89
1 2 3 4 6 7 8 9 10 12 13 14 15 16 17 18 20 22 23 24 25 26 27 28 29 30 31 32 33 35 36 37 38 40 41 42 43 44 45 46 47 48 49 50 52 54 57 58 60 63 64 65 66 67 68 69 71 73 74 75 76 77 79 81 82 83 84 85 86 89 90 92 93 94 96 97 98 99 100 101 104 106 107 108 110 111 113 114 115 116 117 118 120 122 123 124 125 128 129 130 132 134 135 136 137 140 144 146 147 148 149 150 151 153 155 156 157 158 159 160 161 162 163 164 165 166 167 168 169 171 172 174 175 176 177 178 179 180 182 183 185 186 187 188 189 190 192 193 194 195 196 197 198 199 0

90
1 2 3 4 5 6 7 8 9 11 12 13 15 16 17 18 19 20 24 25 26 27 28 29 30 32 34 35 37 38 40 41 42 43 45 46 47 48 49 50 52 53 54 55 56 58 60 63 64 66 69 70 71 73 74 75 76 77 79 80 81 82 83 84 85 86 87 89 90 92 94 96 97 98 99 100 102 104 106 107 108 109 110 111 112 113 114 115 116 117 118 119 120 121 122 123 124 125 126 127 128 129 130 132 134 135 136 140 142 143 144 147 148 149 150 151 152 153 154 155 156 157 158 159 160 162 164 165 166 167 168 169 171 172 173 174 175 176 177 178 180 181 182 183 184 185 186 187 189 190 192 193 194 195 196 197 198 199 0

91
1 2 3 4 5 6 7 8 9 10 11 12 13 14 15 16 17 18 19 20 23 24 25 26 27 28 29 30 32 35 36 37 40 41 42 43 44 48 50 51 52 53 54 55 56 58 59 60 61 63 64 66 70 71 72 73 74 75 76 77 79 80 81 83 84 85 86 87 88 89 90 92 97 98 99 100 101 104 107 108 109 110 111 112 113 114 115 116 118 121 122 123 124 125 126 128 129 130 132 134 135 136 137 140 141 143 144 145 146 147 148 149 150 152 153 154 155 156 157 159 160 161 162 163 164 165 166 167 168 169 170 171 172 174 175 176 178 182 183 184 186 187 188 190 192 193 194 195 196 197 198 199 200 0

92
1 3 5 6 7 9 11 14 15 17 18 19 23 24 25 26 27 28 29 31 32 33 34 35 37 38 39 40 44 48 50 51 52 54 56 58 60 62 64 66 67 68 71 74 75 78 79 81 82 83 84 86 87 88 89 91 92 93 95 97 99 102 103 105 106 107 108 109 110 111 112 113 114 116 117 118 121 122 123 125 128 129 130 132 134 135 138 139 140 141 146 149 150 151 153 155 156 157 159 161 162 163 164 165 166 167 168 169 170 171 172 174 175 176 179 180 182 183 184 185 186 188 190 192 193 194 195 196 197 198 199 200 0

93
1 2 3 4 5 6 7 8 9 11 12 13 14 15 16 17 18 19 20 22 23 24 25 26 27 28 29 30 31 32 33 34 36 37 38 39 40 41 42 43 44 45 46 47 48 49 50 52 53 54 55 56 58 59 60 61 62 64 65 66 67 68 70 71 72 73 74 75 76 77 78 79 80 81 82 83 84 85 86 87 88 89 90 91 92 93 95 97 98 99 100 102 103 104 105 106 107 108 109 110 111 112 113 115 116 117 118 120 121 122 124 125 128 129 130 131 132 135 136 138 139 140 141 142 143 147 148 149 150 151 153 154 155 156 157 158 160 162 164 165 166 167 168 169 170 171 172 173 174 175 176 177 178 179 180 181 182 183 184 185 186 187 189 190 192 193 194 195 196 197 198 199 200 0

94
1 2 3 4 6 7 8 9 10 11 12 13 14 15 16 17 18 19 20 23 24 25 26 27 28 29 30 32 34 35 37 38 40 41 42 43 44 47 48 50 52 54 56 58 59 60 61 62 64 66 67 70 71 73 74 75 76 77 79 80 81 83 84 85 86 87 88 89 90 91 92 93 100 104 107 108 109 110 111 112 113 114 115 116 117 118 121 122 123 124 125 126 129 130 132 134 135 136 140 143 144 147 148 149 150 152 153 154 155 156 157 160 162 163 164 165 166 167 168 169 172 173 174 175 176 178 180 182 183 184 185 186 187 188 190 192 193 194 195 196 197 198 199 200 0

95
1 2 4 6 7 8 9 10 11 12 13 14 15 16 17 18 19 20 23 24 25 26 27 28 29 30 32 34 35 36 37 38 39 40 41 42 43 44 45 46 47 48 49 50 52 53 54 55 56 57 58 60 63 64 65 66 67 69 70 71 73 74 75 78 79 80 81 83 84 85 86 89 90 92 93 94 97 98 100 101 104 106 107 108 109 110 111 112 113 115 116 117 118 119 120 121 122 123 124 127 128 129 130 132 134 135 136 137 139 140 142 143 144 146 147 148 149 150 151 152 153 154 155 156 157 158 160 162 164 165 166 167 168 169 171 172 173 174 175 176 177 178 180 181 182 183 184 186 187 189 190 192 193 194 195 196 197 198 199 200 0

96
1 2 4 6 7 8 9 10 11 12 13 14 15 16 17 18 19 20 21 22 23 24 25 26 27 28 29 30 32 33 34 35 37 38 40 41 42 43 44 46 47 48 50 52 54 55 56 58 60 63 64 66 67 70 71 73 74 75 76 78 79 80 81 82 83 84 85 86 87 89 90 91 92 93 96 97 98 100 102 103 104 106 107 108 109 110 111 112 113 114 115 116 117 118 120 121 122 123 124 125 127 128 129 130 131 132 134 135 136 137 139 140 141 142 143 144 146 147 148 149 150 151 152 153 154 155 156 157 158 159 160 161 162 163 164 165 166 167 168 169 171 172 173 174 175 176 177 178 180 182 184 186 187 188 190 191 192 193 194 195 196 197 198 199 0

97
1 2 3 4 6 7 8 9 10 11 12 13 14 15 16 17 18 19 20 22 23 24 25 26 27 28 29 30 32 34 35 36 37 40 41 42 43 45 46 47 48 49 50 52 53 54 55 56 57 58 59 60 61 63 64 65 66 69 70 71 72 73 74 76 77 79 80 81 83 84 85 86 87 89 90 91 92 94 98 100 104 107 108 109 110 111 113 114 115 116 117 118 120 121 122 123 124 125 126 129 130 132 133 134 135 136 137 140 143 144 145 147 149 150 151 152 153 154 155 156 157 158 160 164 165 166 167 168 169 171 172 173 174 175 176 177 178 181 182 183 184 186 187 188 189 190 192 193 194 195 196 197 198 199 200 0

98
1 2 4 6 7 8 9 10 11 12 13 14 15 16 17 18 19 20 21 23 24 25 26 27 28 29 30 31 32 33 34 35 36 37 38 39 40 41 43 44 45 46 48 49 50 51 52 54 55 56 57 58 59 61 62 63 64 65 66 67 69 70 71 72 73 74 75 76 77 78 80 81 82 83 84 86 87 88 89 90 91 92 93 94 95 96 97 98 99 100 101 103 104 106 107 108 109 110 111 113 114 115 116 117 118 119 121 122 123 124 125 127 128 129 130 132 133 134 135 136 137 138 140 141 142 144 145 146 147 148 149 150 151 153 154 155 156 157 158 159 160 161 162 163 164 165 166 167 168 169 170 171 172 173 174 175 176 177 178 179 180 181 182 183 184 186 187 188 189 190 192 193 194 195 196 197 200 0

99
1 2 4 5 6 7 8 9 11 12 13 14 15 17 18 19 20 23 24 25 26 27 28 29 30 31 33 34 35 37 38 39 40 41 42 44 46 47 48 50 52 53 54 55 56 58 59 60 61 64 66 67 68 70 71 72 73 74 75 76 78 79 80 81 83 84 86 87 88 89 90 92 93 95 97 98 99 100 104 106 107 108 109 110 111 112 113 116 117 118 120 121 122 123 124 125 126 128 129 130 132 134 135 136 137 138 139 140 141 142 143 144 147 148 149 150 151 152 153 154 155 156 157 158 160 162 164 165 166 168 169 170 171 172 173 174 175 176 178 179 180 182 183 184 186 187 190 192 193 194 195 196 197 198 199 200 0

100
1 2 3 4 6 7 8 9 10 11 12 13 14 15 16 17 18 19 21 22 24 25 26 27 28 29 30 31 33 34 35 36 37 38 39 40 41 44 47 48 49 50 51 52 53 54 55 56 58 59 60 61 62 63 64 65 66 68 71 72 73 74 75 76 77 78 79 80 81 82 83 84 85 86 87 88 89 90 92 93 95 96 97 98 99 100 101 102 103 105 106 107 108 109 110 111 112 113 115 116 117 118 120 121 122 123 124 125 126 128 129 130 131 132 134 135 136 137 138 139 140 141 143 144 146 147 148 149 150 151 152 153 154 155 156 157 158 160 161 162 163 164 165 166 167 168 169 170 171 172 174 176 178 179 182 183 184 185 186 187 188 190 191 192 193 194 195 196 198 199 200 0

