1
1 2 3 4 5 6 7 8 9 10 11 12 13 14 15 17 18 19 20 21 22 23 24 25 26 28 29 30 32 33 34 35 36 37 38 40 41 42 43 44 45 46 47 48 49 51 52 53 54 55 56 57 59 60 61 62 63 64 66 68 69 70 72 73 74 75 77 78 79 80 82 83 84 85 86 88 89 90 91 92 93 94 95 97 98 99 100 101 102 103 104 105 106 108 109 110 111 112 113 114 116 117 118 119 120 121 122 123 124 125 126 127 128 129 130 131 133 134 135 136 137 138 140 141 142 143 145 146 147 148 150 153 154 157 158 159 160 163 164 165 167 168 169 170 172 173 174 175 176 177 178 179 180 182 183 184 185 186 187 188 190 191 192 193 194 195 196 197 198 199 0

2
1 3 4 5 7 8 9 12 13 14 15 18 20 21 22 23 27 28 30 33 35 36 37 40 42 47 48 49 51 52 56 58 60 62 63 64 65 66 68 69 70 74 75 76 78 79 80 81 82 84 86 87 89 91 92 93 94 96 97 99 100 101 102 104 106 107 108 109 110 114 116 118 119 120 121 122 123 124 128 129 130 132 133 134 135 136 137 138 139 140 141 142 143 145 148 149 150 151 153 154 156 157 159 160 162 163 165 166 167 168 169 170 171 173 176 177 178 179 180 181 183 185 186 187 188 191 192 194 195 196 197 198 199 0

3
1 4 5 8 9 11 12 15 16 17 18 21 22 24 25 26 32 33 37 38 41 45 46 47 50 51 52 53 54 55 60 63 65 66 67 69 71 72 76 81 82 86 87 89 92 93 96 97 98 99 102 105 110 111 112 114 118 119 120 122 128 131 134 135 136 138 140 141 142 145 147 150 151 154 155 156 157 159 161 162 163 164 165 166 167 168 169 170 180 181 184 185 186 188 192 193 194 195 196 197 198 200 0

4
1 2 3 4 5 6 8 9 10 11 12 13 14 15 16 17 18 19 20 21 22 23 24 25 26 27 28 30 31 32 33 34 35 36 38 39 40 41 42 44 45 46 47 49 50 51 52 53 54 55 56 57 59 60 61 62 63 64 66 67 68 69 70 71 72 73 74 75 76 78 79 80 81 82 83 84 86 87 89 90 92 93 94 95 96 97 98 99 100 101 102 103 104 105 106 107 108 109 110 111 112 114 116 118 119 120 122 123 124 125 126 127 128 129 130 131 132 134 135 136 137 139 141 142 143 145 146 147 148 149 150 151 152 153 154 155 157 159 160 161 163 166 167 168 169 170 171 172 173 174 175 176 177 179 180 181 182 183 184 185 186 187 188 189 191 192 193 194 195 196 197 198 199 200 0

5
1 2 3 4 5 6 8 9 10 11 16 17 18 19 20 21 22 23 24 25 26 27 28 29 30 31 32 33 34 35 36 37 38 39 40 41 42 43 44 45 46 47 48 49 51 52 54 55 57 58 59 60 61 62 63 64 65 66 67 68 69 70 71 72 73 74 75 76 77 78 79 81 82 83 84 85 86 87 88 89 90 91 92 93 94 96 97 98 100 101 102 103 104 105 106 107 108 109 111 112 113 114 115 116 117 118 120 121 122 123 124 126 128 129 130 131 133 134 135 137 138 139 140 141 143 144 145 146 147 148 149 150 151 152 153 154 155 156 158 159 161 162 163 164 165 167 168 169 170 171 172 173 174 175 176 179 181 182 183 184 185 186 188 189 190 191 192 194 195 196 197 198 200 0

6
1 2 3 4 5 7 8 9 10 11 12 13 14 15 16 18 19 20 21 22 23 25 27 28 29 30 31 32 33 34 35 36 37 38 40 41 42 43 44 45 46 47 48 50 51 52 53 54 55 56 57 58 59 60 61 62 63 64 66 67 68 69 70 71 72 73 74 75 77 78 79 80 81 82 83 85 86 87 88 89 90 91 92 93 94 96 97 99 100 101 102 103 104 105 106 107 108 109 110 111 112 113 114 115 116 117 120 121 122 124 125 126 127 128 129 130 131 134 135 136 137 139 140 141 143 144 145 147 148 149 150 151 152 153 154 156 157 158 159 161 162 163 164 166 167 168 169 170 171 172 173 176 177 178 179 180 182 183 184 185 186 187 188 190 192 193 195 196 198 199 200 0

7
1 2 3 4 5 6 7 8 9 10 11 12 13 14 15 16 18 19 20 21 22 23 24 25 26 27 28 29 30 32 33 34 35 36 37 38 39 40 41 42 43 44 45 46 47 48 49 50 51 52 53 54 55 56 57 58 59 60 61 62 63 65 66 68 69 71 72 73 74 75 76 77 78 79 80 81 82 83 84 85 86 87 88 89 90 91 92 93 94 96 97 99 100 102 103 104 105 106 107 108 109 110 111 112 113 114 115 116 118 119 121 123 124 125 126 128 129 130 131 133 134 135 136 137 138 139 140 141 142 143 144 145 146 147 148 149 150 152 153 155 156 157 158 159 161 162 163 164 165 167 168 169 170 171 172 174 175 176 177 178 179 180 181 183 184 185 186 187 188 189 191 193 194 195 196 197 198 199 200 0

8
1 3 4 5 7 8 9 11 12 15 17 18 19 20 22 24 25 27 28 30 31 32 33 34 35 36 37 38 40 41 42 43 44 45 46 47 48 49 50 51 52 53 54 55 56 57 58 59 60 61 62 63 64 65 66 67 68 69 70 72 73 74 75 77 79 80 81 82 83 84 86 87 89 91 92 93 94 95 96 97 98 99 100 101 102 103 104 105 106 108 109 111 112 113 114 115 116 117 118 121 122 124 126 128 129 130 131 132 133 134 135 136 137 140 142 143 144 145 146 147 148 149 151 152 154 155 156 157 158 159 161 162 163 164 165 166 168 169 170 171 173 175 176 177 178 179 180 181 182 183 184 185 186 187 188 189 191 192 193 194 195 196 197 198 200 0

9
1 2 3 4 5 6 7 8 9 10 11 12 13 14 15 16 17 18 19 20 21 22 23 24 25 26 27 28 29 30 31 32 33 34 35 36 37 38 39 40 41 42 43 44 45 46 47 48 49 50 51 52 53 54 55 56 57 58 59 60 61 62 63 64 65 66 67 68 71 72 73 74 75 76 77 79 80 81 82 83 84 85 86 87 88 89 90 92 93 94 95 96 97 99 100 101 102 103 104 105 106 108 110 111 112 113 114 115 116 118 119 121 122 123 124 125 126 127 128 129 130 132 133 134 135 137 138 139 140 141 142 143 144 145 146 147 148 149 150 151 152 153 154 155 156 157 158 159 160 161 162 163 164 167 168 169 170 171 172 173 174 175 176 177 178 179 180 181 182 183 184 185 187 188 189 190 191 192 193 196 197 198 199 200 0

10
1 2 4 5 6 7 8 9 10 11 12 13 14 15 17 18 19 20 21 22 23 24 25 26 27 29 30 31 34 35 37 38 39 41 43 44 45 46 47 48 50 52 53 54 55 56 57 58 59 60 61 62 63 64 65 66 67 70 71 72 73 74 75 76 77 78 79 80 81 82 83 84 85 86 87 88 89 90 91 92 93 95 96 97 98 99 100 101 102 103 104 105 106 107 108 109 110 111 112 113 114 115 116 117 120 121 122 123 124 125 126 127 128 129 130 133 134 135 136 137 138 139 140 143 144 145 146 147 148 149 150 152 153 154 155 156 157 158 159 161 163 164 165 166 167 168 169 170 171 172 173 175 176 177 178 179 180 181 182 183 184 185 186 187 188 190 191 192 194 195 196 198 199 200 0

11
1 3 4 5 7 8 9 11 12 13 15 17 18 19 20 21 22 23 26 27 28 30 31 32 33 34 35 36 37 38 40 41 42 44 45 46 47 48 49 50 51 52 53 54 55 56 60 61 62 63 66 67 68 69 70 71 72 74 75 76 78 79 80 82 83 86 87 88 89 92 93 94 95 97 99 100 101 102 103 104 105 106 107 108 109 110 111 112 114 115 116 117 118 119 120 121 122 123 124 125 126 128 130 131 132 133 134 135 136 137 139 140 142 143 145 146 148 149 150 151 154 155 156 157 159 161 162 164 165 166 167 168 169 170 172 173 176 177 178 179 180 181 182 183 184 185 186 187 188 189 192 193 195 196 197 198 200 0

12
1 2 3 4 6 7 8 9 11 12 13 15 16 17 19 20 21 22 23 25 26 27 28 29 30 32 34 35 36 37 38 39 40 41 43 44 45 46 47 48 49 50 51 52 53 56 58 59 60 61 62 63 64 66 67 68 69 70 71 72 73 74 75 76 78 79 82 85 86 87 88 89 90 91 93 94 95 96 97 98 99 100 102 103 109 110 111 112 113 114 116 118 120 121 122 123 125 126 127 128 129 130 131 132 133 134 137 138 139 140 142 145 147 148 149 150 151 152 153 154 155 157 158 159 160 161 162 164 165 166 167 169 170 172 173 174 175 176 177 178 180 181 182 183 185 187 189 190 191 193 194 195 196 197 198 199 200 0

13
1 2 3 4 5 6 7 8 9 10 11 12 13 14 15 16 17 18 19 20 21 22 23 24 25 26 27 28 31 32 33 34 35 37 38 39 40 41 42 43 44 45 46 47 48 49 50 52 53 54 55 56 57 58 59 60 61 62 63 64 66 67 68 69 71 72 73 74 75 76 77 79 80 81 82 83 84 86 87 88 89 90 92 93 94 95 96 97 98 99 100 101 102 103 104 106 107 108 109 111 112 113 114 116 117 118 119 120 121 122 124 125 126 127 128 129 130 131 132 133 134 135 136 137 138 140 142 143 144 145 146 147 148 149 150 151 152 154 155 156 157 158 159 160 161 162 163 164 165 166 168 169 172 173 174 176 177 178 179 180 181 182 183 185 186 187 188 189 190 191 192 193 194 195 196 197 198 199 0

14
1 3 4 5 8 9 10 12 13 14 15 17 18 19 20 21 22 23 27 28 29 30 32 34 35 36 37 38 39 40 41 42 44 46 47 48 51 52 53 54 55 56 60 61 62 63 64 65 66 68 69 72 73 74 75 77 80 81 82 83 84 85 86 87 88 90 91 93 95 96 97 99 100 101 102 104 105 106 107 109 110 111 112 114 116 118 121 122 125 126 128 129 130 131 132 133 134 135 136 137 138 139 140 141 142 143 145 147 148 149 150 152 154 157 158 160 162 163 164 166 167 168 169 170 171 172 173 174 175 176 177 179 180 181 182 183 184 185 187 188 192 194 195 196 197 198 199 200 0

15
1 2 3 4 5 6 7 8 9 10 12 13 15 16 17 18 19 20 21 22 24 25 27 28 29 30 31 33 34 35 36 37 38 39 40 42 43 44 45 46 47 48 49 50 51 52 53 54 55 56 57 58 59 60 61 62 63 65 66 67 68 69 71 72 73 74 75 76 77 78 79 80 81 82 83 84 85 86 87 88 89 90 91 92 93 94 95 96 97 98 99 100 102 103 104 105 106 108 109 110 111 112 114 116 117 118 119 122 123 124 125 126 128 130 131 132 133 134 135 137 138 139 140 141 142 143 145 146 147 148 149 150 151 152 153 155 156 158 159 161 162 163 164 167 168 169 170 171 172 173 174 175 176 178 179 180 181 182 183 184 185 186 189 190 191 192 193 194 196 197 198 199 200 0

16
1 3 4 5 7 8 9 10 11 12 14 15 16 18 19 20 22 23 24 25 26 27 28 30 33 34 35 36 37 38 39 40 41 43 44 45 46 47 48 49 50 51 52 53 54 55 56 57 58 59 60 61 62 63 64 65 67 68 69 70 71 72 73 74 75 76 77 79 80 81 82 84 85 86 87 88 89 90 91 92 93 94 95 96 97 98 99 100 101 102 103 104 105 106 108 109 110 111 113 114 115 116 117 118 120 121 122 123 124 125 126 127 128 130 133 134 135 137 138 139 140 141 142 143 144 145 146 147 148 149 150 151 152 154 158 159 161 162 163 164 166 167 168 169 170 171 172 173 174 175 176 177 179 180 181 182 183 184 185 186 188 189 190 191 192 195 196 197 199 200 0

17
1 2 3 4 5 6 7 8 9 10 11 12 14 15 16 17 18 19 20 21 22 23 24 25 26 27 28 29 30 32 33 34 35 36 37 39 40 41 42 43 44 45 46 47 48 50 51 52 54 55 56 57 58 59 60 61 62 63 64 65 66 67 68 69 70 71 72 73 74 75 76 77 78 79 80 81 82 83 85 86 90 91 92 93 94 95 97 98 99 100 101 102 103 104 105 106 107 108 109 110 111 112 113 114 115 116 117 118 119 120 121 122 123 125 126 127 128 130 131 132 133 134 135 136 137 139 140 141 142 143 144 145 146 147 148 149 150 151 152 153 154 155 156 157 158 160 161 163 164 165 166 167 168 169 170 171 172 173 174 175 176 177 178 179 180 181 182 183 184 185 186 187 188 189 190 191 192 193 194 195 196 198 199 200 0

18
1 2 3 4 5 6 7 8 9 10 11 12 13 14 15 16 17 18 19 20 22 23 24 25 26 28 29 30 31 32 33 34 35 37 38 39 40 41 42 43 44 45 46 47 48 49 50 51 52 53 54 57 58 59 60 61 62 63 64 65 66 68 69 70 71 72 73 74 75 76 77 78 79 80 81 82 83 85 86 87 88 90 91 92 93 94 95 96 97 98 99 100 101 102 103 104 105 106 107 108 109 110 111 112 113 114 115 116 118 119 120 121 122 123 124 125 126 127 128 129 130 131 132 133 134 135 137 138 139 140 141 142 143 145 146 147 148 149 150 151 152 153 154 155 156 157 158 159 160 161 162 163 164 166 167 168 169 170 171 173 174 175 176 177 179 180 181 182 184 185 186 187 189 191 192 194 195 196 197 198 199 0

19
1 2 3 4 5 6 7 8 9 10 11 13 16 17 18 19 20 21 22 23 28 29 30 32 33 34 35 37 38 39 40 41 42 43 44 46 48 49 50 52 53 55 56 57 60 61 62 63 64 65 66 67 68 69 70 71 72 73 74 75 76 77 80 81 82 83 84 85 86 88 89 90 91 92 93 95 96 97 99 100 101 102 103 104 105 106 107 109 110 111 112 113 114 115 116 117 118 119 121 122 123 124 125 126 127 128 129 130 131 132 133 134 135 136 137 138 139 140 141 142 143 144 145 147 148 149 151 152 156 157 158 159 160 164 165 167 168 169 170 171 173 175 176 177 178 180 181 182 183 184 185 186 187 188 189 190 191 193 194 195 196 197 198 199 0

20
1 3 4 5 6 7 8 9 11 12 13 16 17 18 19 20 23 24 25 28 29 31 33 34 35 36 38 40 42 43 44 45 46 47 49 50 52 53 56 57 58 60 61 62 63 64 65 66 67 68 69 70 71 73 74 75 76 78 79 80 81 82 86 87 88 89 90 91 92 94 96 97 98 99 100 101 102 104 105 107 108 109 110 111 112 113 114 115 116 117 118 120 121 122 124 127 128 129 130 133 134 135 136 137 140 141 142 143 144 145 146 147 148 149 150 151 152 153 154 155 158 159 161 162 163 164 166 167 168 169 170 172 173 174 175 176 179 180 181 182 183 185 186 188 189 190 191 192 194 196 197 198 199 200 0

21
1 2 3 4 5 6 8 9 10 12 13 14 16 17 18 19 21 22 23 25 26 28 29 30 31 32 33 34 35 37 38 40 41 42 43 44 45 46 47 48 50 51 52 53 54 55 57 58 59 60 61 62 63 64 65 66 67 68 69 70 71 72 73 74 75 76 77 78 79 80 81 82 83 84 86 88 89 90 91 92 93 94 95 96 97 98 100 101 102 103 104 105 106 107 109 110 111 112 113 114 115 116 117 118 120 121 122 123 125 126 127 128 129 130 131 132 133 134 135 136 137 138 139 140 142 143 145 146 147 148 149 150 151 152 153 154 155 156 157 158 159 160 161 162 163 164 165 166 167 168 169 170 171 172 173 174 176 177 178 179 180 181 182 184 185 186 187 189 190 191 192 194 195 196 197 198 199 200 0

22
1 2 3 4 5 6 7 9 10 11 12 13 14 15 16 17 19 20 21 22 23 25 26 28 29 33 35 36 37 38 40 41 42 43 45 46 47 48 52 54 55 56 57 58 59 60 61 62 63 65 67 68 69 70 72 73 74 75 76 77 78 79 80 81 82 83 84 85 86 87 88 89 91 92 93 94 97 98 99 100 101 102 103 104 106 109 110 112 114 115 116 117 120 122 124 125 126 127 129 131 133 134 135 136 137 140 141 143 144 145 147 148 149 150 151 152 153 154 155 156 157 158 159 160 163 164 165 166 167 169 171 173 174 175 177 178 179 180 181 182 183 185 186 187 188 191 192 193 194 195 196 197 198 199 0

23
1 2 3 5 6 7 8 9 10 11 12 13 16 17 18 19 20 21 22 23 24 25 26 27 28 29 30 32 33 34 35 37 38 39 40 42 43 44 45 46 47 48 49 50 52 54 56 57 58 59 60 61 62 63 64 65 67 68 69 70 71 72 73 74 75 76 77 79 80 81 83 84 86 88 89 90 91 92 94 95 96 97 98 100 101 102 103 104 105 107 108 109 111 112 113 114 115 116 117 118 119 121 122 123 124 126 127 128 130 131 133 134 135 136 137 138 140 141 142 143 144 145 146 147 148 149 150 151 152 154 156 159 161 162 163 167 168 169 170 171 172 173 174 177 179 180 181 183 184 185 186 188 190 192 196 197 198 199 200 0

24
1 2 3 4 5 6 8 9 10 11 12 13 15 16 17 18 19 20 21 22 23 24 25 26 27 28 30 32 33 34 35 36 37 38 39 40 41 42 44 45 46 47 49 50 51 52 53 54 55 56 57 59 60 61 62 63 64 65 66 67 68 69 70 71 72 73 74 75 76 78 79 81 82 83 84 85 86 87 89 90 91 92 93 94 95 97 98 99 100 101 102 103 106 107 108 109 110 111 112 114 116 118 119 120 122 123 124 125 126 127 128 129 130 131 132 134 135 136 137 138 139 140 141 142 143 145 146 147 148 149 150 151 152 153 154 155 156 157 159 160 161 162 163 164 165 166 167 169 170 171 172 173 174 175 176 177 178 179 181 182 183 184 185 186 187 188 189 191 192 193 194 195 196 197 198 199 0

25
1 2 3 4 5 6 7 8 9 10 11 12 13 14 15 16 17 18 19 20 21 22 23 25 26 27 28 29 30 31 32 33 34 35 36 37 38 39 40 41 42 43 44 46 47 48 49 50 51 52 53 54 55 56 57 59 60 61 62 63 64 66 67 68 70 71 72 73 74 75 76 80 81 82 83 84 85 86 88 91 92 93 94 95 96 97 98 99 100 101 102 103 104 105 106 107 109 110 111 112 113 114 115 116 117 118 119 120 121 122 123 124 125 126 127 128 129 130 131 132 133 134 135 137 138 139 140 141 142 143 144 145 147 148 149 150 151 153 154 156 157 158 160 162 165 166 167 168 169 170 171 172 173 174 175 176 177 178 180 181 183 184 185 186 187 190 191 192 195 196 197 198 199 200 0

26
1 2 3 4 5 7 8 9 10 11 12 13 14 15 16 17 18 19 20 21 22 23 24 25 26 27 28 29 30 31 32 33 34 35 36 37 38 39 40 42 43 44 45 46 47 48 49 50 51 52 53 54 55 56 57 59 60 61 62 63 64 65 66 67 68 69 70 72 73 74 75 77 78 79 80 81 82 83 84 85 86 87 88 89 90 91 92 93 94 95 97 98 99 100 101 102 103 104 105 106 107 108 109 110 111 112 113 114 116 117 118 120 121 122 123 125 126 127 128 129 130 131 132 133 134 135 136 137 138 139 140 141 142 143 144 145 146 147 148 149 150 152 153 154 156 157 159 160 161 162 163 164 165 166 167 168 169 170 171 172 173 174 175 176 177 179 181 182 183 184 185 186 187 188 189 190 191 192 195 196 198 199 200 0

27
1 2 3 4 5 8 9 10 11 12 15 16 17 18 19 21 22 23 24 25 26 27 28 29 30 31 33 34 35 37 38 39 40 41 42 43 44 45 46 47 48 49 50 52 53 54 55 56 57 59 60 61 62 63 64 67 68 69 70 71 72 73 74 75 76 77 78 79 80 81 86 89 91 92 93 94 95 96 97 98 99 100 101 102 103 104 105 106 107 108 109 110 111 112 113 114 115 116 117 118 119 120 121 122 123 124 125 126 127 128 129 130 131 134 135 136 137 138 140 141 142 143 144 145 146 147 148 149 150 151 152 153 154 155 156 159 161 163 164 165 166 168 169 170 171 172 173 174 175 177 178 179 182 183 184 185 188 189 192 193 195 196 197 198 199 200 0

28
1 3 4 5 7 8 9 10 12 15 16 17 18 19 20 21 22 23 25 27 28 29 30 31 32 33 34 35 37 38 39 40 41 42 43 44 45 46 47 48 49 50 51 52 53 54 55 56 57 58 59 60 61 62 63 64 66 67 68 69 70 71 72 73 74 75 76 77 79 80 81 82 83 84 86 87 88 90 91 92 93 94 96 97 98 99 100 101 102 103 104 105 106 108 109 111 112 113 114 115 116 118 119 120 121 122 123 124 125 126 129 130 131 132 133 134 135 136 137 140 142 143 144 145 146 148 149 150 151 152 154 155 156 157 158 159 161 162 163 164 165 166 167 168 169 170 171 173 175 176 177 178 179 180 182 183 185 186 187 188 189 192 193 194 195 196 197 198 0

29
1 2 3 4 5 7 8 9 10 11 12 13 14 15 16 17 18 19 21 24 25 26 28 29 30 31 32 33 35 36 37 38 40 41 42 43 44 45 46 47 48 49 50 52 53 54 55 56 57 58 59 60 62 64 65 66 67 68 69 70 71 72 73 74 75 76 77 79 80 81 82 83 84 85 86 87 88 89 90 92 93 94 96 97 98 99 100 101 102 103 104 105 106 107 108 109 111 112 113 114 115 116 117 118 122 123 124 126 127 128 129 130 131 133 134 135 137 138 140 141 143 145 146 148 149 150 151 154 155 156 157 158 159 160 162 165 166 167 168 169 170 171 173 174 175 177 178 179 180 181 182 183 184 186 190 191 192 193 194 195 196 197 200 0

30
1 2 3 4 5 6 8 9 10 12 13 14 15 16 17 18 19 20 21 25 26 28 29 30 32 34 35 37 38 41 43 44 45 46 47 48 50 51 52 53 54 55 56 57 58 59 60 61 62 63 64 65 66 67 68 69 70 71 72 73 74 75 76 78 79 80 81 82 83 84 85 86 87 88 89 90 91 93 94 95 96 97 98 99 100 101 102 103 104 105 106 107 109 110 111 112 113 114 115 116 117 118 119 122 123 125 126 127 128 129 130 133 134 136 137 138 139 140 141 142 143 145 146 147 148 149 150 151 152 153 154 155 157 159 160 161 162 163 164 165 166 167 168 169 170 171 173 174 175 176 178 180 181 184 185 186 188 189 191 192 194 195 196 197 199 0

31
1 2 3 4 5 6 7 8 9 10 11 12 13 15 16 17 18 19 20 21 22 23 24 25 26 27 28 29 30 32 33 34 35 36 37 38 39 40 41 43 44 45 46 47 48 50 51 52 53 54 55 56 57 58 59 60 61 62 63 64 65 68 69 70 71 72 73 74 75 76 77 78 79 80 81 83 85 86 87 88 90 91 92 93 94 95 96 97 98 99 100 101 102 103 104 105 109 110 112 114 115 116 117 118 119 120 121 122 123 124 125 126 127 128 129 131 132 134 135 136 137 138 139 140 141 142 143 145 146 147 148 149 150 151 152 153 154 155 157 159 163 164 165 167 168 169 170 172 173 174 176 177 178 179 180 181 182 183 184 185 188 189 190 191 192 193 195 196 197 198 199 200 0

32
1 2 3 4 5 7 8 9 11 12 13 14 15 16 17 18 19 20 22 24 25 26 27 28 29 30 31 32 33 34 35 36 37 38 39 40 41 42 43 44 45 46 47 49 50 51 52 53 54 56 57 59 60 61 62 63 64 65 66 67 68 70 71 72 74 75 78 79 80 81 85 86 87 88 89 90 91 92 93 94 96 97 98 99 100 101 102 103 104 105 106 108 109 110 111 112 113 114 115 116 118 119 120 121 122 123 125 126 127 128 129 130 131 132 133 134 135 136 137 139 140 141 142 143 144 145 146 147 148 149 150 151 152 153 154 155 156 157 158 159 160 161 162 163 164 166 167 168 169 170 172 173 174 175 177 178 179 180 181 182 183 184 185 186 187 188 189 191 192 193 195 196 197 198 199 200 0

33
1 2 3 4 5 6 7 8 9 10 11 12 13 15 16 18 19 20 23 24 25 26 33 36 38 39 41 43 44 47 48 50 51 52 53 54 55 56 57 58 60 61 62 63 65 68 69 70 72 73 74 75 76 77 80 81 82 83 84 85 86 87 89 91 93 96 97 98 99 100 102 103 104 105 108 109 110 112 114 115 116 119 120 125 126 127 129 131 132 133 134 135 136 137 138 139 140 143 144 145 147 149 150 154 155 156 157 158 159 160 164 165 166 167 168 169 170 171 177 178 180 182 183 184 185 186 187 189 190 193 195 196 197 199 0

34
1 2 3 4 5 6 7 8 9 10 11 12 13 14 15 16 17 18 19 20 21 24 25 26 28 29 30 31 33 34 35 36 37 38 40 41 43 44 45 46 47 49 51 52 53 55 56 57 58 59 60 62 63 64 65 66 67 68 69 70 71 73 74 75 76 79 80 81 82 83 84 85 86 87 88 89 90 91 92 93 94 95 96 97 98 99 100 101 102 104 105 106 107 108 109 111 112 113 114 115 116 117 118 120 121 122 124 126 127 128 130 133 134 135 136 137 138 139 141 142 143 144 145 146 148 149 150 151 153 154 155 156 158 159 161 162 163 164 165 166 167 168 169 170 172 173 174 175 179 180 181 182 184 185 186 188 191 192 194 195 196 197 198 199 200 0

35
1 2 3 4 5 6 7 8 9 10 11 12 13 14 15 16 17 18 19 20 21 22 23 24 25 26 28 29 30 33 34 35 37 38 39 40 41 42 43 44 45 46 47 49 50 51 52 54 55 57 58 59 60 61 62 63 64 65 66 67 68 69 70 71 72 73 74 75 77 78 79 80 81 82 83 84 85 86 87 88 89 90 91 92 93 94 95 96 97 98 99 100 101 102 103 104 105 106 108 109 110 111 112 113 114 115 116 117 118 120 121 122 125 126 129 130 131 132 133 134 135 136 137 138 139 140 141 142 143 145 147 148 149 150 151 152 153 154 156 157 158 159 160 161 162 163 164 165 166 167 168 169 170 171 172 173 174 175 177 179 180 181 182 183 184 185 186 187 188 189 190 192 193 195 196 197 198 199 200 0

36
1 3 4 5 6 8 9 10 11 12 13 15 17 19 20 22 23 25 26 29 32 33 34 35 36 37 38 43 44 45 46 47 48 50 53 57 59 60 61 62 63 67 69 70 72 73 74 76 77 78 81 83 86 87 88 89 91 92 93 94 95 96 98 100 102 103 110 111 112 115 116 117 120 122 123 124 125 126 129 131 133 134 137 138 140 141 143 144 145 146 147 148 149 151 152 154 157 158 159 160 161 164 165 170 171 172 173 174 175 177 178 179 181 182 183 185 186 188 191 195 196 197 199 200 0

37
1 2 3 4 5 8 9 10 11 12 13 14 15 16 17 18 19 20 21 22 23 25 26 27 30 32 34 35 36 37 38 39 40 41 42 43 44 45 46 47 48 49 50 51 52 53 54 55 56 57 58 60 61 62 63 64 65 66 68 70 71 72 73 74 75 76 77 78 79 80 81 82 83 84 85 86 87 88 90 91 92 93 94 95 96 97 99 100 101 102 103 104 105 106 107 108 109 110 111 112 113 114 115 116 118 119 120 121 123 124 125 126 127 128 129 130 131 132 133 134 135 137 138 139 140 141 142 143 144 145 147 148 149 150 151 152 153 154 155 156 157 158 159 160 161 162 163 164 165 166 167 168 169 170 171 172 175 177 178 179 180 181 182 183 184 185 186 187 188 190 192 193 194 195 196 197 198 199 200 0

38
1 3 4 5 7 8 9 10 11 12 13 14 15 16 18 19 20 21 22 23 25 26 27 28 29 30 32 33 34 35 36 37 38 39 40 41 42 44 45 46 47 49 50 51 52 55 56 58 60 61 62 63 64 65 66 67 68 69 70 71 72 74 75 76 77 78 79 80 81 82 83 84 85 86 87 89 90 91 93 94 96 97 99 100 101 102 104 105 106 107 109 110 111 114 115 116 117 118 120 121 122 123 125 127 129 130 131 132 133 134 135 137 138 139 140 141 142 143 145 148 149 150 151 152 154 157 158 159 160 161 162 163 166 167 168 169 170 171 173 174 175 176 177 179 180 181 182 183 184 185 186 187 188 189 191 192 195 196 197 198 199 200 0

39
1 2 3 4 5 6 7 8 9 11 14 15 16 17 18 20 21 22 23 24 26 27 28 29 30 33 34 35 36 37 39 40 41 42 43 44 45 46 47 48 49 50 51 52 53 54 55 57 58 59 60 61 62 63 64 65 66 67 68 69 70 71 73 74 75 76 77 79 80 81 82 83 84 85 86 87 88 89 90 91 92 93 94 95 96 97 98 100 101 102 103 104 105 106 107 109 110 111 112 113 114 115 116 117 118 119 121 122 123 124 125 126 128 129 130 133 134 135 136 137 138 139 140 141 143 145 146 147 148 149 150 151 152 154 155 156 157 158 159 161 162 163 164 165 166 167 168 169 170 171 172 173 174 175 176 177 178 179 180 181 183 184 185 188 189 191 193 195 196 197 198 199 200 0

40
1 4 5 7 8 9 10 12 13 15 16 17 18 19 20 21 22 23 27 28 30 33 34 35 36 37 38 39 40 41 42 44 46 47 48 49 51 52 54 55 56 57 60 61 62 63 65 66 67 68 72 74 75 77 80 81 82 83 84 85 86 87 89 92 93 94 96 97 98 99 100 101 102 104 105 106 109 110 112 114 116 118 119 122 123 125 126 128 129 130 132 133 134 135 136 137 138 140 141 142 143 144 145 146 147 148 149 150 151 152 154 156 157 158 159 161 164 165 166 167 168 169 170 171 172 173 175 177 179 180 181 182 183 184 185 186 187 188 189 190 191 192 195 196 197 198 199 200 0

41
1 2 3 4 5 6 8 9 10 11 12 13 15 16 17 18 19 20 21 24 25 26 27 28 29 30 31 32 33 34 37 38 39 40 41 42 43 44 45 46 47 49 50 51 52 53 54 55 56 57 58 59 60 61 62 63 65 67 68 69 72 73 74 75 76 77 79 80 81 82 83 84 85 86 87 88 89 90 91 92 93 94 95 96 97 99 100 101 102 103 104 105 106 107 108 109 110 111 112 114 116 118 119 121 122 123 124 125 126 127 128 129 130 131 132 133 134 135 137 138 139 140 141 142 143 145 146 147 148 149 150 151 152 153 154 155 157 158 159 160 163 164 165 166 167 168 169 170 171 172 173 175 176 178 179 180 181 182 183 184 185 186 187 188 189 191 192 193 195 196 197 198 199 200 0

42
1 3 4 5 7 8 9 10 12 13 15 16 17 18 19 20 21 22 24 25 27 28 30 31 32 33 34 35 36 37 38 39 40 42 43 44 45 46 47 48 49 50 51 52 53 54 56 57 59 60 61 62 63 64 66 68 69 70 71 72 73 74 75 76 77 79 80 81 82 83 85 86 87 88 89 90 91 92 93 94 96 97 99 100 102 103 104 105 106 107 108 109 110 111 112 113 114 115 116 117 118 119 120 122 123 124 125 126 128 129 130 131 132 134 135 137 139 140 141 142 143 144 145 146 147 148 149 150 151 152 153 154 155 157 158 159 160 161 163 164 165 166 167 169 170 171 172 173 174 175 177 178 179 180 182 183 185 186 187 188 189 190 191 192 193 194 195 196 197 198 199 200 0

43
1 3 4 5 6 7 8 9 10 13 16 17 18 19 21 23 24 25 26 27 28 29 30 31 33 34 35 36 37 39 40 41 43 44 45 46 47 48 49 50 51 52 54 55 56 57 58 60 61 62 63 65 67 68 69 70 71 72 73 74 75 76 77 78 79 81 83 86 88 89 90 91 92 94 95 96 97 98 99 101 102 103 106 107 108 109 110 113 114 115 116 117 118 120 121 122 123 124 127 128 129 130 133 134 135 138 139 140 141 142 143 144 145 146 147 148 149 150 151 154 157 158 159 161 162 163 164 165 167 168 169 170 172 173 174 175 176 177 179 180 181 183 185 187 188 190 192 195 196 197 198 200 0

44
1 2 3 4 5 6 7 8 9 10 11 13 14 16 17 18 19 20 21 22 23 25 28 29 31 33 34 35 37 38 40 41 42 43 44 45 46 47 48 49 50 52 54 55 56 57 58 59 60 61 62 63 64 65 66 67 68 69 70 71 72 73 74 75 76 77 78 79 80 81 82 83 85 86 87 88 90 91 92 93 94 95 96 97 99 100 101 102 103 104 106 107 108 109 111 112 113 114 115 116 118 120 121 122 123 124 126 127 128 130 133 134 135 137 138 139 140 142 143 144 145 146 148 149 150 151 153 154 155 159 161 162 163 164 165 167 168 169 170 172 173 174 179 180 181 183 185 186 188 190 191 192 195 196 197 198 199 200 0

45
1 2 3 4 5 7 8 9 10 11 12 15 16 17 18 19 20 21 22 23 24 25 26 27 29 31 32 33 34 35 38 40 41 42 43 44 45 46 47 48 49 51 52 53 54 55 56 57 58 59 60 61 62 63 64 65 66 67 68 69 70 71 72 73 74 75 76 77 79 80 82 83 84 85 86 87 88 89 90 92 93 94 95 96 97 99 100 101 102 104 107 108 110 111 112 113 114 115 116 117 118 119 120 121 123 124 125 126 127 129 130 131 132 133 134 135 136 137 139 140 141 142 143 144 145 146 147 148 149 150 151 152 153 154 155 156 157 158 159 160 161 162 163 164 165 166 169 170 172 174 175 177 179 181 182 183 185 188 189 191 192 195 196 198 199 200 0

46
1 2 3 4 5 6 8 9 10 11 12 13 14 16 17 18 19 20 21 22 23 24 25 26 27 28 29 30 31 32 33 34 35 37 38 39 40 41 42 43 44 45 46 47 48 49 50 51 52 54 55 56 57 58 59 60 61 62 63 64 65 66 67 68 69 70 71 72 73 74 75 76 77 78 79 80 81 82 83 86 87 88 89 90 91 92 93 94 95 96 97 100 101 102 103 104 105 106 107 108 109 111 112 113 114 115 116 117 118 121 122 124 126 128 129 130 133 134 135 136 137 138 139 140 141 142 143 144 145 146 147 148 149 150 151 152 153 154 155 156 159 161 162 163 164 166 167 168 169 170 171 172 173 174 175 176 177 179 180 181 182 183 184 185 186 188 189 190 191 192 194 195 196 197 198 200 0

47
1 2 3 5 7 8 9 11 16 17 18 20 21 23 24 26 27 28 29 31 33 40 41 42 46 47 49 51 52 53 56 59 60 64 66 67 68 69 70 76 82 86 87 88 89 92 93 94 96 97 99 100 101 102 106 108 109 111 118 119 120 121 122 124 130 132 133 134 136 138 144 145 148 151 153 154 155 156 158 159 160 161 163 167 169 170 175 179 180 184 188 189 191 192 193 195 196 197 198 0

48
1 2 3 4 5 6 7 8 9 10 11 12 13 14 15 18 19 20 21 22 23 24 25 26 27 28 29 30 32 33 34 35 36 37 38 40 41 42 43 44 45 46 47 48 49 50 51 52 54 55 56 57 58 59 60 61 63 64 65 66 67 68 69 70 72 73 74 75 76 77 78 79 80 81 82 83 84 86 87 89 90 91 92 93 94 95 96 97 98 99 100 101 102 103 104 105 106 107 108 109 110 113 114 116 117 118 119 121 122 123 124 125 126 128 129 130 131 132 134 135 136 139 140 141 142 145 146 147 148 149 150 153 154 156 157 159 162 163 164 165 167 168 169 170 171 172 173 174 176 177 178 179 180 181 182 183 185 186 188 190 191 192 193 194 195 196 197 198 199 200 0

49
1 2 3 4 5 6 7 8 9 10 11 12 13 14 15 16 18 19 20 21 22 23 24 25 26 27 28 29 30 31 32 33 34 35 37 39 40 42 43 44 45 47 48 49 50 51 52 53 54 55 57 58 59 60 62 64 65 66 67 68 69 71 72 73 74 75 76 77 78 79 80 81 82 83 85 86 88 90 92 93 94 95 96 97 99 100 101 102 104 106 107 108 110 113 114 116 118 119 120 121 122 123 124 126 127 128 129 130 131 134 135 137 138 140 141 142 143 144 145 146 147 148 149 150 151 153 155 156 157 158 159 161 165 166 167 168 169 170 171 174 175 176 178 179 183 184 186 187 188 189 190 191 193 196 197 199 0

50
1 2 3 4 5 7 8 9 10 11 12 13 14 15 16 17 18 19 20 21 22 24 25 26 27 28 29 30 31 32 33 35 37 40 41 42 43 44 45 46 47 48 49 50 51 52 53 54 56 57 59 60 61 62 63 64 65 66 67 68 69 70 71 72 74 75 76 77 79 80 81 82 83 84 85 86 87 88 90 91 92 93 94 95 97 98 99 100 102 103 104 105 106 108 109 112 113 114 115 116 117 118 119 120 121 122 124 125 126 129 130 131 132 133 134 135 136 137 140 141 142 143 145 146 147 148 149 150 151 152 153 154 155 156 157 158 159 160 163 164 165 166 167 168 169 170 171 173 174 175 176 177 178 179 182 183 184 185 186 187 189 191 192 193 194 195 196 197 198 199 200 0

51
1 3 4 5 7 8 9 10 11 12 13 14 15 17 18 19 20 21 22 23 25 26 27 28 30 32 33 34 35 36 37 38 40 41 42 44 46 47 48 49 50 51 52 53 54 55 56 57 58 59 60 62 63 64 66 67 68 69 70 71 72 73 75 76 79 80 81 82 83 86 87 88 89 91 92 93 94 96 97 98 99 100 101 102 103 104 105 106 107 108 109 111 112 114 116 118 119 120 121 122 123 124 129 130 131 132 133 134 135 136 137 141 142 143 145 146 147 148 149 152 153 154 157 158 161 163 164 165 166 167 168 169 170 171 173 175 176 177 178 180 181 182 183 185 186 187 188 189 191 192 193 195 198 200 0

52
1 3 4 5 7 8 9 10 11 12 14 15 16 18 19 20 21 22 24 25 27 28 30 32 33 34 35 36 37 40 42 45 46 47 48 49 50 51 52 54 56 58 60 61 62 64 66 67 68 69 70 71 72 73 74 75 76 77 79 80 81 82 84 85 86 87 88 89 91 92 93 94 97 99 100 101 102 103 104 106 108 109 110 111 113 114 116 117 118 119 120 121 122 123 124 126 128 129 130 131 132 133 134 135 136 137 139 140 141 142 143 144 145 148 149 150 151 153 154 156 157 158 159 160 161 162 163 165 166 167 168 169 173 174 175 176 177 178 179 180 181 183 186 187 191 192 194 195 196 197 198 199 200 0

53
1 3 4 5 6 7 8 9 10 11 12 15 16 17 18 19 20 21 22 24 25 26 27 28 29 30 31 32 33 35 36 37 39 40 41 43 44 45 46 47 48 49 51 52 53 54 55 57 58 59 60 62 63 64 65 66 67 68 69 70 71 72 73 74 75 77 78 79 81 82 83 84 86 88 89 90 91 92 93 94 95 96 97 98 99 100 101 102 103 105 106 107 108 109 110 111 113 114 115 116 117 118 121 122 124 126 127 128 129 130 131 133 134 135 136 137 139 140 141 142 143 144 145 146 148 149 150 151 152 154 155 156 157 159 161 162 163 164 165 166 167 168 169 170 171 172 173 174 175 176 177 178 179 181 182 183 184 185 186 187 188 189 190 192 194 195 196 197 199 200 0

54
1 2 3 4 5 6 8 9 10 11 13 14 16 17 18 19 20 21 23 25 26 28 29 30 31 32 33 34 35 38 41 43 44 45 46 47 48 52 53 54 55 56 57 59 60 62 63 64 65 66 67 68 69 70 71 72 73 74 75 76 78 79 81 82 84 86 87 89 90 91 92 93 94 96 97 98 101 102 103 104 107 109 110 111 113 114 115 116 117 118 120 121 122 123 124 126 127 128 130 134 135 136 137 138 140 141 142 143 144 145 146 147 149 150 151 154 155 156 158 159 161 162 163 164 165 166 167 168 169 170 172 173 174 175 179 180 181 182 183 184 185 188 190 192 194 195 196 197 198 199 200 0

55
1 3 4 5 8 9 11 12 14 15 16 17 18 21 23 25 26 27 28 30 32 33 35 36 38 40 41 42 44 45 46 47 48 49 50 52 53 54 55 60 63 64 66 67 68 69 70 71 72 77 78 81 82 85 86 87 88 89 91 92 93 94 96 97 98 102 105 106 107 108 109 111 114 115 116 118 119 120 121 122 124 129 130 131 132 133 134 135 136 140 144 145 146 147 148 150 151 153 154 156 157 158 159 160 161 164 167 168 169 170 171 172 173 176 177 180 181 182 183 184 185 186 188 189 191 192 193 195 196 197 198 200 0

56
1 2 3 4 5 7 8 9 10 12 15 16 17 18 19 20 21 23 24 25 27 28 29 30 32 33 34 35 36 37 40 42 44 45 46 47 48 49 51 52 53 54 56 59 60 63 64 65 66 67 68 69 70 71 72 75 76 77 79 81 82 86 87 89 90 91 92 93 94 96 97 99 100 101 102 104 105 106 108 109 111 113 114 116 117 118 119 120 121 122 124 126 128 129 130 131 132 133 134 135 136 137 140 141 142 143 144 145 146 148 149 150 151 153 154 155 156 157 158 159 160 161 162 163 164 166 167 168 169 170 171 172 173 174 175 176 177 179 180 181 182 183 185 186 189 190 191 192 193 194 195 196 197 198 199 200 0

57
1 3 4 5 7 8 9 10 11 12 13 14 15 16 18 19 20 21 22 27 28 29 30 32 33 34 35 36 39 40 41 42 43 44 45 47 48 49 50 51 52 53 54 55 56 58 59 60 61 62 63 64 65 66 67 68 69 70 71 72 73 74 75 76 79 80 81 82 84 85 86 87 88 89 91 92 93 94 95 97 99 100 101 102 103 106 108 109 110 111 113 114 116 117 118 119 120 121 122 123 124 126 128 130 131 132 133 134 135 136 137 138 140 141 142 143 144 145 148 149 150 151 152 154 157 158 159 160 161 162 163 166 167 168 169 170 171 173 175 177 178 179 180 181 183 185 187 191 192 194 195 196 197 198 199 200 0

58
1 2 3 4 5 6 7 8 9 10 11 12 13 16 17 18 19 20 22 23 24 25 26 28 29 30 31 33 34 35 37 38 39 40 41 43 44 45 46 47 48 49 50 52 54 55 56 57 58 59 60 61 62 63 64 65 67 68 69 70 71 74 75 76 77 78 79 80 81 82 84 86 87 88 90 91 92 94 95 96 97 100 101 102 103 104 105 107 108 109 110 111 112 113 114 115 116 117 118 120 121 122 124 126 127 128 129 130 133 134 135 136 137 138 140 141 142 143 144 145 146 147 148 149 150 151 152 154 155 156 158 159 161 162 163 164 166 167 168 169 170 171 172 173 174 175 177 179 180 181 182 183 184 185 186 188 189 190 191 192 193 195 196 197 198 199 200 0

59
1 2 4 5 6 8 9 10 11 12 13 14 15 17 18 19 20 21 22 23 24 25 26 27 28 29 30 31 34 35 36 37 38 39 40 41 42 43 44 45 46 47 48 49 51 52 53 54 55 57 58 59 60 61 62 63 64 65 66 67 68 69 70 71 72 73 74 75 77 79 80 81 82 83 84 85 86 87 88 89 90 91 92 93 94 95 96 97 98 99 100 102 103 104 105 106 108 111 112 113 114 115 116 117 118 119 120 121 122 125 126 127 129 130 131 133 134 135 136 137 138 139 140 143 144 145 147 149 151 152 153 154 155 156 157 158 159 160 162 164 165 166 167 169 170 171 172 173 175 176 177 178 179 180 181 182 183 184 185 186 187 188 189 191 193 194 195 196 197 198 199 200 0

60
1 3 4 5 6 7 8 9 10 11 12 13 14 15 17 18 19 20 21 22 23 24 25 26 27 28 30 31 32 33 34 35 36 38 39 40 42 43 44 45 46 47 48 49 50 51 52 53 55 56 57 59 60 61 62 63 64 65 66 68 69 70 71 72 73 74 75 76 77 79 80 81 82 83 84 86 87 88 89 90 91 92 93 94 95 96 97 99 100 101 102 104 106 107 108 109 110 111 112 116 117 118 119 120 121 122 123 124 125 126 127 128 129 130 131 133 134 136 137 138 139 141 142 143 144 145 147 148 149 150 151 153 155 157 158 159 161 162 163 165 166 169 170 173 174 175 176 177 179 180 181 182 183 184 185 186 187 188 191 192 193 194 195 196 197 198 199 0

61
1 2 3 4 5 7 8 9 15 16 17 18 19 20 21 22 23 24 25 26 30 33 34 37 38 40 41 42 43 44 45 46 47 48 49 50 51 52 54 56 57 58 59 60 61 62 63 64 65 66 67 68 69 70 71 72 73 74 76 77 78 79 81 83 85 86 88 89 90 92 93 94 95 96 97 98 99 100 101 102 103 106 107 108 109 111 112 114 115 116 117 118 120 121 122 123 126 127 128 129 130 131 132 133 134 135 136 138 140 141 142 143 144 145 147 149 150 151 152 154 155 156 157 158 160 161 162 163 164 165 166 167 168 169 170 171 173 174 177 179 180 181 182 184 185 186 187 188 189 191 193 194 195 196 197 198 0

62
1 2 3 4 5 6 7 8 9 10 11 12 13 14 15 16 17 18 19 20 21 22 23 24 25 26 27 28 29 30 31 32 34 35 36 37 38 39 41 42 43 44 45 46 47 49 51 52 53 54 55 57 59 60 61 62 63 64 65 66 68 69 70 71 72 74 75 76 77 78 79 81 82 83 84 85 86 87 88 89 90 91 92 93 94 95 96 97 98 99 100 102 103 104 105 106 107 109 110 111 112 114 115 116 117 118 119 120 121 122 123 126 127 128 129 130 131 132 133 134 135 136 137 138 139 140 141 142 143 144 145 146 147 148 149 150 151 152 153 154 155 156 157 158 159 161 162 163 164 166 167 168 169 170 171 173 174 175 176 177 180 181 182 183 184 185 186 187 188 189 190 191 192 193 194 195 196 197 198 199 200 0

63
1 2 3 4 5 7 8 9 10 11 12 13 14 15 17 18 19 20 21 22 23 25 27 28 30 32 33 34 35 38 39 40 41 42 44 46 47 49 51 52 53 54 55 56 57 58 60 61 62 63 64 65 66 68 70 72 73 74 75 76 77 79 80 81 82 83 84 86 87 88 89 90 91 93 94 95 96 97 99 100 101 102 103 104 105 106 107 109 111 112 113 114 116 118 119 121 122 123 125 126 128 129 130 131 132 133 134 135 136 137 138 139 140 141 142 145 147 148 149 150 153 154 157 158 159 161 162 163 164 165 166 167 168 169 170 171 173 174 175 176 177 179 180 181 182 183 184 185 186 187 188 189 190 192 194 195 196 197 198 199 200 0

64
1 2 3 4 5 6 7 9 10 11 12 13 14 15 17 18 19 20 21 22 23 24 25 26 27 28 29 31 33 34 35 36 38 40 41 42 43 44 45 47 48 50 51 52 53 54 55 56 57 58 59 60 61 62 63 64 65 67 68 69 70 71 72 73 74 75 76 77 78 79 80 81 82 83 84 85 86 87 88 89 90 91 92 93 94 97 98 99 100 101 102 103 104 105 106 107 109 110 111 112 113 114 115 116 117 121 122 123 124 125 126 127 128 130 131 132 133 134 135 136 137 138 139 140 141 142 143 144 145 147 148 149 150 151 152 153 154 155 156 157 158 159 160 162 163 164 166 167 168 169 172 173 174 175 177 178 180 181 182 183 184 185 186 187 188 190 192 193 194 195 196 197 199 0

65
1 3 4 7 8 9 11 12 13 15 16 17 18 19 21 23 24 25 26 27 28 30 32 33 34 35 37 39 40 41 42 44 45 46 47 48 49 50 52 53 54 55 56 57 59 60 61 62 63 64 65 66 67 68 69 70 71 72 73 74 75 77 79 80 81 82 84 86 87 88 89 90 92 93 94 96 97 98 99 100 101 102 105 106 109 110 111 112 114 115 116 118 119 120 121 122 123 126 129 130 133 134 135 136 137 138 139 140 142 143 145 148 149 150 151 152 153 154 156 158 159 160 161 162 163 167 168 169 170 171 173 174 177 179 180 181 183 184 185 186 189 190 191 192 193 195 196 197 198 199 0

66
1 2 3 4 5 6 7 8 9 10 12 13 14 15 16 17 18 19 20 21 25 27 28 29 30 32 34 35 36 37 38 41 43 44 45 46 47 48 50 51 52 53 56 58 59 60 61 62 63 64 66 68 69 70 72 73 74 75 76 78 79 81 82 84 86 87 88 90 91 92 93 94 95 96 97 98 99 100 101 102 103 104 105 107 109 110 111 112 113 115 116 119 121 122 123 124 127 128 129 130 131 132 133 134 135 136 137 139 141 145 147 148 149 150 151 152 153 154 155 156 157 159 160 162 163 164 165 167 169 170 172 173 174 175 176 177 179 180 181 182 183 184 185 186 189 190 191 192 193 194 195 196 197 198 199 200 0

67
1 2 4 5 6 7 8 9 10 11 12 13 14 15 16 17 18 19 20 21 22 23 24 25 26 28 29 30 31 32 33 34 35 36 37 38 39 40 41 42 43 44 45 46 47 48 49 50 52 53 54 55 56 57 58 59 60 61 62 63 66 67 68 70 72 73 74 75 76 77 78 79 80 81 82 83 84 85 86 87 88 89 90 91 92 93 94 95 96 97 98 99 100 101 102 103 104 105 106 107 108 109 110 111 112 113 114 116 117 118 119 120 121 122 124 125 126 127 128 129 130 131 132 133 134 135 137 138 139 140 141 142 143 144 145 146 147 148 149 150 152 153 154 155 156 157 158 159 160 161 164 165 166 167 168 169 171 173 175 176 177 178 180 181 182 183 184 185 186 187 188 189 190 191 192 193 195 196 197 198 199 200 0

68
1 2 3 4 5 6 8 9 10 11 12 13 14 15 16 18 19 20 21 22 23 24 25 26 27 28 30 31 32 34 35 36 38 39 40 41 43 44 45 46 47 49 50 51 52 53 54 57 59 60 61 62 63 64 65 66 67 68 69 71 72 73 74 75 76 77 78 79 80 81 82 83 84 85 86 87 88 89 90 91 93 94 95 96 97 99 100 101 102 103 104 105 106 107 108 109 110 111 112 113 114 116 117 118 119 120 122 123 126 127 128 129 130 131 132 133 134 135 136 137 138 139 141 142 143 144 145 146 147 148 149 150 151 153 154 155 156 157 158 159 160 161 162 164 165 166 167 168 169 170 171 172 173 174 175 176 178 180 181 182 183 184 185 186 187 188 189 190 191 192 193 194 195 196 197 198 199 200 0

69
1 3 4 5 7 8 9 11 12 13 15 16 18 19 21 23 24 27 28 30 32 33 34 39 40 41 42 43 45 47 48 49 50 51 52 54 55 58 59 60 61 62 63 64 66 67 68 69 71 72 73 74 75 76 79 80 81 82 85 86 87 88 89 90 92 93 94 97 98 99 100 101 102 105 106 107 108 109 110 116 118 119 120 121 122 125 126 128 129 130 131 132 133 134 135 136 138 141 145 148 149 150 151 153 154 156 157 158 159 160 161 163 166 167 168 169 170 171 175 178 179 181 183 187 188 191 192 194 196 197 198 200 0

70
1 3 4 5 7 8 9 11 12 13 14 15 16 17 18 19 20 22 23 24 25 26 27 28 29 30 32 33 35 38 40 41 42 44 46 47 48 49 50 51 52 55 56 58 60 61 62 63 64 65 66 68 69 70 71 72 74 75 76 77 79 80 81 82 83 84 86 87 88 89 90 91 93 94 96 97 99 100 101 102 104 105 106 108 109 111 113 114 115 116 117 118 119 121 122 123 124 125 126 128 130 131 132 133 134 135 136 137 138 140 141 142 143 144 145 148 149 150 151 153 154 156 157 158 159 160 161 163 165 166 167 168 169 170 171 173 175 176 177 178 179 180 181 182 183 184 185 186 187 188 189 191 192 194 195 196 197 198 199 200 0

71
1 2 3 4 6 7 8 9 10 12 13 14 15 16 18 19 20 21 22 23 25 26 27 28 29 31 32 33 35 36 37 38 40 41 42 43 44 46 47 48 49 50 51 52 53 54 55 56 57 58 59 60 61 62 63 64 65 66 67 68 71 72 73 74 75 76 77 79 80 81 82 83 85 86 87 88 89 90 91 92 93 94 96 97 99 100 101 102 103 104 105 106 107 108 109 110 112 113 114 115 116 118 119 120 121 122 124 125 126 127 128 129 130 131 132 133 134 135 136 137 138 139 140 141 142 143 144 145 146 147 149 150 151 153 156 157 158 160 161 162 163 164 165 167 168 169 170 171 172 176 177 179 180 181 183 184 185 186 187 188 189 191 192 193 195 197 198 200 0

72
1 3 4 5 6 8 9 10 13 14 15 16 17 18 19 20 23 24 25 26 28 29 30 31 32 33 34 35 36 37 38 40 41 43 44 45 46 47 48 50 51 52 54 55 57 58 59 60 61 62 63 64 65 66 67 68 69 70 71 72 73 74 75 76 77 79 81 82 84 86 87 88 89 90 91 92 93 94 96 97 99 100 101 102 104 105 106 108 109 110 111 113 114 115 116 117 118 120 121 122 123 126 127 128 129 130 133 134 135 137 139 140 141 142 143 144 145 146 148 149 150 151 152 153 154 156 158 159 161 162 163 166 167 168 169 170 172 173 174 175 176 177 180 181 183 184 185 187 188 191 192 195 196 197 199 200 0

73
1 4 5 6 7 8 9 10 11 12 13 15 16 17 18 19 20 21 22 23 24 26 27 28 29 30 31 32 33 34 36 37 38 39 40 41 42 43 44 45 46 47 48 49 50 52 53 54 55 56 57 59 60 61 62 63 65 67 68 69 71 72 73 74 75 76 77 79 80 81 82 83 84 85 86 87 88 89 91 92 93 94 95 96 97 98 99 100 101 102 103 105 106 107 108 109 110 111 112 114 116 117 118 119 120 122 123 125 126 127 128 129 130 131 133 134 135 136 137 138 139 140 141 142 143 144 145 147 148 149 150 152 154 155 156 157 158 159 161 162 163 164 165 166 167 168 169 170 171 172 173 174 175 176 177 178 179 180 181 182 183 184 185 186 187 188 189 191 192 193 195 196 197 198 199 200 0

74
1 2 4 5 8 9 10 11 12 13 14 15 17 18 19 21 22 25 26 27 28 29 30 31 32 34 35 36 37 38 39 40 41 42 44 45 46 47 52 53 54 55 56 58 60 61 62 63 64 65 66 67 68 69 70 72 73 74 75 76 77 78 80 81 82 83 84 85 86 87 88 89 90 91 92 93 94 95 96 97 99 100 101 102 103 104 105 106 107 109 110 111 112 113 114 116 117 118 119 120 121 122 123 124 125 126 128 129 130 131 132 133 134 135 136 137 138 139 140 141 142 143 145 147 148 149 150 152 153 154 155 157 158 159 160 161 162 163 164 165 168 169 170 171 172 173 174 175 176 177 178 179 180 181 182 183 184 185 186 187 188 192 194 195 196 198 199 200 0

75
1 4 5 7 8 9 10 12 13 14 15 16 17 18 19 20 21 22 24 26 27 28 30 31 32 33 34 35 36 38 39 40 41 42 43 44 45 46 47 48 49 50 51 52 53 54 55 56 57 59 60 62 63 64 66 67 68 69 70 71 72 73 75 76 77 78 79 80 82 83 84 85 86 87 89 90 92 93 94 95 96 97 98 99 100 101 102 103 104 105 106 108 109 110 111 112 113 114 115 116 117 118 119 120 121 122 124 125 126 129 130 131 132 133 134 135 136 137 139 140 142 144 145 146 148 149 150 151 153 154 155 156 157 158 161 162 163 164 165 167 168 169 170 171 172 173 174 175 176 177 178 179 180 182 183 185 186 188 189 190 192 193 195 196 197 198 200 0

76
1 3 4 5 7 8 9 12 13 14 15 16 18 20 21 22 23 24 25 27 28 29 30 32 33 35 38 40 41 42 45 46 47 48 49 50 51 52 56 60 61 63 64 65 66 68 69 71 72 75 76 79 80 81 82 84 86 87 88 89 90 91 93 94 96 97 99 100 101 102 104 106 108 109 111 113 114 116 118 119 120 121 122 123 124 125 127 128 129 130 132 134 135 136 137 138 141 142 143 144 145 148 150 151 153 154 156 157 159 160 161 163 165 166 167 168 169 170 171 173 175 176 177 178 179 180 181 184 185 186 187 189 192 194 195 196 197 198 200 0

77
1 3 4 5 6 7 8 9 10 12 13 14 15 17 18 20 21 22 23 25 26 27 28 29 30 31 32 33 34 35 36 38 39 40 41 42 44 45 46 47 48 49 50 51 52 53 55 56 57 59 60 61 62 63 64 65 66 67 68 69 70 71 72 73 74 75 76 78 79 80 82 83 84 85 86 87 89 90 91 92 93 94 95 96 97 98 99 100 101 102 106 107 108 110 111 112 113 114 115 116 117 118 119 120 121 122 123 124 125 126 127 128 129 130 131 132 133 134 135 136 137 138 139 141 142 143 145 146 147 148 149 150 151 152 154 155 157 158 159 161 163 165 166 167 168 169 170 171 172 173 174 176 177 178 179 180 181 182 183 184 185 187 188 189 190 192 193 196 197 198 199 200 0

78
1 3 4 5 8 9 12 13 14 16 17 18 19 20 21 23 24 25 26 27 28 30 31 32 33 34 35 36 37 38 39 40 41 42 44 45 46 47 48 49 50 51 52 53 54 55 57 60 61 62 63 64 65 66 67 68 69 72 73 74 75 76 77 79 81 82 83 86 87 89 90 92 93 94 95 96 97 98 99 100 101 102 104 106 107 108 109 111 112 115 116 118 119 120 121 122 123 124 126 127 128 129 130 131 133 134 135 136 137 139 140 141 142 143 144 145 147 148 149 150 151 152 153 155 156 157 158 159 162 163 164 166 167 168 169 170 172 173 174 175 176 179 180 181 183 185 186 191 193 194 195 196 197 198 199 200 0

79
1 2 3 4 5 7 8 9 11 12 13 14 15 16 18 19 20 21 23 24 25 26 27 28 30 32 33 34 35 36 37 40 41 42 43 44 45 46 47 48 49 50 51 52 54 55 56 57 59 60 61 62 63 64 65 67 68 69 71 72 73 74 75 76 77 79 80 81 82 83 84 85 86 87 88 89 90 91 92 93 94 96 97 99 100 101 102 104 105 106 107 108 109 110 111 112 113 114 115 116 117 118 122 123 125 126 127 128 129 130 131 133 134 135 137 138 139 140 141 142 143 145 146 147 148 149 150 151 152 153 155 156 157 158 159 161 162 163 166 168 169 170 172 173 175 176 177 178 179 180 181 183 184 185 189 191 194 196 197 198 199 200 0

80
1 3 4 5 7 8 9 10 11 13 14 15 16 18 19 20 22 23 24 25 26 28 29 30 31 32 33 34 35 36 37 39 40 41 43 44 45 46 47 48 50 51 52 53 55 57 58 59 60 61 62 63 64 65 67 68 69 70 71 72 73 74 75 76 77 78 79 81 82 83 84 85 86 87 88 89 90 91 92 93 94 96 97 99 100 101 102 103 104 105 106 108 109 110 111 113 114 115 116 117 118 120 121 122 123 124 126 127 128 130 132 133 134 135 137 138 139 140 141 142 143 144 145 146 148 149 150 151 152 153 154 158 159 161 162 163 164 166 167 168 169 170 172 173 174 175 176 177 178 180 181 182 183 184 185 186 188 189 190 192 195 196 197 199 0

81
1 3 4 5 7 8 9 10 11 12 13 14 15 16 17 18 19 20 22 23 24 25 26 27 28 29 30 32 33 35 36 37 38 40 41 42 44 46 47 48 49 50 52 53 54 55 56 58 59 60 61 62 63 64 66 67 68 70 71 72 73 74 75 76 77 79 80 82 83 84 86 87 88 89 91 92 93 94 95 97 98 99 100 101 102 104 105 106 107 108 111 114 115 116 117 119 120 121 122 123 125 126 130 131 132 133 134 135 137 138 139 140 141 143 147 149 150 151 152 153 154 155 157 158 160 161 162 163 165 167 168 169 170 171 174 175 177 178 179 180 181 182 183 185 186 187 188 189 191 192 193 195 196 197 198 199 200 0

82
1 2 3 4 5 6 7 8 9 10 11 12 13 14 15 16 17 18 19 20 21 22 23 24 25 26 27 28 29 32 33 34 35 36 37 38 39 40 41 42 43 44 45 46 47 48 49 50 51 52 54 55 56 57 58 59 60 61 62 63 64 65 66 67 68 69 70 71 72 73 74 75 76 77 78 79 80 81 82 84 85 86 87 88 90 91 92 93 94 95 96 97 98 99 100 101 102 103 104 105 106 107 108 109 110 111 112 113 114 115 116 117 120 121 122 123 124 125 126 127 128 129 130 131 132 133 134 135 137 138 140 141 142 143 144 145 147 148 149 150 151 152 153 154 155 159 161 163 164 166 167 168 169 170 172 173 174 175 176 177 179 180 181 183 184 185 186 189 190 191 192 195 196 197 198 199 200 0

83
1 2 3 4 6 7 8 9 11 13 15 16 17 18 19 20 21 22 23 24 27 28 30 32 33 34 35 36 37 40 41 42 43 44 45 46 47 48 49 50 51 52 53 54 55 57 58 59 60 61 62 63 64 66 67 68 69 70 72 73 74 75 76 77 79 80 81 82 83 85 86 87 88 89 91 93 94 95 96 97 99 100 101 102 103 104 105 106 107 109 110 111 112 114 115 116 117 118 121 122 123 124 125 126 128 129 130 131 132 133 134 135 136 137 138 139 140 141 144 145 147 148 149 150 151 153 156 157 161 162 163 165 166 168 169 170 171 173 174 175 176 177 178 179 180 181 182 183 184 185 186 187 188 191 192 193 194 195 196 198 199 200 0

84
1 3 4 5 7 8 9 10 11 13 15 17 18 19 20 21 22 23 25 26 27 28 29 30 31 32 34 35 36 37 38 39 40 41 42 44 46 47 48 51 52 53 54 55 56 58 59 60 61 62 63 64 66 67 68 69 70 72 74 75 76 77 80 81 82 84 85 86 87 88 91 92 93 94 97 99 100 101 102 103 104 105 106 107 109 110 111 112 114 115 116 117 118 119 121 122 123 125 126 128 129 130 132 133 134 135 136 137 138 139 140 141 142 143 145 147 148 149 150 151 153 154 157 158 159 160 161 162 163 164 166 167 168 169 172 173 175 176 177 179 180 181 183 184 185 186 187 188 191 192 193 194 195 196 197 198 199 0

85
1 2 3 4 5 6 7 8 9 10 11 12 14 15 16 17 18 19 20 21 22 24 25 26 27 28 29 30 33 34 35 36 37 38 39 40 41 42 43 44 45 46 47 48 49 50 51 52 53 54 55 56 57 58 59 60 61 62 63 64 65 67 68 69 70 71 73 74 75 77 79 80 81 82 83 84 86 87 88 89 90 91 92 93 94 95 96 97 98 99 100 101 102 103 104 105 106 108 109 110 113 114 115 116 117 118 121 122 124 125 126 129 130 131 133 134 135 136 137 138 139 140 141 142 143 144 145 146 147 148 149 150 151 152 154 155 157 159 160 161 162 163 164 165 166 167 168 169 170 171 173 174 175 176 177 179 180 181 182 183 185 186 187 188 191 192 194 195 196 197 198 200 0

86
1 2 3 4 5 6 7 8 9 10 11 12 13 14 15 16 17 18 19 20 21 22 23 24 25 26 27 28 29 30 32 33 34 35 38 39 40 42 43 44 45 46 47 48 49 50 51 52 53 54 57 59 60 61 62 63 64 65 66 67 68 69 71 72 73 74 75 76 77 78 79 80 81 82 83 84 86 87 89 90 91 92 93 94 96 97 98 99 100 101 102 104 106 107 108 109 111 112 113 114 116 118 119 120 121 122 123 124 126 127 128 129 130 131 133 134 135 136 137 138 139 140 141 142 143 144 145 146 147 148 149 150 151 152 153 154 155 156 158 159 160 161 163 166 167 168 169 170 172 173 174 175 177 178 179 180 181 183 184 186 189 192 193 195 196 197 198 199 0

87
1 2 3 4 5 6 7 8 9 10 12 13 15 16 17 18 19 20 21 22 23 25 26 27 28 30 31 32 33 34 35 36 37 38 39 40 41 42 43 44 46 47 48 49 50 51 52 53 55 56 57 58 59 60 61 62 63 65 66 68 69 70 71 72 73 77 78 79 80 81 83 84 85 86 87 91 93 94 95 97 98 99 100 101 102 105 108 109 110 111 113 114 115 116 117 118 119 121 122 123 124 125 126 127 128 129 130 131 132 133 134 135 137 138 140 142 143 144 145 148 149 150 152 153 154 155 156 158 160 161 162 163 164 165 166 167 168 169 170 172 174 175 176 178 179 180 181 182 183 185 186 187 189 190 191 192 193 194 195 196 197 198 199 200 0

88
1 2 3 5 8 9 10 11 12 13 15 16 18 19 20 21 22 24 25 26 27 28 29 30 32 33 34 35 36 37 38 39 40 41 43 44 45 46 47 48 49 50 52 54 55 56 57 58 59 60 61 62 63 64 65 66 67 68 69 70 71 74 75 76 77 78 79 81 82 84 86 88 89 90 91 92 93 94 95 96 97 100 101 102 103 104 105 106 107 108 109 110 111 112 113 114 115 116 117 118 119 121 122 124 125 126 127 128 130 131 133 134 135 136 137 138 140 141 142 143 144 145 147 148 149 150 151 152 153 154 156 158 159 161 162 163 164 166 167 168 169 170 171 172 173 174 175 176 177 179 180 181 183 184 185 186 188 190 191 192 194 195 196 197 198 199 200 0

89
1 3 4 7 8 9 11 12 13 15 16 18 19 21 22 23 24 27 28 30 32 33 34 37 40 41 42 43 44 45 47 48 49 50 51 52 53 54 56 59 60 61 62 64 65 66 67 68 69 70 71 73 74 75 76 79 80 81 82 85 86 87 88 89 92 93 94 96 97 99 100 101 102 103 104 105 106 107 108 109 110 111 114 115 116 117 118 119 120 121 122 123 124 125 126 128 130 131 132 133 134 135 137 138 140 141 142 143 144 145 148 149 150 151 152 153 154 156 157 158 159 161 163 165 166 167 168 169 170 171 173 176 177 178 179 180 181 183 186 187 188 192 193 194 195 196 197 198 199 0

90
3 4 5 7 8 9 11 15 16 17 18 19 21 22 24 25 27 28 30 32 33 39 41 42 45 46 47 48 50 52 54 56 60 61 63 65 66 68 69 70 74 80 81 82 84 85 86 87 88 89 91 92 93 94 96 97 99 101 102 105 106 107 109 111 118 119 120 122 125 129 130 131 132 134 135 136 139 140 141 142 144 145 146 147 148 149 150 151 154 156 157 158 159 160 162 163 165 167 168 169 170 171 172 173 175 176 177 180 181 184 185 186 188 190 191 192 194 195 196 197 200 0

91
1 2 3 4 5 6 7 8 9 10 11 12 13 14 16 17 18 19 20 21 22 23 24 26 29 30 31 32 33 34 35 36 37 38 39 40 41 43 44 45 46 47 48 52 53 54 55 56 57 58 60 61 62 63 64 65 66 67 68 69 70 71 72 73 74 75 76 77 78 79 80 81 82 83 84 85 86 87 88 89 90 91 92 93 95 96 97 98 99 100 101 102 103 104 105 106 107 108 109 110 111 112 113 114 115 116 117 118 119 120 122 123 124 125 126 127 128 129 130 131 132 133 134 135 136 137 138 139 140 141 142 143 144 146 147 148 149 150 152 154 155 156 157 158 159 160 164 165 166 167 168 169 170 171 173 176 177 178 179 180 181 182 183 184 185 186 187 189 190 191 193 195 196 197 198 199 0

92
1 3 4 5 6 8 9 10 11 12 13 14 15 16 18 19 20 21 22 23 24 25 26 28 29 30 33 35 36 37 39 40 41 43 44 45 46 47 48 50 51 52 53 54 55 56 57 58 59 60 61 62 63 64 65 66 67 68 69 70 71 72 73 74 75 76 77 79 81 82 83 84 85 86 87 88 89 90 91 92 93 94 95 96 97 98 99 100 101 102 103 104 105 106 108 109 110 111 113 114 115 116 117 118 121 122 123 126 127 128 129 130 133 134 135 137 138 140 141 142 143 144 145 146 148 149 150 151 152 153 154 155 156 158 159 161 162 163 164 165 166 167 168 169 170 171 172 173 174 175 176 177 178 179 180 181 182 183 184 185 186 187 188 192 195 196 197 199 200 0

93
1 3 5 6 8 9 11 12 15 16 17 18 19 20 21 24 27 28 31 32 33 36 37 39 46 47 48 50 51 52 53 56 60 63 64 65 66 69 70 77 80 81 82 86 87 89 90 92 96 97 99 101 102 105 109 110 111 118 119 121 122 125 130 131 134 135 136 140 142 145 147 150 151 154 156 157 158 159 161 162 163 166 167 169 170 171 180 181 184 189 191 193 195 196 197 198 199 200 0

94
1 2 4 5 6 8 9 10 11 13 14 16 17 18 19 20 22 23 25 26 28 29 30 31 32 33 34 35 36 37 38 39 40 41 43 44 45 46 47 48 49 50 52 53 54 55 56 57 58 59 60 61 62 63 65 66 67 68 69 70 71 72 73 74 75 76 77 78 79 80 81 82 83 84 85 86 87 88 90 91 92 93 94 95 96 97 98 99 100 102 103 104 105 106 107 108 109 110 111 112 113 114 115 116 117 118 119 120 122 124 125 126 127 128 129 130 131 132 133 134 135 136 137 138 139 140 141 143 144 145 147 148 149 150 152 154 155 156 157 158 159 161 164 166 167 168 169 171 172 173 175 176 177 178 180 181 182 183 184 185 186 187 191 192 193 195 196 197 198 199 0

95
1 2 3 4 5 7 8 9 11 12 13 15 16 17 18 19 20 21 23 24 25 27 28 29 30 31 32 33 34 35 36 37 40 41 42 44 45 46 47 48 49 50 51 52 53 54 56 57 59 60 61 62 63 64 65 68 70 71 72 74 75 76 77 79 80 81 82 83 86 87 88 89 90 91 92 93 94 95 96 97 99 100 101 102 104 105 106 108 109 110 111 113 114 115 116 117 118 119 120 122 124 125 126 128 129 130 131 132 133 134 135 136 137 140 141 142 143 144 145 146 148 149 150 151 154 155 156 157 158 159 161 162 163 164 165 167 168 169 170 171 172 173 174 175 176 177 179 180 181 182 183 184 185 186 187 188 190 192 193 194 195 196 197 198 199 200 0

96
1 2 3 4 5 6 7 8 9 10 11 13 14 15 16 17 18 19 20 21 22 23 25 26 27 28 29 31 32 33 34 35 36 37 38 39 40 41 42 43 44 45 46 47 48 49 50 51 52 53 54 55 56 57 58 59 60 61 62 63 64 65 66 67 68 69 70 71 72 73 74 75 76 77 78 79 80 81 82 83 84 85 86 88 89 90 91 92 93 94 95 96 97 98 99 100 101 102 103 104 105 106 107 108 109 110 111 112 113 114 115 116 117 118 120 121 122 123 124 125 126 128 129 130 131 132 133 134 135 136 137 138 139 140 141 142 143 145 147 148 149 150 151 152 153 154 156 158 159 161 162 163 164 165 166 167 168 169 170 171 172 173 174 175 176 177 178 179 180 181 182 183 184 185 186 189 191 192 193 195 196 197 198 199 0

97
1 2 3 4 5 7 8 9 10 11 12 13 14 15 16 17 18 19 20 21 23 24 25 26 27 28 29 30 31 32 33 34 35 36 37 38 39 40 41 43 44 45 46 47 48 49 50 52 53 54 56 57 58 59 60 62 63 64 65 66 67 68 69 70 71 72 75 76 77 78 79 80 81 82 86 87 89 91 92 93 94 95 97 99 100 101 102 103 104 105 106 107 108 109 110 112 113 114 115 116 117 118 120 121 122 123 124 125 126 128 129 130 132 133 134 135 136 137 138 139 140 141 142 143 144 145 146 147 148 149 150 151 154 155 156 157 158 159 160 161 162 163 164 165 167 168 169 170 171 172 173 174 175 176 177 179 180 181 182 183 185 187 188 191 192 195 196 197 200 0

98
1 2 3 4 5 7 8 9 12 13 15 16 17 18 19 20 21 22 23 24 25 27 28 30 32 33 34 35 36 37 38 39 40 42 43 44 45 46 47 48 49 50 51 52 53 54 59 60 61 63 64 65 66 67 68 69 70 72 73 74 75 76 77 79 80 81 82 83 85 86 87 88 89 90 91 92 93 94 96 97 99 100 101 102 104 105 106 108 109 111 112 113 115 116 117 118 119 120 121 122 123 124 125 126 128 129 130 131 132 133 134 135 136 137 139 140 141 142 143 145 146 147 148 149 150 151 152 154 155 156 157 159 160 161 162 163 164 166 167 168 169 170 171 172 173 175 176 177 179 180 181 182 183 185 186 187 188 190 191 192 193 194 195 196 197 198 199 200 0

99
1 3 4 5 6 7 8 9 11 13 14 15 16 17 18 20 21 22 23 26 27 28 29 31 32 33 34 35 37 38 40 41 42 44 46 47 48 49 50 51 52 53 54 55 56 57 58 59 60 62 63 64 66 67 68 69 70 71 72 75 76 77 78 79 80 82 83 86 87 88 89 90 91 92 93 94 97 98 99 100 101 102 103 104 105 106 108 109 110 111 112 113 114 115 116 117 118 119 120 121 122 124 126 129 130 131 132 133 134 135 136 137 140 141 142 143 144 145 146 148 149 150 151 154 155 156 157 158 161 162 163 164 165 168 169 170 171 172 173 174 175 176 177 178 179 180 182 183 185 186 188 189 190 192 193 195 196 197 198 200 0

100
1 3 4 5 6 7 8 9 11 12 14 15 16 17 18 19 20 21 23 24 25 26 28 30 32 33 34 35 36 37 38 39 40 42 43 44 45 46 47 49 50 51 52 54 57 59 60 61 62 63 64 65 67 68 69 70 71 72 73 74 75 76 78 79 80 81 82 83 84 86 88 89 90 92 93 94 96 97 98 99 100 101 102 103 104 105 106 107 108 109 110 111 112 114 116 118 119 121 122 123 124 125 126 127 128 129 130 131 134 136 137 138 139 140 141 142 143 144 145 146 147 148 149 150 151 152 153 154 155 157 158 159 162 163 166 167 169 170 171 173 174 175 176 177 178 179 180 181 183 185 186 189 191 192 193 195 196 197 198 199 200 0

