Sample_index:1
1 2 3 4 5 7 8 9 10 12 14 15 17 18 20 21 22 23 24 25 26 28 29 31 32 34 35 36 37 38 39 40 41 42 43 44 45 46 47 48 49 50 0
1 2 3 5 7 9 11 12 13 14 15 17 19 21 23 24 25 26 27 28 30 31 32 33 35 36 37 38 40 42 43 45 46 49 50 0
3 4 5 7 8 9 10 11 13 14 15 16 17 18 20 23 24 26 27 28 30 31 32 33 37 38 39 40 41 42 44 47 49 50 0
1 2 3 5 7 11 12 13 14 16 17 18 19 21 22 24 26 27 28 29 34 35 39 41 42 43 44 45 46 47 48 49 50 0
1 2 4 5 8 9 10 11 12 13 14 15 16 17 18 19 20 21 23 24 26 27 28 29 31 32 34 35 36 37 38 39 41 42 44 46 48 0
1 3 6 7 10 11 13 15 16 17 20 22 23 24 25 28 29 34 35 36 37 40 41 43 44 45 46 47 48 50 0

Sample_index:2
1 3 4 6 8 9 10 11 12 14 15 16 17 18 20 21 22 23 24 26 27 28 29 30 31 32 33 35 36 37 38 40 41 42 43 44 45 46 47 48 49 50 0
1 2 4 5 7 8 9 12 15 16 17 18 21 22 23 24 26 27 28 29 30 31 32 33 34 36 37 38 39 40 41 42 43 44 45 46 47 48 49 50 0
1 3 5 6 7 8 9 10 11 12 14 15 16 17 19 20 21 22 23 24 28 29 30 31 32 33 34 35 36 39 40 41 42 43 44 45 46 48 49 50 0
2 3 4 5 8 9 10 11 12 13 14 15 16 17 18 19 20 22 23 24 26 27 28 29 30 31 32 33 35 36 40 41 42 43 44 45 46 48 49 50 0
2 3 4 5 6 7 8 9 10 11 12 13 14 15 16 17 18 19 20 21 22 23 24 25 26 27 28 29 31 32 33 34 35 36 37 38 39 40 42 43 44 45 47 48 49 50 0
1 2 4 5 6 7 8 9 11 12 13 14 15 16 17 18 19 22 23 24 25 27 28 29 30 33 34 35 36 37 38 39 40 41 43 44 47 48 49 50 0

Sample_index:3
1 3 4 7 8 9 10 11 12 13 14 16 17 18 20 21 22 23 24 25 26 27 28 29 30 31 32 33 34 35 36 37 38 39 40 41 42 43 44 46 48 49 0
1 2 3 4 6 7 9 11 12 14 15 16 17 18 20 21 22 23 24 25 26 27 28 29 30 31 32 33 34 35 39 40 41 42 46 47 48 49 50 0
1 3 4 5 7 8 9 10 11 12 14 15 16 17 18 20 22 24 25 26 27 28 29 30 31 32 33 34 35 36 37 38 41 42 43 44 46 47 48 49 50 0
1 2 3 4 5 6 8 9 11 12 14 15 16 17 18 19 20 21 22 24 25 26 27 28 29 31 33 34 35 36 39 40 41 42 43 44 47 48 49 50 0
1 2 3 4 5 7 8 10 11 12 13 14 15 16 17 18 19 20 21 23 24 27 28 29 30 31 32 33 34 35 36 37 38 39 40 41 42 43 44 45 46 48 50 0
1 2 3 4 5 6 7 8 10 11 12 13 15 16 17 18 20 21 22 23 24 25 26 28 29 31 35 36 37 38 40 41 42 43 44 45 46 47 48 0

Sample_index:4
3 4 5 6 7 8 9 10 12 13 14 15 17 18 19 20 22 23 26 31 32 33 34 35 36 37 38 39 40 43 44 46 47 48 49 50 0
3 4 6 8 9 10 11 13 14 15 16 17 18 19 20 21 22 23 24 27 29 30 31 32 33 36 37 38 39 40 41 42 46 48 50 0
1 2 3 5 6 8 9 10 13 15 16 18 20 23 24 25 26 27 28 29 30 31 32 33 34 35 36 37 39 40 41 43 44 45 46 47 49 0
1 2 4 5 6 7 10 14 16 18 19 21 22 23 27 28 29 30 33 34 35 36 37 39 40 41 42 43 44 45 47 48 49 50 0
1 2 4 5 8 10 11 12 13 14 17 22 23 24 25 26 27 28 30 31 32 33 34 35 36 37 38 39 40 42 44 45 46 48 50 0
1 2 6 7 8 9 10 11 13 16 17 19 20 21 22 23 24 25 27 28 29 30 33 34 35 36 38 39 40 41 44 45 46 48 50 0

Sample_index:5
1 2 3 4 5 7 8 9 10 11 12 14 15 16 17 18 20 21 22 23 24 25 26 27 28 29 30 31 32 33 35 36 37 38 39 40 41 43 44 45 46 47 48 49 50 0
1 2 4 5 6 7 8 9 10 11 12 13 14 15 16 17 18 19 21 22 23 24 25 26 27 28 31 32 33 36 37 38 41 42 43 44 46 47 48 49 50 0
1 2 3 4 5 6 7 8 9 10 11 12 13 14 15 16 17 18 19 20 22 23 24 25 26 27 28 30 31 32 35 37 38 39 40 41 42 43 44 45 46 47 48 49 50 0
1 2 3 4 5 6 7 8 9 10 11 12 13 14 15 17 18 19 21 22 23 24 25 26 27 28 29 30 31 32 33 34 35 36 37 38 39 40 41 42 44 45 46 47 48 49 50 0
1 2 3 5 6 7 8 9 10 12 13 14 15 16 17 18 19 20 21 22 23 24 25 26 27 28 29 31 33 34 35 36 37 39 40 41 42 43 44 45 46 47 48 49 50 0
1 2 3 4 5 6 7 8 9 10 11 12 13 14 15 16 17 18 19 22 23 25 26 27 28 29 30 32 33 34 35 36 37 38 39 40 41 42 44 46 47 48 49 50 0

Sample_index:6
1 3 4 6 7 9 10 11 14 15 16 17 18 20 23 24 25 26 27 28 29 30 31 32 33 34 35 36 37 39 40 41 42 43 44 47 48 49 50 0
2 4 5 6 7 8 9 11 12 13 14 15 16 17 18 19 20 21 22 23 24 25 26 28 29 30 31 32 33 34 36 37 38 39 41 42 43 45 47 48 49 50 0
1 3 4 5 6 7 8 9 10 11 12 14 15 16 17 18 19 21 22 23 24 27 28 30 31 32 33 34 35 36 38 40 41 42 43 44 48 50 0
1 2 3 5 6 7 8 9 10 11 12 13 14 15 16 17 18 19 20 22 24 25 26 27 28 31 33 34 35 36 38 40 41 42 43 44 45 46 47 50 0
1 3 4 5 6 7 8 9 10 11 12 13 14 15 16 17 18 19 20 21 22 23 24 26 27 28 29 31 32 33 34 35 36 38 39 40 42 43 45 48 0
1 2 3 4 6 7 8 9 10 11 12 13 14 15 16 17 18 20 22 23 24 25 26 28 30 31 32 33 34 35 36 37 38 39 40 41 43 44 46 47 48 50 0

Sample_index:7
1 2 3 4 5 7 10 11 12 13 16 17 18 19 20 21 22 24 27 28 29 31 32 33 34 35 38 40 42 43 44 45 46 47 48 49 50 0
1 3 4 5 6 9 10 12 13 14 15 18 19 20 21 22 23 24 25 29 31 32 33 34 36 37 38 39 40 41 42 43 45 46 47 48 0
1 3 4 5 7 8 9 10 11 12 13 14 15 16 17 18 19 20 23 24 25 26 28 31 32 33 34 35 36 37 38 40 41 42 44 45 46 47 48 50 0
1 2 3 4 5 8 9 10 12 13 14 15 16 17 18 19 20 21 22 23 24 25 26 27 28 29 30 31 32 33 34 36 37 39 41 42 43 44 45 47 48 49 50 0
1 3 4 6 7 8 9 10 12 13 14 15 16 18 19 20 21 22 26 27 28 29 30 31 32 33 34 35 36 37 38 39 41 42 44 46 47 48 49 50 0
1 2 3 4 5 6 7 9 10 11 12 13 16 17 18 19 20 21 22 23 24 25 26 27 29 30 31 32 34 35 36 37 38 40 41 44 46 48 49 50 0

Sample_index:8
2 3 4 6 7 8 9 10 11 12 13 14 16 17 18 20 21 23 24 26 27 28 29 30 31 32 33 34 35 36 39 40 42 43 44 45 48 50 0
1 4 5 8 9 11 12 13 14 15 16 17 18 19 20 21 22 26 28 29 30 31 32 33 35 36 37 38 39 40 41 42 44 45 47 48 49 50 0
1 3 6 8 9 11 13 14 15 16 18 19 20 21 23 24 26 27 28 29 30 31 32 33 34 35 37 39 40 41 42 44 45 47 48 49 0
1 2 3 4 5 6 9 10 12 13 15 17 18 20 21 22 23 24 25 27 28 29 30 31 32 33 34 35 37 38 39 40 41 42 43 44 46 48 49 50 0
1 4 5 6 8 9 10 11 12 13 14 17 18 19 21 23 25 26 27 28 29 30 31 32 33 34 35 37 39 40 41 43 45 46 47 48 49 50 0
1 2 4 5 6 7 9 10 11 12 13 14 15 16 18 19 20 21 22 23 24 25 26 27 28 31 34 35 36 38 41 42 43 45 46 47 48 50 0

Sample_index:9
1 3 4 5 8 9 10 11 12 13 14 15 17 18 19 20 21 23 25 26 29 30 32 33 34 35 38 39 40 41 43 44 45 46 48 49 0
1 3 5 6 9 10 12 13 14 15 19 20 21 22 23 26 27 29 30 31 32 33 35 36 37 38 39 42 43 44 46 47 49 0
1 2 4 5 9 10 12 13 15 16 17 18 19 20 21 22 24 26 27 28 29 30 31 32 33 34 35 36 37 38 39 40 41 42 44 45 47 49 50 0
1 2 3 4 5 7 10 11 12 13 15 16 17 18 21 22 24 25 26 27 28 29 30 32 33 35 37 38 42 43 44 46 47 48 50 0
1 2 3 4 5 6 7 8 9 10 12 13 14 15 16 17 18 19 20 21 22 23 25 26 27 28 29 30 31 32 34 35 37 38 39 41 43 44 46 47 48 49 0
1 2 3 4 5 7 9 10 11 12 13 14 16 17 18 19 20 21 22 23 24 25 26 27 29 30 31 32 33 34 35 36 37 38 39 40 41 42 43 45 46 48 49 50 0

Sample_index:10
1 2 3 4 6 7 8 9 10 12 13 14 16 17 18 19 20 21 22 26 27 28 29 30 31 33 34 35 36 38 40 41 42 43 44 45 46 47 48 49 0
1 3 4 5 6 8 9 10 13 15 17 18 19 20 21 24 25 26 29 31 32 33 36 37 38 39 40 41 42 43 45 46 47 48 49 50 0
1 2 3 4 5 6 8 9 10 11 12 14 15 16 17 18 19 20 22 23 24 25 26 27 28 29 30 31 32 33 34 35 36 37 38 40 41 42 44 45 46 47 48 49 50 0
2 3 5 6 8 9 10 11 12 13 14 15 17 18 19 21 22 23 24 25 26 28 29 30 31 32 33 34 36 37 38 40 41 42 43 44 46 47 48 49 50 0
1 2 3 4 5 6 7 8 9 10 11 12 13 14 15 17 19 20 21 22 24 25 26 27 28 29 30 31 32 33 34 35 36 37 38 39 41 42 43 44 46 47 48 49 50 0
1 2 3 4 5 6 7 8 9 10 11 12 13 14 15 16 17 18 19 20 21 22 23 24 25 26 27 29 30 31 32 33 34 35 36 37 38 39 40 41 42 45 46 49 0

Sample_index:11
1 2 4 5 6 7 8 10 11 12 13 14 15 16 17 18 20 21 22 24 25 28 29 31 34 35 37 38 40 41 42 43 44 45 46 47 48 49 50 0
1 2 3 4 5 7 8 9 10 11 12 14 15 18 19 20 21 22 24 25 26 27 28 29 30 31 32 33 34 35 36 37 39 40 42 44 45 46 47 48 0
1 2 3 4 5 6 7 8 9 11 12 13 15 16 19 20 21 22 23 24 25 26 28 29 31 32 33 34 35 36 37 38 39 40 41 42 43 44 46 47 0
2 3 5 7 8 10 12 13 14 15 16 17 18 19 21 22 23 24 26 27 28 29 31 33 35 36 37 41 42 43 44 45 47 48 49 50 0
1 2 3 4 5 6 8 9 10 12 13 14 15 16 17 18 19 20 21 23 24 25 27 28 29 30 31 32 33 34 35 36 37 38 39 41 42 43 46 47 48 50 0
1 2 3 4 5 6 7 8 9 10 11 12 13 15 17 18 20 21 22 23 24 25 26 29 31 35 36 37 38 39 40 41 42 43 44 46 49 50 0

Sample_index:12
1 2 3 4 5 6 9 10 12 13 14 16 18 19 20 21 22 25 26 27 28 29 30 31 33 34 35 36 37 38 39 40 41 42 43 44 45 48 49 50 0
1 2 3 4 5 6 8 10 11 12 13 15 16 17 19 20 25 27 28 29 30 31 32 33 35 38 39 40 41 42 43 44 46 47 48 49 0
1 2 3 4 5 6 8 9 10 11 13 14 16 18 19 21 24 28 31 33 34 35 37 38 39 40 41 42 43 44 45 47 49 50 0
2 3 4 5 6 7 8 9 11 12 13 14 15 16 17 18 19 20 22 23 24 25 26 27 28 29 32 33 34 35 36 37 39 40 41 42 45 46 48 49 50 0
1 2 3 4 5 6 8 10 11 12 13 15 16 17 18 19 20 24 25 26 27 28 29 31 32 34 36 37 38 39 40 41 42 44 46 48 50 0
1 2 3 4 5 6 7 8 9 11 12 13 14 16 17 18 20 21 22 23 24 25 26 28 29 31 34 35 36 38 39 40 41 43 46 47 48 49 50 0

Sample_index:13
1 3 4 5 6 7 8 10 11 12 14 15 16 17 18 19 20 21 22 23 26 28 29 30 31 32 33 34 35 36 37 39 40 41 42 43 44 45 46 47 48 49 50 0
1 2 3 4 6 7 8 9 10 11 12 13 15 17 18 19 20 21 22 23 24 27 29 30 31 32 33 34 35 37 38 39 41 42 43 44 45 46 47 50 0
1 2 3 4 5 6 7 8 9 10 11 12 13 14 16 17 18 19 20 22 23 25 26 27 29 30 31 32 33 35 36 38 39 42 43 44 45 46 47 48 50 0
3 5 8 9 11 12 14 15 16 19 20 21 24 25 26 27 28 31 32 34 35 36 37 39 40 41 42 43 44 45 46 47 48 50 0
1 3 4 5 7 9 10 11 14 15 16 17 20 21 22 23 24 25 26 27 28 29 30 31 32 33 34 35 36 38 39 41 42 43 44 46 50 0
1 2 3 4 5 6 7 8 10 11 13 14 15 16 17 18 19 20 21 23 24 25 26 27 28 30 31 32 33 34 35 37 39 40 41 42 43 44 47 48 49 50 0

Sample_index:14
1 2 3 4 5 9 10 11 12 16 17 18 19 21 22 23 24 25 26 29 30 32 33 34 35 36 39 40 41 42 43 44 45 46 48 49 50 0
1 5 7 8 9 10 11 12 13 14 15 17 18 19 20 21 22 24 26 27 28 29 31 32 33 34 36 37 39 41 45 48 49 50 0
1 6 9 10 11 12 13 14 16 17 18 21 22 23 24 25 26 28 29 31 32 33 34 35 36 37 40 41 42 44 45 47 48 49 50 0
1 4 5 6 7 8 9 10 11 12 13 15 17 18 20 21 22 24 25 27 28 30 31 32 33 34 36 37 38 39 40 41 42 43 46 48 50 0
1 2 3 4 5 6 7 8 9 10 11 13 14 16 17 18 19 20 21 23 25 26 27 28 29 31 33 34 35 37 39 40 41 44 46 47 48 49 0
1 3 4 5 7 9 10 11 12 14 15 16 18 19 20 22 23 25 26 27 28 30 31 34 36 37 38 41 42 43 44 47 48 49 50 0

Sample_index:15
1 3 4 5 7 8 9 10 11 12 14 15 16 17 18 19 20 21 22 23 25 26 27 28 29 30 32 35 36 37 38 39 41 43 44 45 46 47 48 49 50 0
1 2 3 5 6 7 9 11 13 14 15 17 18 19 20 21 23 25 26 27 28 30 31 32 33 34 35 36 37 38 40 41 42 44 46 48 49 50 0
5 7 8 9 10 11 12 13 16 17 18 19 22 23 24 26 27 28 30 31 32 33 37 39 40 42 44 47 48 49 50 0
2 4 5 7 10 11 13 14 16 17 18 19 21 22 24 25 27 28 29 33 34 35 38 39 42 44 46 50 0
1 2 4 5 6 8 9 10 11 12 13 15 16 17 18 19 20 21 23 24 26 27 28 29 31 32 34 35 36 37 38 39 41 42 43 44 46 48 0
1 3 4 5 6 7 8 10 11 13 14 15 16 17 18 19 20 22 23 24 25 28 32 34 35 36 37 38 40 41 42 43 44 45 48 50 0

Sample_index:16
1 3 4 5 7 8 9 10 11 12 14 15 16 18 19 20 21 22 23 24 26 28 29 30 31 32 33 34 35 37 38 39 40 41 43 44 45 46 48 49 50 0
1 2 3 4 5 6 7 8 9 10 12 13 14 15 19 20 21 23 24 25 26 27 28 29 30 31 32 33 34 35 36 37 38 39 40 41 42 43 45 46 47 50 0
1 3 4 5 7 8 9 10 11 12 13 15 16 17 18 19 20 21 22 24 26 27 28 29 30 31 32 34 35 36 37 38 39 40 42 43 44 47 49 50 0
1 3 4 5 7 8 9 10 11 12 14 15 16 17 18 19 20 21 22 24 25 26 27 28 29 30 31 32 33 35 36 37 38 41 42 43 44 45 46 47 48 49 50 0
1 2 3 4 5 6 7 8 9 10 12 13 14 15 16 17 18 19 20 21 23 24 26 27 28 29 30 31 32 34 35 36 37 38 39 41 42 43 44 47 48 49 50 0
1 2 3 4 5 6 7 9 10 11 13 14 15 16 17 18 19 20 22 23 24 25 26 28 29 32 34 35 36 37 38 40 41 42 43 44 45 46 47 48 49 50 0

Sample_index:17
1 3 4 5 6 7 8 9 10 11 12 13 14 15 16 17 18 19 20 21 22 23 24 26 27 29 30 31 32 33 34 36 37 38 39 41 42 43 44 45 46 47 48 49 50 0
1 2 3 4 5 6 7 8 9 10 11 12 13 14 15 16 17 18 19 20 21 22 23 24 25 27 31 32 33 34 35 36 37 38 40 41 42 43 44 45 46 47 48 49 50 0
1 2 3 4 5 7 8 9 10 11 12 13 14 16 17 18 19 20 22 23 24 25 26 27 28 30 31 32 33 35 37 38 39 40 41 42 43 44 45 46 47 48 49 50 0
1 2 3 4 5 7 8 9 10 11 12 13 14 16 17 18 19 20 21 22 24 25 26 27 28 29 30 31 32 33 34 35 36 37 38 39 40 41 42 43 44 45 46 47 48 49 50 0
2 3 5 6 7 8 9 10 11 12 13 14 15 16 17 18 19 20 21 22 23 25 26 27 28 29 30 31 32 33 34 35 36 37 38 39 40 41 42 43 44 45 46 47 48 49 50 0
1 2 3 4 5 6 7 8 9 10 11 12 14 15 16 17 18 19 22 23 24 25 26 27 28 29 30 32 33 34 35 36 37 38 39 41 42 44 45 46 47 49 50 0

Sample_index:18
1 2 3 4 5 6 7 8 9 10 11 12 13 14 15 16 18 20 21 22 23 25 26 27 28 29 30 31 32 33 34 35 37 38 39 40 41 42 43 44 45 48 50 0
1 2 3 4 5 6 7 8 9 10 11 12 13 14 15 18 20 21 22 23 24 25 26 27 29 30 31 32 33 34 35 36 37 38 39 40 42 43 45 46 47 49 50 0
1 2 3 4 5 7 8 9 11 12 13 14 15 16 17 18 19 20 21 22 24 25 26 27 28 29 30 31 32 33 34 35 36 37 38 40 41 43 44 46 47 0
1 2 3 4 5 6 7 9 10 11 12 13 14 15 16 17 18 20 21 22 24 25 26 28 29 30 31 33 34 35 36 39 40 41 42 43 44 47 48 49 50 0
1 2 3 4 5 6 7 8 9 10 11 12 13 14 15 16 17 18 19 20 21 23 24 26 27 28 29 30 31 32 34 35 36 37 38 39 40 41 42 43 46 47 48 49 50 0
1 3 5 6 7 8 9 10 11 12 13 15 17 19 20 21 22 23 24 25 26 28 29 31 32 34 35 36 37 38 40 41 43 44 45 46 47 48 50 0

Sample_index:19
2 4 6 7 8 9 10 11 12 14 15 16 17 18 19 20 21 22 23 24 26 27 28 29 30 31 32 33 35 37 38 39 40 41 42 43 44 45 46 47 48 49 50 0
1 3 4 5 6 8 9 11 12 13 14 15 16 17 18 20 21 22 24 25 26 27 29 30 31 32 34 35 36 37 39 40 41 42 43 45 46 47 48 0
1 2 3 4 7 8 9 11 12 13 14 16 17 18 19 20 21 23 24 25 27 28 29 30 31 32 33 34 35 36 37 38 39 40 41 42 44 45 46 47 48 49 50 0
1 2 3 4 5 7 8 9 10 12 13 15 17 18 19 20 21 22 23 24 25 26 27 28 29 30 31 32 33 34 35 36 38 40 41 43 44 46 47 48 49 50 0
1 3 5 6 7 8 9 10 12 13 14 15 16 17 18 19 20 21 22 24 25 26 27 28 30 31 32 33 34 38 39 40 41 42 43 44 45 46 47 48 49 50 0
1 2 3 4 6 7 8 9 10 11 12 15 16 18 19 20 22 23 24 25 27 29 31 34 35 36 37 38 40 41 42 44 45 47 48 49 50 0

Sample_index:20
1 3 4 5 6 7 8 10 13 14 15 18 20 21 22 23 26 27 28 29 32 33 35 36 37 38 39 40 41 43 44 45 46 48 49 50 0
3 4 6 9 10 11 12 13 14 15 18 19 20 21 23 24 25 27 29 30 31 32 33 38 39 42 46 48 50 0
1 2 3 4 5 6 7 8 11 13 14 15 16 18 19 20 21 26 27 29 30 31 32 33 36 37 38 39 40 41 42 43 44 45 47 48 49 0
1 2 3 5 6 7 10 11 14 16 17 18 19 21 22 23 26 27 28 29 30 32 34 35 36 37 38 41 42 43 44 45 46 47 48 49 50 0
1 2 4 5 11 12 13 15 17 18 19 22 23 24 25 26 27 28 29 30 31 32 35 36 37 38 39 42 44 45 46 48 49 50 0
1 2 3 6 7 9 10 11 13 17 18 20 22 23 24 25 27 28 29 30 31 32 33 35 38 39 40 41 43 45 47 48 49 50 0

Sample_index:21
1 2 3 4 6 7 8 9 10 12 14 15 17 18 19 20 21 22 23 24 25 26 27 28 29 30 31 32 33 36 37 38 39 40 43 44 45 46 47 48 49 50 0
1 2 3 4 6 7 9 10 13 14 15 17 18 19 20 21 22 23 24 25 26 27 28 30 31 32 34 35 36 38 39 40 41 42 43 45 46 48 49 50 0
2 4 5 7 8 10 11 12 13 14 15 16 17 18 19 21 22 23 24 25 26 27 28 29 30 31 32 35 36 37 39 40 42 44 45 46 47 48 49 50 0
4 5 6 7 8 9 10 12 13 14 15 16 18 19 20 21 23 24 25 27 28 30 31 32 33 34 35 36 37 39 40 41 42 43 44 45 46 47 50 0
1 3 4 5 6 8 9 11 13 14 15 16 17 20 21 22 23 24 25 26 27 28 29 30 31 33 34 35 36 37 38 39 40 41 42 43 44 45 46 47 48 49 0
1 2 4 5 6 7 9 10 11 12 13 14 15 16 17 18 19 20 21 22 23 24 25 26 27 28 30 31 32 33 34 37 38 39 40 41 42 43 44 45 47 48 49 50 0

Sample_index:22
4 6 7 8 9 10 11 12 13 15 16 17 18 19 20 21 23 24 25 26 27 28 29 30 31 32 33 35 36 37 38 39 40 41 42 43 44 45 46 47 48 49 50 0
1 2 4 5 6 7 8 15 16 17 18 19 22 23 24 25 26 27 28 29 30 31 36 37 38 39 40 41 42 43 44 45 46 47 48 49 0
1 2 3 4 5 6 7 9 10 11 15 16 17 18 19 20 22 23 24 25 26 28 29 30 31 33 34 35 38 40 41 42 43 44 47 48 49 50 0
2 3 4 5 6 8 9 11 12 13 14 15 16 17 18 19 20 22 26 27 28 29 31 32 33 35 38 40 41 44 46 48 49 50 0
2 3 4 5 6 7 8 9 10 11 12 13 14 15 17 18 19 20 21 22 24 26 27 28 29 32 33 34 35 36 37 38 39 40 42 43 44 45 47 48 50 0
1 2 4 5 6 7 8 10 11 12 13 14 15 17 18 19 22 23 24 25 29 30 31 33 34 36 38 39 40 42 44 47 48 50 0

Sample_index:23
1 2 3 4 5 6 8 10 12 13 14 15 16 17 18 19 20 21 23 24 25 26 27 28 29 30 31 32 33 35 37 39 40 41 42 43 44 46 47 48 49 50 0
1 2 3 4 5 6 7 8 9 10 11 12 13 15 16 17 18 19 21 22 23 24 25 26 27 28 30 31 32 33 36 37 38 41 42 43 44 45 46 48 49 50 0
1 5 6 7 9 10 11 12 13 15 16 18 19 20 21 22 23 24 25 27 28 29 30 31 32 33 34 35 36 37 38 39 40 41 42 43 44 45 46 47 48 50 0
1 5 6 7 8 9 10 11 12 13 14 15 16 17 18 19 20 21 22 23 26 27 28 30 32 33 34 35 37 39 40 42 43 44 45 46 47 48 50 0
2 3 4 5 6 7 8 10 11 12 13 14 15 16 17 18 19 21 22 23 24 25 26 27 28 29 30 31 32 33 34 35 36 37 38 39 42 43 44 45 46 47 48 0
1 7 8 9 10 11 12 13 14 15 17 18 19 20 22 23 24 25 26 27 28 30 33 34 35 36 37 38 39 40 41 42 44 45 46 47 48 50 0

Sample_index:24
1 2 3 4 5 6 7 8 9 10 12 13 14 15 16 17 18 19 20 21 22 23 24 25 26 28 30 31 32 33 34 35 36 37 38 39 40 41 42 43 44 45 47 48 50 0
1 2 3 4 5 7 8 9 12 13 16 17 19 21 22 23 24 25 26 27 28 30 31 32 33 34 35 36 37 38 39 40 41 42 44 45 46 47 48 49 50 0
1 2 3 4 5 6 7 8 9 10 11 13 15 16 17 18 20 21 22 23 24 25 26 27 28 30 31 32 33 35 36 37 38 39 41 43 44 45 47 49 50 0
1 2 3 6 7 8 9 11 12 13 14 15 16 17 18 19 20 21 22 23 24 26 27 28 29 30 31 32 33 34 35 37 38 39 40 41 42 43 44 45 46 47 48 49 50 0
1 2 3 4 5 8 9 10 11 12 13 14 15 16 17 18 19 20 21 23 24 25 26 27 28 29 31 32 33 34 35 36 37 38 39 40 41 42 43 44 45 46 48 49 50 0
1 3 4 5 6 7 8 10 11 12 13 14 15 17 19 20 22 23 24 25 26 27 28 29 30 31 33 34 35 36 37 38 39 40 41 42 43 44 45 46 47 48 49 0

Sample_index:25
1 2 3 4 8 9 10 11 12 16 17 18 19 20 21 22 23 26 28 29 33 34 35 37 38 40 41 42 43 44 45 46 47 48 49 50 0
1 2 3 4 5 6 7 8 9 11 12 13 14 15 17 18 19 20 21 22 25 26 29 30 31 32 33 34 36 37 39 41 42 43 46 47 48 49 50 0
1 4 5 8 9 10 11 12 13 14 15 16 17 18 23 24 25 26 28 29 31 32 33 34 35 36 37 38 39 40 41 42 43 44 45 46 47 48 49 50 0
3 5 6 9 10 11 12 13 14 15 16 17 18 19 22 24 25 26 27 28 30 31 32 33 34 35 36 37 38 40 41 42 43 46 47 48 49 50 0
1 3 4 5 6 7 8 9 10 11 12 13 14 15 17 19 20 22 23 24 25 26 27 28 29 30 31 32 33 34 35 36 37 38 39 41 42 43 46 47 48 49 50 0
1 2 5 6 7 8 9 11 12 13 14 15 16 18 19 20 22 23 24 25 26 27 28 29 30 31 32 33 34 35 36 38 39 40 41 42 44 45 46 49 50 0

Sample_index:26
1 2 3 4 5 6 7 8 10 11 12 13 14 15 18 20 22 23 26 27 28 29 30 32 33 35 36 38 39 40 41 43 44 45 46 47 48 49 50 0
1 3 5 6 7 8 9 10 11 13 14 15 17 18 19 20 21 23 24 27 29 31 32 33 36 37 38 39 42 46 47 48 50 0
2 5 6 7 12 13 15 16 18 20 25 26 27 29 30 31 32 33 34 36 37 38 39 40 41 42 43 44 45 46 47 48 49 0
1 2 5 6 7 10 11 12 13 14 16 18 19 21 23 26 27 28 30 32 34 35 36 37 38 39 42 43 44 45 46 48 50 0
1 2 4 5 6 11 12 13 15 17 19 22 23 24 25 26 27 28 29 30 31 32 33 35 36 38 39 42 44 45 46 47 48 49 0
1 2 3 4 6 7 9 10 11 13 16 17 20 22 24 25 27 28 29 30 31 32 33 35 38 39 40 41 43 44 45 47 48 49 50 0

Sample_index:27
1 2 3 4 5 6 7 10 11 13 15 16 17 18 19 20 21 22 24 26 27 28 29 31 34 35 36 37 38 40 41 42 43 44 45 46 47 48 49 50 0
1 2 3 4 5 6 8 9 11 12 13 15 16 18 19 20 21 22 23 24 25 26 27 28 29 31 32 33 34 35 38 39 42 43 44 45 46 47 48 49 0
1 2 3 4 5 6 8 9 10 11 12 13 14 15 16 17 22 24 25 26 28 31 32 33 34 35 36 37 38 40 41 42 43 44 45 46 48 50 0
3 5 8 9 10 11 12 13 14 15 16 17 18 19 21 22 23 24 25 26 28 31 32 33 36 37 39 41 42 43 45 47 48 49 50 0
1 3 4 5 6 7 8 9 10 13 14 15 17 19 20 21 22 25 27 28 29 30 31 32 33 34 35 36 37 38 39 41 42 43 45 46 47 48 50 0
1 2 3 4 5 6 7 8 9 10 11 12 13 15 16 17 19 20 21 22 23 24 25 26 27 29 31 34 35 36 40 41 43 46 49 0

Sample_index:28
1 3 4 5 6 7 8 9 10 11 12 14 15 16 17 18 19 20 21 22 23 24 25 26 27 28 29 30 31 32 33 34 36 38 39 40 41 42 43 44 46 47 48 49 0
1 2 3 4 5 7 8 9 10 11 12 13 14 15 16 17 18 19 20 21 22 23 24 25 27 31 32 33 34 35 36 37 38 40 42 43 44 45 46 47 48 49 50 0
1 2 3 4 5 7 8 9 10 11 12 13 14 15 16 17 18 19 20 22 23 24 25 26 27 28 29 31 32 34 35 37 38 39 40 41 42 43 44 45 46 47 48 49 50 0
1 2 3 4 5 6 7 8 9 10 11 12 13 14 15 17 18 19 20 21 22 23 24 25 26 27 28 29 30 31 32 33 34 35 36 37 38 39 40 41 42 43 44 45 46 47 48 49 50 0
1 2 3 5 6 7 8 9 10 11 12 13 14 15 16 17 18 19 20 21 23 25 26 27 28 29 31 32 33 34 35 36 37 38 39 40 42 43 44 45 46 47 48 49 50 0
1 2 3 4 5 6 7 9 10 11 12 13 14 15 16 18 19 20 22 23 24 25 26 27 28 29 30 32 33 34 35 36 37 38 39 41 42 44 45 46 47 48 49 50 0

Sample_index:29
1 2 3 4 5 6 7 8 10 12 13 14 15 18 19 20 21 22 23 25 26 27 29 30 31 32 33 34 35 36 37 38 40 41 42 43 44 45 46 47 48 49 50 0
1 2 3 5 7 9 10 11 12 13 15 16 19 20 21 22 23 25 26 29 30 31 32 33 35 36 37 38 39 41 42 43 46 48 49 50 0
1 2 3 4 5 6 7 8 9 10 11 13 15 16 17 18 19 22 24 25 26 27 28 30 31 33 34 35 37 38 39 40 42 43 44 46 47 48 50 0
3 4 6 7 9 11 12 13 14 15 16 17 18 21 22 23 24 25 26 27 28 33 36 41 42 44 45 47 48 49 50 0
1 2 3 4 5 6 7 8 9 10 12 13 15 16 17 19 20 21 22 24 26 27 28 29 30 31 32 33 34 35 36 37 38 39 41 42 44 48 50 0
1 2 3 5 6 7 9 10 11 13 16 17 18 19 20 21 22 23 24 25 26 28 29 30 31 32 33 34 35 36 37 38 39 40 41 43 45 46 49 50 0

Sample_index:30
1 2 3 4 7 8 9 10 11 12 13 14 15 16 17 18 19 20 21 22 23 26 27 28 30 31 32 34 35 36 37 39 40 41 43 44 45 46 47 48 0
1 3 5 6 7 8 9 10 11 13 14 15 16 17 18 19 20 21 23 24 25 26 28 30 31 32 33 34 35 36 37 38 40 41 42 44 45 46 50 0
2 3 4 5 6 7 8 9 10 11 12 13 14 15 16 17 18 20 21 22 23 24 25 26 27 28 29 30 31 32 33 34 36 37 41 42 44 45 46 47 48 49 50 0
3 4 5 6 7 8 9 13 14 15 16 17 18 19 20 21 24 25 26 27 28 30 31 32 34 35 37 38 39 40 41 42 43 44 45 46 48 50 0
1 2 3 4 5 6 7 9 11 13 14 15 16 17 18 20 21 22 23 26 27 28 29 30 31 33 34 35 36 37 38 39 40 42 43 44 45 46 47 48 49 0
1 2 4 5 6 7 8 9 10 11 13 14 15 16 17 18 19 20 22 23 24 25 26 28 31 32 33 34 37 38 40 41 42 43 44 45 47 49 50 0

Sample_index:31
1 3 4 5 6 7 8 9 10 11 12 13 14 15 16 17 18 20 21 22 23 24 25 26 27 29 30 31 32 34 35 36 37 38 39 41 42 43 44 45 46 47 48 49 50 0
1 3 5 6 7 8 9 11 12 13 14 16 17 18 19 20 22 23 25 26 27 28 29 30 31 32 33 35 36 37 38 39 40 41 42 43 44 45 48 0
2 3 5 6 7 8 10 11 12 13 14 15 16 17 18 19 20 22 23 24 25 26 27 28 30 31 32 35 37 39 40 41 42 46 47 48 49 50 0
1 2 4 5 6 7 8 9 13 14 15 16 17 18 19 20 21 23 24 25 27 28 29 30 34 35 38 39 40 41 42 43 44 45 46 48 50 0
1 2 4 5 7 8 9 13 14 15 16 17 18 20 21 22 23 25 26 27 28 29 30 31 33 34 35 36 37 39 40 41 42 44 45 46 47 48 49 0
2 3 4 5 6 7 8 10 11 12 13 14 15 16 17 18 19 20 21 22 23 24 25 27 28 30 32 33 34 37 38 39 40 41 42 43 44 45 47 50 0

Sample_index:32
2 3 4 5 7 8 9 10 11 12 14 15 16 17 18 19 20 21 22 23 24 25 26 27 28 29 30 31 32 34 35 36 37 39 40 41 43 44 45 46 48 50 0
1 2 3 4 5 6 7 8 9 11 12 13 14 16 17 18 19 20 21 23 24 25 26 27 28 29 31 32 33 34 35 36 37 38 39 40 41 42 43 46 49 0
1 2 3 4 5 6 7 8 9 10 11 12 13 14 15 16 17 18 20 21 22 23 24 27 28 29 30 31 32 33 34 36 37 42 44 46 47 48 49 0
3 4 5 6 7 8 9 12 13 14 15 16 17 18 19 20 24 25 26 27 28 30 34 35 36 40 41 42 44 46 47 48 49 50 0
1 2 3 4 5 6 7 8 9 10 13 14 15 16 17 19 20 21 23 26 27 28 29 31 34 35 38 39 40 42 44 47 48 49 50 0
1 2 5 6 7 10 11 12 13 14 15 16 17 18 19 20 21 22 23 24 25 26 28 31 32 34 36 37 38 40 41 42 43 46 48 50 0

Sample_index:33
1 3 4 5 6 7 8 9 10 11 13 14 15 16 17 18 19 20 21 22 23 24 25 26 27 28 29 30 31 32 33 34 35 36 37 38 39 40 41 43 44 46 47 48 49 50 0
1 2 3 4 5 6 7 8 9 10 11 12 13 14 15 16 17 18 19 20 21 22 23 24 25 26 27 31 32 33 34 35 36 37 38 39 40 41 43 44 45 46 47 48 49 50 0
1 2 3 4 5 6 7 8 9 10 11 12 13 14 15 16 17 18 19 20 22 23 24 25 26 27 28 31 32 35 37 38 39 40 41 42 43 44 45 46 47 48 49 50 0
1 2 3 4 5 7 8 9 10 11 12 13 14 16 17 18 19 20 21 22 24 25 26 27 28 29 30 31 32 33 34 35 36 37 38 40 41 42 43 44 45 46 47 48 49 50 0
1 2 3 5 6 7 8 9 10 11 12 13 14 15 16 17 18 19 20 21 23 25 26 27 28 29 31 32 33 34 35 36 37 38 39 40 41 42 43 44 45 46 47 48 49 50 0
1 2 3 4 5 6 7 8 9 10 11 12 14 15 16 17 18 19 21 22 24 25 26 27 28 29 30 32 33 34 35 36 37 38 39 41 42 44 45 46 47 48 49 50 0

Sample_index:34
1 2 3 4 5 7 8 10 11 13 14 15 16 17 18 19 20 21 22 23 24 25 26 27 28 30 31 32 34 35 37 38 40 41 42 43 44 45 46 48 49 0
3 4 6 7 8 9 11 12 13 14 16 17 18 19 20 21 23 25 27 31 32 33 35 36 37 39 40 41 42 43 44 45 46 47 50 0
1 2 3 4 5 7 8 10 11 12 13 14 15 16 17 18 19 20 22 23 25 26 27 29 30 31 32 33 37 38 39 41 42 44 46 47 50 0
1 2 3 5 6 7 8 9 11 12 13 14 15 16 17 18 19 21 23 24 25 26 27 28 29 30 32 34 35 36 37 39 40 41 42 44 45 46 47 49 50 0
1 2 3 4 5 7 9 12 13 14 15 16 17 18 19 20 21 22 23 24 25 26 27 28 29 30 31 32 34 35 36 38 39 41 42 43 44 47 50 0
1 2 4 5 6 7 8 9 10 11 12 13 14 15 16 17 18 19 20 22 23 24 25 26 27 28 29 31 32 33 35 37 40 41 42 43 44 45 46 47 50 0

Sample_index:35
1 2 4 5 6 7 8 10 11 12 13 14 15 16 17 18 20 21 22 24 25 26 28 29 31 34 35 36 37 38 40 41 42 43 44 45 46 47 48 49 50 0
1 2 3 4 5 6 7 9 10 11 12 13 14 15 16 18 19 20 21 22 24 25 26 27 28 29 30 31 32 33 34 35 36 37 39 40 42 44 45 46 47 48 49 0
1 2 3 4 5 6 7 8 9 11 12 13 14 15 16 19 21 22 23 24 25 26 28 29 31 32 33 34 35 36 37 38 39 40 41 42 43 44 46 47 0
2 3 5 7 8 10 12 13 14 15 16 17 18 19 21 22 23 24 26 27 28 29 31 33 35 36 41 42 43 44 45 47 48 49 50 0
1 2 3 4 5 6 8 9 10 12 13 14 15 16 17 18 19 20 21 23 24 25 27 28 29 30 31 32 33 34 35 36 37 38 39 40 41 42 43 45 46 47 48 50 0
1 2 3 4 5 6 7 8 9 10 11 12 13 15 17 18 20 21 22 23 24 25 26 29 30 31 35 36 37 38 39 40 41 42 43 44 46 49 50 0

Sample_index:36
1 2 3 4 5 7 8 9 10 12 14 15 16 17 18 19 20 21 22 23 24 25 27 29 31 32 33 34 35 36 37 39 40 41 43 44 46 47 48 50 0
1 2 3 4 5 6 7 8 9 10 12 13 15 16 17 18 20 21 23 24 25 26 28 29 31 32 33 34 35 36 37 38 40 41 42 46 47 48 50 0
1 2 3 4 5 6 7 8 10 11 12 13 14 15 16 17 18 19 20 21 22 23 24 27 28 29 30 31 34 36 37 38 42 44 46 47 48 49 50 0
3 4 5 6 7 8 9 10 12 14 15 16 17 18 20 22 24 25 26 27 28 29 30 31 32 34 35 36 37 38 40 41 42 43 44 46 47 48 49 50 0
1 2 3 4 5 6 7 8 9 10 13 14 15 16 17 18 19 20 21 22 26 27 28 29 30 31 32 33 34 35 36 37 38 39 40 41 42 43 44 45 47 48 49 50 0
1 2 3 5 6 7 9 10 11 12 13 14 15 16 17 18 19 20 21 22 23 24 25 26 29 30 32 33 34 35 36 37 40 41 43 44 46 47 48 49 50 0

Sample_index:37
1 2 3 4 5 6 7 8 9 10 11 12 13 14 15 16 17 18 19 20 21 22 23 24 25 26 29 30 31 32 33 35 36 37 38 39 40 41 43 44 45 46 48 49 50 0
2 3 5 7 9 10 11 12 13 15 17 19 20 21 23 25 26 27 28 30 31 32 33 34 35 37 38 40 41 42 43 44 45 46 48 49 50 0
2 3 4 5 6 7 8 9 11 15 16 17 18 20 21 22 23 24 25 26 27 28 30 31 32 34 35 37 38 39 40 41 42 43 44 45 47 49 0
1 2 3 5 6 7 8 9 11 13 14 16 17 18 19 20 21 22 23 26 28 29 30 31 32 33 34 35 37 38 39 40 42 43 44 45 46 47 49 50 0
1 2 4 5 6 8 9 10 11 12 13 14 15 16 17 18 20 21 22 24 25 27 28 31 32 33 35 36 37 38 39 40 41 42 43 44 45 46 47 48 49 50 0
2 3 4 6 7 8 10 11 12 13 14 15 17 18 19 20 22 23 24 25 27 28 29 30 31 33 35 36 37 38 39 40 41 42 43 44 45 46 47 48 49 0

Sample_index:38
1 2 3 4 5 6 7 8 9 10 12 13 14 15 16 17 18 19 22 23 24 25 26 29 30 31 32 33 34 35 36 37 39 41 42 43 44 45 46 47 48 49 50 0
1 2 3 5 6 7 8 9 10 11 13 14 15 16 18 19 21 22 24 25 26 27 28 30 31 32 33 34 35 36 37 38 39 42 43 44 46 48 49 50 0
2 3 5 6 7 9 10 11 12 13 14 15 16 17 18 22 23 24 25 26 28 29 31 32 33 34 35 36 37 39 40 42 43 44 45 46 47 48 49 0
4 5 6 7 8 9 10 11 12 13 16 17 18 19 21 22 23 24 25 27 28 32 33 34 35 36 37 39 40 42 45 47 48 50 0
2 4 5 6 7 8 9 10 11 12 13 14 17 19 20 21 22 23 24 26 27 28 29 30 31 32 33 34 36 37 39 40 41 42 43 44 45 47 48 0
1 2 3 7 8 9 10 11 12 13 14 16 18 19 20 21 22 24 25 27 28 30 31 32 33 34 35 36 37 38 39 40 41 43 44 45 50 0

Sample_index:39
1 3 4 5 6 7 9 10 12 13 15 16 18 22 23 25 26 29 30 31 32 33 34 36 37 38 39 40 41 42 43 44 45 46 47 48 49 50 0
1 2 3 4 5 8 9 11 15 16 17 19 20 22 23 24 25 26 27 28 29 30 31 32 33 34 36 39 40 41 42 46 47 48 49 50 0
1 2 3 4 5 6 7 8 10 11 13 16 17 18 19 20 21 22 23 24 25 26 28 29 31 34 35 36 37 38 39 40 42 43 44 45 46 47 49 50 0
2 3 4 5 6 7 8 9 12 13 14 15 16 17 18 21 22 23 24 25 26 27 28 30 32 33 34 35 36 38 40 41 42 44 45 46 48 49 50 0
1 2 3 4 5 8 9 11 12 13 15 16 17 18 20 21 23 24 25 26 27 28 29 31 34 35 36 37 38 39 41 42 43 44 45 48 49 50 0
1 2 3 5 6 7 10 11 13 14 15 16 17 18 20 22 23 24 25 26 28 29 31 34 36 38 40 41 42 43 47 48 50 0

Sample_index:40
1 2 4 6 7 8 9 10 11 12 13 14 15 16 17 18 21 22 23 24 25 26 27 29 31 32 33 34 35 36 38 39 41 42 43 44 45 46 47 48 49 50 0
1 3 4 5 6 7 8 9 13 14 15 16 17 18 19 20 21 22 23 26 28 30 31 32 33 34 36 37 38 39 40 41 42 43 44 45 46 47 48 49 0
1 2 3 4 5 6 8 9 11 12 13 14 15 16 18 19 20 21 23 24 27 28 29 31 32 33 34 35 36 37 41 42 43 44 45 47 48 49 50 0
1 2 3 4 5 6 8 9 10 12 13 15 17 18 19 20 22 23 24 25 27 29 30 31 33 34 35 36 38 40 41 43 44 45 48 49 50 0
1 3 5 6 7 8 9 10 12 13 14 16 17 18 19 20 21 22 23 24 25 26 27 28 29 30 31 33 34 35 37 39 40 41 43 44 45 46 47 48 49 50 0
1 2 3 4 6 7 8 9 10 11 12 13 15 16 18 19 20 21 22 23 25 26 27 28 29 30 34 35 36 37 38 40 42 44 45 47 48 49 50 0

Sample_index:41
1 2 3 4 5 6 7 8 9 10 11 12 13 14 15 16 17 18 19 21 23 24 25 26 27 30 32 33 34 35 38 39 40 41 42 43 44 45 46 47 48 50 0
1 2 3 5 6 9 10 11 12 13 14 15 17 18 19 20 21 22 24 26 27 28 29 30 31 32 33 34 35 36 37 38 39 40 41 42 43 44 46 47 48 49 0
1 4 5 7 8 9 10 12 13 14 15 16 17 18 19 20 22 23 24 25 26 27 28 29 30 31 32 33 34 35 36 37 38 39 40 41 42 43 44 46 47 48 49 50 0
1 2 4 5 6 7 8 9 10 11 12 13 15 16 17 18 20 21 22 23 24 25 27 28 30 31 32 33 34 35 37 38 39 42 44 45 46 48 50 0
1 2 3 4 5 6 7 8 9 10 12 13 14 16 17 19 20 21 22 24 26 27 28 29 31 32 33 34 35 36 37 38 39 40 41 42 43 44 45 46 47 48 49 0
1 2 3 4 5 7 8 9 10 11 12 13 14 15 16 17 18 19 20 21 22 23 24 25 26 27 28 30 32 33 34 35 36 37 38 39 40 41 42 43 45 46 47 49 50 0

Sample_index:42
1 3 4 5 7 8 9 10 11 12 13 14 15 16 17 18 19 20 21 22 23 25 26 27 29 30 31 32 33 34 35 37 38 39 40 41 43 44 46 47 48 49 50 0
1 2 3 4 5 6 7 8 9 10 11 12 13 14 15 16 17 18 19 20 21 22 23 25 27 31 32 33 34 35 36 37 38 39 40 41 42 43 44 45 46 47 48 49 50 0
1 2 3 4 5 7 8 9 10 11 12 14 15 16 17 18 19 20 21 22 23 24 25 26 27 28 30 31 32 34 35 37 38 39 40 41 42 43 44 45 46 47 48 49 50 0
1 2 3 4 5 7 8 9 10 11 12 13 14 16 17 18 19 20 21 22 23 24 25 26 27 28 29 30 31 32 33 34 36 37 38 40 42 43 44 45 46 47 48 49 50 0
1 2 3 5 6 7 8 9 10 11 12 13 14 15 16 17 18 19 20 21 22 23 24 25 26 27 28 29 31 32 33 34 35 36 37 38 39 40 42 43 44 45 46 47 48 49 50 0
1 2 3 4 5 6 7 8 9 10 11 12 14 15 16 17 18 19 20 21 22 23 25 26 27 28 29 30 31 32 33 34 35 36 37 38 39 41 42 44 45 46 47 48 49 50 0

Sample_index:43
1 2 3 4 6 8 9 10 11 12 13 14 15 16 18 19 23 24 25 26 27 28 29 30 31 32 33 34 35 38 40 41 42 43 44 46 47 48 49 50 0
2 3 4 5 9 10 11 12 13 14 15 17 18 19 21 22 24 26 27 28 30 31 32 33 34 35 36 37 38 39 40 43 44 45 49 50 0
1 2 10 11 12 14 15 16 17 18 19 20 21 22 24 25 26 28 29 31 32 36 37 38 40 41 42 43 44 45 46 47 48 49 50 0
1 2 3 4 5 6 7 8 10 11 12 13 15 16 17 18 19 20 21 22 23 24 25 27 28 29 30 31 32 34 35 37 38 39 43 44 45 46 47 48 50 0
1 3 4 5 6 7 8 9 10 12 13 14 15 16 17 18 19 20 21 22 23 25 26 27 28 30 31 34 35 36 37 38 39 41 43 44 46 47 48 49 0
1 3 4 5 7 9 10 11 13 14 15 16 19 21 22 23 25 26 27 29 30 32 33 34 36 37 38 39 40 41 42 43 44 45 46 47 48 49 0

Sample_index:44
1 2 3 4 5 7 8 9 10 11 12 13 14 15 16 17 18 20 21 22 23 24 25 27 28 29 30 31 32 33 34 35 37 38 39 40 41 42 43 44 45 46 47 48 50 0
1 2 3 5 6 7 8 9 10 11 12 13 14 15 16 17 18 20 21 23 24 25 26 27 28 29 30 31 32 33 34 35 36 37 38 39 40 42 43 45 46 47 49 50 0
1 2 3 4 5 7 8 11 12 13 14 15 16 17 18 19 20 21 22 24 25 26 27 28 29 30 31 32 34 36 37 38 40 41 42 43 44 46 47 48 49 0
1 2 3 4 6 7 8 9 10 11 12 13 14 15 16 17 18 20 22 23 24 25 26 27 28 29 30 31 34 35 36 37 39 41 42 43 44 47 48 49 50 0
1 2 3 4 5 6 7 8 9 10 11 12 13 14 15 16 17 18 19 20 21 22 23 24 27 28 29 30 31 32 33 34 35 36 37 38 39 40 41 42 45 46 47 48 49 50 0
1 2 3 5 6 7 8 9 10 11 13 16 17 19 20 21 22 23 24 25 26 27 28 29 32 34 35 36 37 40 41 42 44 45 46 47 48 49 0

Sample_index:45
2 3 4 6 7 8 10 11 12 13 14 15 16 17 18 19 20 21 23 25 29 31 32 34 36 37 38 39 40 41 42 43 44 45 47 48 49 50 0
2 5 6 7 8 12 14 15 16 17 20 22 23 24 25 27 31 32 33 35 37 38 41 42 43 48 50 0
3 4 5 7 8 10 11 13 15 16 17 19 20 22 24 26 31 34 40 42 44 45 46 47 48 49 50 0
1 2 3 4 6 9 10 15 17 21 23 24 25 27 28 29 30 31 34 35 37 38 39 44 46 48 50 0
1 3 5 10 12 17 20 22 26 28 30 31 34 39 42 45 49 0
2 5 6 9 14 16 17 18 23 25 26 27 28 32 33 34 41 45 46 48 0

Sample_index:46
3 4 5 6 7 9 10 11 12 13 14 15 16 17 18 19 20 21 23 24 25 26 28 29 30 32 33 34 35 36 38 39 40 41 42 43 44 45 46 48 49 50 0
1 3 4 5 6 7 9 13 14 18 20 21 22 23 24 26 27 28 29 30 31 32 33 34 35 36 37 39 41 42 43 44 46 47 48 0
1 4 10 12 13 14 16 17 18 19 20 21 22 23 24 25 26 28 31 32 34 35 36 37 38 39 40 41 43 44 46 47 48 49 50 0
1 2 3 4 5 7 8 9 10 12 13 16 17 18 19 20 21 22 23 24 25 26 27 28 30 31 33 34 35 36 37 38 39 40 41 42 43 46 47 48 49 50 0
1 2 5 6 7 8 9 10 11 12 13 16 17 19 20 22 23 24 26 27 28 29 30 31 32 33 34 35 37 38 39 40 41 42 43 44 45 46 48 49 50 0
1 2 3 4 5 6 7 8 9 10 11 13 14 15 16 18 19 21 22 25 26 28 29 30 31 34 36 37 38 40 41 42 43 44 45 47 48 49 50 0

Sample_index:47
1 2 3 4 5 6 7 8 10 12 13 14 15 16 18 19 20 21 22 23 24 25 26 27 28 29 30 31 32 33 34 35 36 37 39 40 41 43 44 45 46 47 48 49 50 0
1 2 3 4 5 6 7 8 9 10 11 12 13 15 16 17 18 19 21 22 23 24 25 26 27 29 30 31 32 33 35 36 37 38 39 40 41 42 43 45 46 49 50 0
1 2 3 4 5 6 7 8 9 10 11 13 14 16 17 18 20 24 26 27 28 29 30 31 32 34 35 36 37 38 39 43 44 45 46 47 48 50 0
1 3 4 5 7 9 11 12 13 14 15 16 17 18 19 21 22 24 25 26 27 28 29 32 33 34 35 36 37 38 40 41 42 44 45 47 48 50 0
1 2 4 5 6 7 8 9 10 12 13 14 15 16 17 19 20 21 22 23 24 25 26 27 28 29 31 32 33 34 35 36 37 38 39 40 42 43 44 45 48 0
1 2 3 5 6 7 8 10 11 12 13 15 16 17 18 20 22 23 24 25 26 28 29 30 31 32 33 34 35 36 37 38 39 40 41 43 44 45 46 47 48 50 0

Sample_index:48
1 4 5 6 7 8 9 10 12 13 14 15 16 17 18 19 21 22 23 24 25 26 28 29 31 32 33 35 36 37 38 39 41 43 44 45 46 47 48 49 0
1 3 4 5 6 7 9 10 11 12 13 16 18 19 20 21 22 23 25 26 27 29 30 31 32 33 34 37 40 41 42 43 45 46 47 48 49 50 0
1 2 3 5 6 7 8 9 11 13 14 15 16 18 19 20 24 25 26 27 28 29 30 31 32 34 36 37 38 39 40 41 42 43 44 45 46 47 48 49 0
1 2 3 4 5 6 7 8 9 10 11 13 14 15 16 17 18 19 21 23 24 25 26 27 28 29 30 31 32 34 35 37 38 39 40 42 43 44 45 48 50 0
1 2 3 4 5 6 7 10 11 12 13 15 17 18 19 20 22 23 24 25 27 28 29 30 32 33 35 36 37 38 39 40 42 43 44 45 46 47 48 49 0
5 6 7 9 10 11 13 14 17 18 19 20 21 22 23 24 25 26 27 29 30 31 32 33 35 37 38 39 40 41 42 43 44 45 46 47 48 49 50 0

Sample_index:49
2 3 4 7 8 9 10 11 12 13 14 15 16 18 23 24 25 26 27 28 29 30 31 32 33 34 35 36 37 38 40 41 42 43 44 45 46 47 48 49 50 0
2 4 5 6 7 9 10 11 12 13 14 15 16 18 21 23 24 26 27 28 30 31 32 33 35 36 37 38 40 41 42 43 44 47 49 50 0
1 2 5 8 10 11 12 13 14 15 16 17 18 19 20 21 22 24 25 26 27 28 29 30 31 32 37 40 43 44 45 46 47 48 50 0
1 2 4 5 6 8 9 10 12 13 16 17 18 19 20 21 22 23 24 25 28 30 31 32 34 35 37 38 39 40 44 47 48 50 0
3 5 6 7 8 9 10 11 12 14 16 17 19 20 21 22 24 25 26 27 28 30 31 35 37 38 39 40 41 43 46 47 48 49 0
1 3 4 5 7 8 9 10 11 13 15 16 17 19 21 22 23 25 26 27 28 30 31 32 33 34 35 36 37 38 39 40 41 42 43 44 45 46 47 48 49 0

Sample_index:50
1 2 3 4 7 9 10 12 14 15 16 18 20 22 23 25 26 28 29 30 32 33 34 35 36 38 39 40 42 43 44 45 47 48 50 0
1 3 5 7 8 11 12 15 17 18 19 20 21 22 23 24 25 26 27 28 29 30 31 33 34 36 37 39 40 42 43 44 45 46 47 49 0
1 3 4 5 7 8 9 11 12 13 15 16 18 20 21 23 24 25 26 28 31 32 33 34 35 37 38 39 40 41 42 43 44 45 46 47 49 0
1 2 3 4 6 7 11 12 13 14 16 17 18 22 23 24 26 27 28 33 35 36 41 42 43 45 46 47 48 49 50 0
1 2 4 5 6 8 10 11 12 13 15 17 18 20 21 23 25 26 27 28 29 31 32 33 34 35 36 37 38 39 40 41 42 43 44 46 47 48 50 0
1 2 3 4 5 6 7 11 12 13 14 15 16 17 18 20 22 23 24 25 26 28 29 31 35 36 38 40 41 43 44 47 50 0

