1
2 3 4 6 7 8 9 10 11 12 13 14 15 17 18 19 22 23 24 25 26 27 28 31 32 33 34 35 36 37 38 40 41 42 43 44 46 47 48 49 50 51 52 53 54 55 56 57 58 59 60 61 62 63 65 66 67 68 71 72 73 74 75 76 78 79 80 81 83 84 85 86 87 88 90 91 92 93 94 95 97 98 99 100 101 102 103 104 105 107 108 109 110 112 113 114 115 116 117 118 119 120 121 122 124 125 126 127 128 129 130 131 132 133 134 135 136 137 139 140 141 142 144 145 146 147 148 149 150 152 153 154 155 156 157 158 159 160 161 162 164 166 167 168 169 170 171 172 173 174 175 176 177 179 180 181 182 183 185 186 187 188 190 192 193 194 195 196 197 198 200 0

2
2 3 7 8 9 10 11 14 16 17 18 19 21 23 24 25 26 27 28 31 32 33 34 35 36 37 39 40 41 42 43 44 46 47 49 50 51 52 53 54 55 57 58 59 60 61 62 64 65 66 67 69 70 71 72 74 75 76 77 78 79 80 81 82 84 85 86 87 88 89 90 91 92 93 94 95 96 97 98 99 100 101 103 104 105 106 107 108 109 110 112 113 114 115 116 117 118 119 120 121 122 124 125 128 129 130 131 132 133 134 135 136 137 138 139 140 141 142 143 144 145 146 147 148 149 150 151 153 155 156 157 158 159 160 161 162 163 164 165 166 168 169 170 171 172 173 174 175 176 177 178 179 180 181 182 183 184 185 186 187 188 190 192 193 194 195 196 197 198 0

3
1 2 3 5 6 7 8 9 11 13 14 15 17 18 19 20 22 23 24 25 27 28 29 30 31 32 35 36 37 38 40 41 42 43 44 46 47 49 50 51 52 53 54 55 56 57 58 59 60 61 62 65 66 67 68 71 72 74 75 76 78 79 80 81 84 85 86 87 88 89 90 91 92 93 94 95 97 99 100 101 103 104 105 106 107 108 109 110 111 112 114 115 116 117 118 120 121 122 124 125 126 128 129 131 132 133 134 135 136 137 138 139 141 142 143 144 145 146 147 148 150 151 152 153 154 155 156 157 158 159 161 162 163 164 165 166 167 168 169 170 171 172 173 174 175 176 177 180 181 182 183 184 186 187 188 189 190 191 192 193 194 195 196 197 198 199 200 0

4
2 3 4 6 9 11 12 13 14 17 18 19 21 22 23 24 25 26 27 28 31 32 34 35 37 39 40 41 42 43 44 46 47 48 49 50 51 52 53 54 55 57 58 59 60 61 63 65 66 67 68 71 72 74 75 76 78 79 80 81 83 84 85 86 87 88 89 90 91 92 93 95 96 97 98 99 100 101 102 103 105 107 108 109 110 111 112 113 114 115 116 117 118 120 121 122 124 125 126 127 128 129 130 131 132 133 134 135 136 137 138 139 141 142 143 144 145 146 147 148 149 150 152 153 155 156 157 158 159 162 164 166 168 169 170 171 172 173 174 175 176 177 178 179 180 181 182 183 184 185 186 187 188 190 192 193 194 195 196 197 198 199 200 0

5
2 3 5 8 9 11 12 14 15 17 19 20 21 23 24 25 26 27 29 30 31 32 34 35 37 39 40 41 42 43 44 45 47 48 49 50 51 52 53 54 55 56 57 58 59 60 61 63 65 66 67 68 70 71 72 74 75 76 78 79 80 81 82 83 84 85 86 87 88 89 90 91 92 93 94 95 96 97 99 100 101 102 103 104 105 107 108 109 110 111 113 114 115 116 117 118 119 120 121 122 123 124 125 126 128 129 130 131 132 133 134 135 136 137 139 140 141 142 144 145 146 147 148 149 150 151 153 154 155 156 157 158 159 162 163 164 165 166 168 169 170 171 172 173 174 175 176 177 179 181 182 183 185 186 187 188 189 190 191 192 193 194 195 196 197 198 199 200 0

6
1 2 3 5 6 7 8 9 10 11 12 13 15 16 17 18 19 20 23 24 25 26 27 28 29 30 31 32 33 34 35 36 37 39 40 41 42 43 44 45 47 48 49 50 51 52 53 54 55 56 57 58 59 60 61 62 63 64 65 66 67 68 70 71 72 73 74 75 76 77 78 79 80 81 84 85 86 87 88 89 90 91 92 93 94 95 97 98 99 100 101 104 105 106 107 108 109 110 112 113 114 115 116 117 118 120 121 122 124 125 127 128 129 130 131 132 133 134 135 136 137 138 139 140 141 142 143 144 145 146 147 148 149 150 151 152 153 155 156 157 158 159 161 162 163 164 165 166 167 168 169 170 171 172 173 174 176 177 178 180 181 182 183 184 185 186 187 188 190 192 193 194 195 196 197 198 199 200 0

7
1 2 3 5 6 7 8 9 11 14 16 17 18 19 20 21 22 23 24 25 26 27 28 29 31 32 33 34 35 36 37 39 40 41 42 43 44 46 47 48 49 50 51 52 53 54 55 56 57 58 59 60 61 62 64 65 66 67 68 69 71 72 74 75 76 77 78 79 80 81 84 85 86 87 88 89 90 91 92 93 94 95 97 98 99 100 101 102 103 104 105 106 107 108 109 110 111 112 114 116 117 118 119 120 122 123 124 125 126 127 128 129 130 131 132 133 134 135 136 137 139 142 144 145 147 148 150 151 152 153 154 155 156 157 158 159 161 162 163 164 165 166 167 168 169 170 171 172 173 174 176 177 178 180 181 182 183 184 185 186 187 188 190 191 192 193 194 195 196 198 199 200 0

8
2 3 9 11 14 15 17 18 19 20 21 23 24 25 27 28 30 31 32 34 35 37 39 40 41 42 43 44 45 47 49 50 51 52 54 55 57 58 59 60 61 65 66 67 68 70 71 72 74 75 76 78 79 80 81 82 83 84 85 86 87 88 89 90 91 92 93 94 95 97 98 99 100 101 102 104 105 108 109 110 111 112 113 114 116 117 118 120 122 123 124 125 126 128 129 130 131 132 133 134 135 136 137 138 139 142 143 144 145 146 147 148 150 151 153 154 155 156 157 158 159 160 162 163 164 165 166 167 168 169 170 171 172 173 174 176 177 179 180 181 182 183 185 186 187 188 190 191 192 193 194 195 196 197 198 199 200 0

9
1 2 3 4 5 9 10 11 12 17 18 19 20 21 22 23 24 25 27 28 29 30 31 32 34 35 37 38 40 41 42 43 44 45 46 47 48 49 50 51 52 53 54 55 56 57 58 59 60 61 62 63 64 65 66 67 68 69 71 72 74 75 76 77 78 79 80 81 82 84 85 86 87 88 90 91 92 93 95 96 97 99 100 101 102 103 104 105 106 107 108 109 110 112 114 115 116 117 118 119 120 121 122 124 125 126 128 129 130 131 132 133 134 135 136 137 138 139 140 141 142 143 144 145 147 148 149 150 151 153 155 156 157 158 159 160 161 162 164 165 166 167 168 169 170 171 172 173 174 176 177 178 179 180 181 182 183 184 185 186 187 189 190 191 192 193 194 195 196 198 199 200 0

10
1 2 3 6 7 8 9 10 11 12 13 14 17 18 19 20 22 23 24 25 26 27 29 30 32 34 35 36 37 38 39 40 41 42 43 44 46 48 49 50 51 52 53 54 55 56 57 58 59 60 61 62 64 65 66 67 68 71 72 73 74 75 76 78 79 80 81 82 83 84 85 86 87 88 89 90 91 92 93 94 95 96 97 98 99 100 101 102 105 106 108 109 110 112 114 115 116 117 118 119 120 122 123 124 125 126 128 129 131 132 133 134 135 136 137 138 139 140 141 142 144 145 146 147 148 150 151 152 153 155 156 157 158 159 160 162 163 164 165 166 167 168 169 170 171 172 173 174 175 176 177 178 180 181 182 183 185 186 187 188 189 190 191 192 193 194 195 196 197 198 199 200 0

11
1 2 3 4 5 6 7 9 11 12 13 15 17 19 20 21 22 23 24 25 26 27 29 31 32 33 34 35 36 37 38 39 40 41 42 43 44 45 46 47 48 49 50 51 52 53 54 55 57 58 59 60 61 62 63 64 65 66 67 69 71 72 73 74 75 76 77 78 79 80 81 84 85 86 87 88 89 90 91 92 93 94 95 96 97 99 100 101 102 103 105 106 107 108 109 110 111 112 113 114 116 117 118 120 122 123 124 125 126 127 128 129 130 131 132 133 134 135 136 137 139 141 142 143 144 145 146 147 148 150 153 154 155 156 157 158 159 160 161 162 163 164 165 166 167 168 169 170 171 172 173 174 176 177 178 180 181 182 183 184 185 186 187 188 190 192 193 194 195 196 197 198 200 0

12
1 2 3 5 8 9 10 11 14 15 17 18 19 20 21 22 23 24 25 27 28 29 30 31 32 33 35 37 40 41 42 43 44 47 49 50 51 52 53 54 55 57 58 59 60 61 65 66 67 68 69 70 71 72 74 75 76 77 78 79 80 81 82 83 84 85 86 87 88 90 91 92 93 94 95 97 99 100 101 102 103 104 105 107 108 109 110 112 114 116 117 118 119 120 122 123 124 125 126 127 128 129 131 132 133 134 135 136 137 138 139 140 142 143 144 145 146 147 148 149 150 151 152 153 154 155 156 157 158 159 160 161 162 163 164 165 166 167 168 169 170 171 172 173 174 175 176 177 178 179 180 181 182 183 185 186 187 188 190 191 192 193 194 195 196 198 199 200 0

13
2 3 4 5 9 11 12 13 14 15 16 17 18 19 21 23 24 25 26 27 28 30 32 33 34 35 37 39 40 41 42 43 44 47 49 50 51 52 53 54 55 57 58 59 60 61 63 65 66 67 68 69 70 71 72 73 74 75 76 78 79 80 81 82 83 84 85 86 87 88 89 90 91 92 93 94 95 97 98 99 100 101 103 104 105 108 109 110 113 114 116 117 118 119 120 121 122 123 124 125 126 127 128 129 130 131 132 133 134 135 136 137 138 139 140 141 142 144 145 147 148 149 150 151 152 153 155 156 157 158 159 162 163 164 165 166 168 169 170 171 172 173 174 175 176 177 179 180 181 182 183 184 185 186 187 189 190 192 193 194 195 196 198 199 200 0

14
1 2 3 5 6 7 9 11 12 13 14 16 17 19 20 22 23 24 25 26 27 28 30 31 32 34 35 36 37 38 39 40 41 42 43 44 46 47 48 49 50 51 52 54 55 56 57 58 59 60 61 64 65 66 67 68 69 70 71 72 73 74 75 76 78 79 80 81 82 83 84 85 86 87 88 89 90 91 92 93 94 95 96 97 98 99 100 101 102 103 104 105 106 108 109 110 112 113 114 116 117 118 119 120 121 122 123 124 125 126 127 128 129 130 131 132 133 134 135 136 137 139 140 142 144 145 146 147 148 149 150 151 152 153 154 155 156 157 158 159 161 162 164 166 167 168 169 170 171 172 173 174 175 176 177 178 179 180 181 182 183 184 185 186 187 189 190 191 192 193 194 195 196 197 198 199 200 0

15
2 3 4 6 9 11 12 14 16 17 18 19 21 23 24 25 26 27 28 31 32 33 35 36 37 38 39 40 41 42 43 44 45 46 48 49 50 51 52 53 54 55 57 58 59 60 61 62 64 65 66 67 69 70 71 72 73 74 75 76 77 78 79 80 81 82 83 84 85 86 87 88 90 91 92 93 94 95 97 99 100 101 102 104 105 108 109 110 113 114 115 116 117 118 119 120 121 122 124 125 126 128 129 130 131 132 133 134 135 136 137 138 139 140 141 142 143 144 145 146 147 148 150 151 152 153 154 155 156 157 158 159 161 162 163 164 165 166 168 169 170 171 172 173 174 176 177 178 179 181 182 183 184 185 186 187 188 189 190 192 193 194 195 196 197 198 199 200 0

16
1 2 3 4 7 8 9 10 11 12 13 14 15 16 17 18 19 22 23 24 25 27 29 30 32 33 34 35 37 38 40 41 42 43 44 47 48 49 50 51 52 53 54 55 57 58 59 60 61 62 65 66 67 68 69 70 71 72 74 75 76 78 79 80 81 84 85 86 87 88 90 91 92 93 95 97 99 100 101 104 105 106 108 109 110 112 114 115 116 117 118 119 120 121 122 123 124 125 126 127 128 129 130 131 132 133 134 135 136 137 139 142 143 144 145 147 148 150 152 153 155 156 157 158 159 161 162 163 164 165 166 167 168 169 170 171 172 173 174 175 176 177 178 180 181 182 183 186 187 188 189 190 192 193 194 195 196 197 198 200 0

17
1 2 3 5 6 8 9 10 11 13 17 18 19 20 21 22 23 24 25 27 28 30 31 32 34 35 36 37 40 41 42 43 44 45 47 49 50 51 52 53 54 55 57 58 59 60 61 62 65 66 67 69 70 71 72 73 74 75 76 78 79 80 81 82 84 85 86 87 88 89 90 91 92 93 94 95 96 97 99 100 101 104 105 106 107 108 109 110 112 113 114 115 116 117 118 120 121 122 123 124 125 127 128 129 130 131 132 133 134 135 136 137 138 139 142 143 144 145 146 147 148 149 150 151 153 155 156 157 158 159 162 163 164 165 166 168 169 170 171 172 173 174 175 176 177 178 179 181 182 183 186 187 188 190 192 193 194 195 196 198 199 200 0

18
1 2 3 4 5 6 7 9 10 11 12 13 14 16 17 18 19 20 23 24 25 26 27 29 30 31 32 33 34 35 36 37 38 39 40 41 42 43 44 46 47 49 50 51 52 53 54 55 57 58 59 60 61 64 65 66 67 71 72 73 74 75 76 77 78 79 80 81 83 84 85 86 87 88 90 91 92 93 94 95 96 97 99 100 101 102 103 105 106 107 108 109 110 111 112 113 114 115 116 117 118 119 120 122 124 125 126 127 128 129 130 131 132 133 134 135 136 137 139 140 141 142 144 145 147 148 150 151 153 154 155 156 157 158 159 160 162 163 164 165 166 168 169 170 171 172 173 174 175 176 177 178 180 181 182 183 184 185 186 187 189 190 191 192 193 194 195 196 197 198 199 200 0

19
1 2 3 4 5 6 7 8 9 11 13 15 16 17 18 19 20 21 22 23 24 25 27 29 30 31 32 34 35 36 37 38 40 41 42 43 44 46 48 49 50 51 52 53 54 55 56 57 58 59 60 61 62 63 65 66 67 68 71 72 74 75 76 78 79 80 81 82 83 84 85 86 87 88 89 90 91 92 93 94 95 96 97 98 99 100 101 104 105 106 107 108 109 110 111 112 114 115 116 117 118 120 121 122 124 125 126 127 128 129 131 132 133 134 135 136 137 139 140 141 142 143 144 145 146 147 148 150 151 152 153 155 156 157 158 159 160 162 163 164 165 166 168 169 170 171 172 173 174 175 176 177 178 179 180 181 182 183 186 187 188 189 190 191 192 193 194 195 196 197 198 199 200 0

20
1 2 3 6 7 8 9 11 13 17 18 19 20 21 22 23 24 25 26 27 29 30 32 33 35 37 38 40 41 42 43 44 45 46 47 48 49 50 51 52 53 54 55 56 57 58 59 60 61 62 63 64 65 66 67 69 70 71 72 74 75 76 78 79 80 81 82 84 85 86 87 88 89 90 91 92 93 94 95 96 97 99 100 101 102 103 104 105 106 107 108 109 110 111 112 114 115 116 117 118 120 121 122 123 124 125 126 127 128 129 131 132 133 134 135 136 137 139 140 141 142 143 144 145 146 147 148 149 150 152 153 154 155 156 157 158 159 160 162 163 164 165 166 167 168 169 170 171 172 173 174 175 176 177 178 180 181 182 183 186 187 189 190 191 192 193 194 195 196 198 199 200 0

21
2 3 5 6 7 8 9 11 12 13 14 15 16 17 18 19 20 21 22 23 24 25 26 27 29 30 32 33 34 35 36 37 38 40 41 42 43 44 45 46 48 49 50 51 52 53 54 55 56 57 58 59 60 61 62 63 64 65 66 67 68 69 70 71 72 73 74 75 76 77 78 79 80 81 82 83 84 85 86 87 88 89 90 91 92 93 94 95 97 99 100 101 102 105 107 108 109 110 111 113 114 115 116 117 118 119 120 122 123 124 125 126 128 129 131 132 133 134 135 136 137 138 139 140 142 143 144 145 147 148 149 150 153 155 156 157 158 159 161 162 163 164 165 166 167 168 169 170 171 172 173 174 176 177 178 179 180 181 182 183 184 185 186 187 188 190 191 192 193 194 195 196 198 200 0

22
1 2 3 4 5 6 7 8 9 11 12 13 14 15 17 18 19 20 22 23 24 25 26 27 28 30 31 32 33 34 35 36 37 39 40 41 42 43 44 45 46 47 48 49 50 51 52 53 54 55 56 57 58 59 60 61 63 64 65 66 67 68 69 70 71 72 73 74 75 76 78 79 80 81 82 83 84 85 86 87 88 89 90 91 92 93 95 96 97 98 99 100 101 103 104 105 106 108 109 110 111 112 113 114 115 116 117 118 119 120 121 122 123 124 125 126 127 128 129 130 131 132 133 134 135 136 137 138 139 140 141 142 143 144 145 147 148 149 150 151 152 153 154 155 156 157 158 159 160 162 163 164 165 166 167 168 169 170 171 172 173 174 176 177 178 179 180 181 182 183 184 185 186 187 189 190 191 192 193 194 195 196 198 199 200 0

23
2 3 4 8 9 10 11 15 16 17 18 19 20 22 23 24 25 26 27 29 30 31 32 34 35 37 38 39 40 41 42 43 44 46 49 50 51 52 54 55 56 57 58 59 60 61 62 63 64 65 66 67 69 70 71 72 74 75 76 78 79 80 81 82 83 84 85 86 87 88 89 90 91 92 93 95 96 97 98 99 100 101 102 103 105 106 107 108 109 110 112 114 116 117 118 119 120 121 122 124 125 126 127 128 129 130 131 132 133 134 135 136 137 138 139 142 144 145 146 147 148 149 150 151 152 153 155 156 157 158 159 161 162 164 166 168 169 170 171 172 173 174 175 176 177 178 179 180 181 182 183 184 186 187 189 190 192 193 194 195 196 198 199 200 0

24
2 3 4 5 6 7 8 9 10 11 13 15 16 17 18 19 20 23 24 25 26 27 29 30 31 32 34 35 36 37 38 40 41 42 43 44 47 48 49 50 52 53 54 55 57 58 59 60 61 62 63 65 66 67 68 70 71 72 73 74 75 76 78 79 80 81 83 84 85 86 87 88 90 91 92 93 94 95 96 97 98 99 100 101 102 105 106 107 108 109 110 114 115 116 117 118 119 120 121 122 124 125 126 128 129 130 131 132 133 134 135 136 137 139 141 142 143 144 145 147 148 149 150 151 152 153 155 156 157 158 159 160 161 162 163 164 165 166 167 168 169 170 171 172 173 174 175 176 177 179 180 181 182 183 184 186 187 188 190 191 192 193 194 195 196 197 198 199 200 0

25
1 2 3 5 8 9 10 11 12 14 15 16 17 18 19 23 24 25 27 28 29 31 32 33 34 35 37 38 40 41 42 43 44 45 46 48 49 50 52 53 54 55 56 57 58 59 60 61 62 63 65 66 67 69 70 71 72 73 74 75 76 77 78 79 80 81 83 84 85 86 87 88 89 90 91 92 93 94 95 97 98 99 100 101 102 103 105 106 107 108 109 110 113 114 116 117 118 120 121 122 123 124 125 126 128 129 130 131 132 133 134 135 136 137 138 139 140 141 142 143 144 145 147 148 150 153 155 156 157 158 159 161 162 163 164 166 167 168 169 170 171 172 173 174 176 177 179 180 181 182 183 184 186 187 189 190 191 192 193 194 195 196 197 198 199 200 0

26
2 3 4 5 6 7 8 9 10 11 12 13 15 16 17 18 19 20 23 24 25 26 27 28 29 30 31 32 33 34 35 36 37 38 40 41 42 43 44 47 48 49 50 52 53 54 55 56 57 58 59 60 61 63 65 66 67 68 69 70 71 72 74 75 76 78 79 80 81 82 83 84 85 86 87 88 89 90 91 92 93 94 95 97 99 100 101 102 103 105 108 109 110 113 114 115 116 117 118 120 121 122 124 125 126 128 129 131 132 133 134 135 136 137 139 141 142 143 144 145 146 147 148 149 150 152 153 154 155 156 157 158 159 160 161 162 163 164 165 166 167 168 169 170 171 172 173 174 176 177 178 179 180 181 182 183 184 186 187 188 189 190 192 193 194 195 196 197 198 199 200 0

27
2 3 5 6 7 8 9 10 11 13 14 17 18 19 21 22 23 24 25 27 28 29 31 32 34 35 36 37 38 40 41 42 43 44 45 46 49 50 51 52 53 54 55 57 58 59 60 61 62 63 64 65 66 67 68 69 71 72 74 75 76 77 78 79 80 81 82 83 84 85 86 87 88 89 90 91 92 93 94 95 97 98 99 100 101 105 106 107 108 109 110 111 113 114 115 116 117 118 119 120 121 122 124 125 126 127 128 129 130 131 132 133 134 135 136 137 139 140 142 143 144 145 146 147 148 150 151 153 155 156 157 158 159 161 162 164 165 166 167 168 169 170 171 172 173 174 176 177 178 179 180 181 182 183 185 186 187 188 189 190 192 193 194 195 196 197 198 199 200 0

28
1 2 3 4 5 6 8 9 10 11 12 13 17 18 19 21 22 23 24 25 26 27 29 32 33 34 35 36 37 38 40 41 42 43 44 45 47 49 50 51 52 53 54 55 56 57 58 59 60 61 62 63 64 65 66 67 68 69 70 71 72 73 74 75 76 78 79 80 81 84 85 86 87 88 89 90 91 92 93 94 95 97 98 99 100 101 102 103 105 107 108 109 110 112 113 114 115 116 117 118 120 122 123 124 125 126 127 128 129 130 131 132 133 134 135 136 137 138 139 142 144 145 146 147 148 149 150 151 152 153 154 155 156 157 158 159 160 161 162 163 164 165 166 167 168 169 170 171 172 173 174 175 176 177 178 180 181 182 183 185 186 187 188 190 191 192 193 194 195 196 197 198 199 200 0

29
2 3 7 9 10 11 12 15 16 17 18 19 20 21 23 24 25 27 28 30 32 33 34 35 36 37 38 39 40 41 42 43 44 45 47 48 49 50 51 52 53 54 55 56 57 58 59 60 61 63 65 66 67 68 69 70 71 72 74 75 76 78 79 80 81 82 83 84 85 86 87 88 89 90 91 92 93 94 95 96 97 99 100 101 103 104 105 106 107 108 109 110 111 113 114 116 117 118 120 121 122 123 124 125 126 127 128 129 131 132 133 134 135 136 137 138 139 141 142 144 145 146 147 148 149 150 153 154 155 156 157 158 159 160 162 164 165 166 167 168 169 170 171 172 173 174 175 176 177 178 181 182 183 184 186 187 188 189 190 191 192 193 194 195 196 197 198 199 200 0

30
1 2 3 8 9 10 11 13 14 16 17 18 19 20 21 22 23 24 25 26 27 28 29 30 31 32 34 35 36 37 39 40 41 42 43 44 45 46 47 49 50 51 52 53 54 55 56 57 58 59 60 61 62 63 65 66 67 68 69 71 72 73 74 75 76 78 79 80 81 82 83 84 85 86 87 88 90 91 92 93 94 95 96 97 98 99 100 101 103 105 106 107 108 109 110 111 114 115 116 117 118 119 120 121 122 124 125 126 128 129 130 131 132 133 134 135 136 137 138 139 140 141 142 143 144 145 146 147 148 150 151 152 153 155 156 157 158 159 160 161 162 163 164 165 166 167 168 169 170 171 172 173 174 175 176 177 178 179 180 181 182 183 186 187 190 191 192 193 194 195 196 197 198 199 200 0

31
2 3 6 7 8 9 10 11 15 17 18 19 23 24 25 26 27 28 29 30 31 32 34 35 36 37 38 39 40 41 42 43 44 45 46 47 49 50 52 53 54 55 57 58 59 60 61 65 66 67 68 69 70 71 72 73 74 75 76 78 79 80 81 82 84 85 86 87 88 89 90 91 92 93 94 95 97 99 100 101 102 105 108 109 110 111 112 113 114 115 116 117 118 120 122 123 124 125 126 128 129 131 132 133 134 135 136 137 138 139 140 141 142 144 145 146 147 148 149 150 152 153 154 155 156 157 158 159 161 162 163 164 165 166 167 168 169 170 171 172 173 174 175 176 177 178 179 180 181 182 183 185 186 187 189 190 192 193 194 195 196 197 198 199 200 0

32
2 3 5 6 7 8 9 10 11 12 13 14 17 18 19 20 23 24 25 26 27 29 30 32 33 34 35 36 37 40 41 42 43 44 45 47 49 50 52 53 54 55 56 57 58 59 60 61 62 64 65 66 67 68 70 71 72 74 75 76 78 79 80 81 82 83 84 85 86 87 88 89 90 91 92 93 94 95 96 97 98 99 100 101 104 105 108 109 110 111 112 114 115 116 117 118 120 122 124 125 126 127 128 129 131 132 133 134 135 136 137 138 139 141 142 144 145 147 148 150 151 152 153 154 155 156 157 158 159 160 161 162 163 164 165 166 168 169 170 171 172 173 174 175 176 177 178 180 181 182 183 184 185 186 187 190 192 193 194 195 196 197 198 199 200 0

33
2 3 5 6 7 8 9 10 11 12 14 15 17 18 19 20 21 23 24 25 26 27 28 29 32 35 37 39 40 41 42 43 44 47 49 50 52 53 54 55 56 57 58 59 60 61 62 64 65 66 67 68 71 72 73 74 75 76 77 78 79 80 81 84 85 86 87 88 89 90 91 92 93 94 95 96 97 98 99 100 101 102 104 105 106 107 108 109 110 112 113 114 115 116 117 118 120 121 122 123 124 125 126 128 129 130 131 132 133 134 135 136 137 138 139 142 144 145 146 147 148 149 150 151 152 153 154 155 156 157 158 159 162 163 164 165 166 168 169 170 171 172 173 174 175 176 177 180 181 182 183 185 186 187 190 191 192 193 194 195 196 197 198 199 200 0

34
2 3 4 7 8 9 10 11 13 14 15 16 17 18 19 22 23 24 25 26 27 28 30 32 33 34 35 37 38 40 41 42 43 44 46 47 48 49 50 52 53 54 55 56 57 58 59 60 61 65 66 67 68 70 71 72 74 75 76 78 79 80 81 82 83 84 85 86 87 88 90 91 92 93 94 95 96 97 99 100 101 102 103 105 107 108 109 110 113 114 116 117 118 120 122 124 125 126 128 129 131 132 133 134 135 136 137 138 139 141 142 143 144 145 146 147 148 149 150 151 152 153 154 155 156 157 158 159 161 162 164 165 166 167 168 169 170 171 172 173 174 175 176 177 178 180 181 182 183 184 186 187 190 192 193 194 195 196 197 198 199 200 0

35
1 2 3 5 6 7 8 9 10 11 14 15 16 17 18 19 21 22 23 24 25 26 27 28 29 31 32 33 34 35 36 37 38 39 40 41 42 43 44 45 46 49 50 51 52 53 54 55 56 57 58 59 60 61 62 63 64 65 66 67 68 69 71 72 74 75 76 77 78 79 80 81 84 85 86 87 88 90 91 92 93 94 95 97 98 99 100 101 102 103 104 105 107 108 109 110 114 116 117 118 120 122 124 125 126 128 129 130 131 132 133 134 135 136 137 139 140 141 142 144 145 147 148 149 150 151 152 153 155 156 157 158 159 161 162 163 164 165 166 167 168 169 170 171 172 173 174 176 177 178 179 180 181 182 183 184 185 186 187 189 190 192 193 194 195 196 197 198 199 200 0

36
2 3 4 6 8 9 10 11 13 15 17 18 19 21 23 24 25 27 28 32 34 35 37 40 41 42 43 44 45 46 48 49 50 52 54 55 57 58 59 60 61 62 63 64 65 66 67 70 71 72 74 75 76 78 79 80 81 82 83 84 85 86 87 88 90 91 92 93 94 95 97 99 100 101 102 103 105 107 108 109 110 111 113 114 115 116 117 118 120 122 123 124 125 126 128 129 130 131 132 133 134 135 136 137 139 141 142 143 144 145 146 147 148 149 150 152 153 154 155 156 157 158 159 160 162 163 164 165 166 167 168 169 170 171 172 173 174 176 177 178 179 180 181 182 183 185 186 187 189 190 191 192 193 194 195 196 197 198 199 200 0

37
2 3 4 6 7 8 9 10 11 14 15 16 17 18 19 20 21 22 23 24 25 27 29 30 31 32 33 35 36 37 38 40 41 42 43 44 47 48 49 50 52 53 54 55 56 57 58 59 60 61 62 63 65 66 67 68 69 70 71 72 73 74 75 76 77 78 79 80 81 82 84 85 86 87 88 89 90 91 92 93 94 95 97 98 99 100 101 102 103 105 106 107 108 109 110 111 112 114 115 116 117 118 120 122 123 124 125 126 127 128 129 130 131 132 133 134 135 136 137 138 139 140 141 142 143 144 145 146 147 148 149 150 151 153 154 155 156 157 158 159 161 162 164 165 166 167 168 169 170 171 172 173 174 176 177 178 179 180 181 182 183 184 186 187 188 189 190 192 193 194 195 196 197 198 199 200 0

38
1 2 3 4 5 8 9 11 13 14 16 17 18 19 21 23 24 25 27 28 30 31 32 35 37 39 40 41 42 43 44 48 49 50 51 52 53 54 55 57 58 59 60 61 62 63 64 65 66 67 70 71 72 74 75 76 78 79 80 81 83 84 85 86 87 88 90 91 92 93 94 95 97 98 99 100 101 102 103 105 108 109 110 114 116 117 118 120 121 122 124 125 126 127 128 129 130 131 132 133 134 135 136 137 138 139 140 141 142 143 144 145 147 148 150 151 152 153 154 155 156 157 158 159 160 162 164 165 166 167 168 169 170 171 172 173 174 175 176 177 178 179 181 182 183 184 185 186 187 190 192 193 194 195 196 197 198 199 200 0

39
1 2 3 7 8 9 10 11 14 15 16 17 19 21 22 23 24 25 26 27 31 32 33 34 35 37 38 39 40 41 42 43 44 45 46 47 49 50 51 52 53 54 55 56 57 58 59 60 61 62 63 64 65 66 67 68 69 71 72 73 74 75 76 78 79 80 81 82 84 85 86 87 88 89 90 91 92 93 94 95 97 98 99 100 101 103 104 105 107 108 109 110 111 112 113 114 116 117 118 119 120 121 122 123 124 125 126 127 128 129 130 131 132 133 134 135 136 137 139 140 142 143 144 145 146 147 148 149 150 151 152 153 154 155 156 157 158 159 161 162 163 164 165 166 168 169 170 171 172 173 174 176 177 179 180 181 182 183 184 185 186 187 188 189 190 191 192 193 194 195 196 197 198 199 200 0

40
1 2 3 5 7 9 11 12 14 17 19 20 21 23 24 25 26 27 30 31 32 33 34 35 37 38 39 40 41 42 43 44 45 46 47 49 50 52 53 54 55 57 58 59 60 61 62 64 65 66 67 69 70 71 72 73 74 75 76 77 78 79 80 81 82 83 84 85 86 87 88 89 90 91 92 93 95 96 97 98 99 100 101 102 104 105 106 107 108 109 110 111 112 113 114 115 116 117 118 119 120 121 122 124 125 128 129 131 132 133 134 135 136 137 139 142 144 145 146 147 148 149 150 151 152 153 154 155 156 157 158 159 160 161 162 163 164 165 166 168 169 170 171 172 173 174 175 176 177 178 180 181 182 183 184 185 186 187 188 190 191 192 193 194 195 196 198 199 200 0

41
2 3 5 6 7 8 9 10 11 13 14 15 17 18 19 23 24 25 27 28 30 31 32 33 34 35 37 38 39 40 41 42 43 44 49 50 51 52 53 54 55 56 57 58 59 60 61 62 63 65 66 67 69 71 72 74 75 76 77 78 79 80 81 84 85 86 87 88 89 90 91 92 93 94 95 97 98 99 100 101 102 103 104 105 106 107 108 109 110 111 114 116 117 118 119 120 121 122 123 124 125 126 128 129 130 131 132 133 134 135 136 137 138 139 142 143 144 145 146 147 148 150 151 152 153 154 155 156 157 158 159 160 161 162 163 164 165 166 167 168 169 170 171 172 173 174 176 177 180 181 182 183 185 186 187 188 190 191 192 193 194 195 196 197 198 199 200 0

42
1 2 3 4 5 6 9 10 11 14 15 16 17 18 19 20 21 23 24 25 26 27 28 30 31 32 33 34 35 37 39 40 41 42 43 44 45 46 49 50 51 52 53 54 55 56 57 58 59 60 61 62 64 65 66 67 69 70 71 72 74 75 76 77 78 79 80 81 82 83 84 85 86 87 88 89 90 91 92 93 94 95 96 97 99 100 101 102 104 105 106 107 108 109 110 112 113 114 115 116 117 118 120 121 122 124 125 126 127 128 129 131 132 133 134 135 136 137 138 139 141 142 143 144 145 146 147 148 149 150 152 153 155 156 157 158 159 160 161 162 163 164 165 166 167 168 169 170 171 172 173 174 175 176 177 181 182 183 184 185 186 187 190 191 192 193 194 195 196 197 198 200 0

43
2 3 4 7 9 11 13 17 18 19 23 24 25 26 27 29 30 31 32 33 34 35 37 38 40 41 42 43 44 47 49 50 51 52 53 54 55 56 57 58 59 60 61 62 63 65 66 67 68 71 72 73 74 75 76 78 79 80 81 83 84 85 86 87 88 89 90 91 92 93 94 95 97 99 100 101 102 103 104 105 106 107 108 109 110 111 112 113 114 115 116 117 118 119 120 122 124 125 126 127 128 129 131 132 133 134 135 136 137 138 139 140 142 144 145 146 147 148 150 153 155 156 157 158 159 160 161 162 163 164 165 166 167 168 169 170 171 172 173 174 176 177 179 180 181 182 183 185 186 187 188 190 191 192 193 194 195 196 197 198 200 0

44
2 3 5 6 8 9 10 11 12 14 15 17 18 19 20 22 23 24 25 27 28 32 34 35 36 37 40 41 42 43 44 45 47 48 49 50 52 54 55 56 57 58 59 60 61 62 64 65 66 67 68 69 70 71 72 73 74 75 76 77 78 79 80 81 83 84 85 86 87 88 89 90 91 92 93 94 95 96 97 99 100 101 104 105 106 108 109 110 111 112 114 116 117 118 119 120 122 124 125 126 128 129 131 132 133 134 135 136 137 139 141 142 143 144 145 146 147 148 149 150 151 153 155 156 157 158 159 160 161 162 163 164 165 166 167 168 169 170 171 172 173 174 176 177 178 179 180 181 182 183 185 186 187 190 191 192 193 194 195 196 197 198 199 200 0

45
2 3 5 6 8 9 11 12 14 16 17 18 19 20 23 24 25 26 27 28 29 32 34 35 37 38 40 41 42 43 44 46 47 49 50 51 52 53 54 55 57 58 59 60 61 63 64 65 66 67 68 69 71 72 73 74 75 76 77 78 79 80 81 82 83 84 85 86 87 88 89 90 91 92 93 94 95 96 97 99 100 101 102 103 105 106 107 108 109 110 112 113 114 115 116 117 118 119 120 122 124 125 128 129 130 131 132 133 134 135 136 137 138 139 140 142 143 144 145 146 147 148 149 150 151 152 153 154 155 156 157 158 159 160 162 164 165 166 167 168 169 170 171 172 173 174 175 176 177 178 180 181 182 183 184 185 186 187 188 190 191 192 193 194 195 196 198 200 0

46
2 3 4 5 6 8 9 10 11 12 15 17 18 19 20 21 22 23 24 25 26 27 28 29 30 31 32 34 35 36 37 39 40 41 42 43 44 45 46 48 49 50 51 52 53 54 55 57 58 59 60 61 62 65 66 67 68 69 71 72 74 75 76 78 79 80 81 82 84 85 86 87 88 89 90 91 92 93 94 95 97 98 99 100 101 104 105 106 107 108 109 110 112 114 115 116 117 118 119 120 121 122 123 124 125 127 128 129 131 132 133 134 135 136 137 138 139 140 141 142 143 144 145 146 147 148 150 153 155 156 157 158 159 160 162 163 164 165 166 167 168 169 170 171 172 173 174 175 176 177 179 181 182 183 184 185 186 187 189 190 191 192 193 194 195 196 198 199 200 0

47
1 2 3 4 6 8 9 10 11 12 13 14 15 17 18 19 21 22 23 24 25 26 27 28 29 31 32 34 35 36 37 40 41 42 43 44 45 46 47 49 50 51 52 53 54 55 56 57 58 59 60 61 63 64 65 66 67 68 69 71 72 74 75 76 77 78 79 80 81 83 84 85 86 87 88 89 90 91 92 93 94 95 97 99 100 101 102 103 104 105 107 108 109 110 112 114 116 117 118 120 121 122 124 125 128 129 131 132 133 134 135 136 137 138 139 142 144 145 146 147 148 149 150 151 152 153 154 155 156 157 158 159 160 162 163 164 165 166 168 169 170 171 172 173 174 176 177 178 179 181 182 183 184 185 186 187 188 190 191 192 193 194 195 196 198 200 0

48
1 2 3 8 9 10 11 14 17 19 20 21 22 23 24 25 27 28 29 31 32 33 34 35 37 38 40 41 42 43 44 45 46 49 50 51 52 53 54 55 56 57 58 59 60 61 62 63 64 65 66 67 68 71 72 74 75 76 77 78 79 80 81 84 85 86 87 88 90 91 92 93 95 96 97 99 100 101 103 104 105 106 107 108 109 110 111 112 113 114 116 117 118 120 121 122 124 125 126 127 128 129 131 132 133 134 135 136 137 139 141 142 144 145 147 148 150 153 154 155 156 157 158 159 162 163 164 165 166 167 168 169 170 171 172 173 174 176 177 178 179 180 181 182 183 184 186 187 188 190 192 193 194 195 196 198 200 0

49
1 2 3 4 7 8 9 10 11 17 18 19 23 24 25 26 27 29 30 31 32 34 35 36 37 38 39 40 41 42 43 44 45 47 49 50 52 53 54 55 56 57 58 59 60 61 63 64 65 66 67 68 69 70 71 72 73 74 75 76 78 79 80 81 83 84 85 86 87 88 89 90 91 92 93 94 95 97 98 99 100 101 102 104 105 107 108 109 110 111 112 113 114 116 117 118 119 120 122 123 124 125 126 128 129 130 131 132 133 134 135 136 137 138 139 140 142 143 144 145 146 147 148 150 151 153 154 155 156 157 158 159 161 162 163 164 165 166 168 169 170 171 172 173 174 175 176 177 178 181 182 183 185 186 187 188 190 191 192 193 194 195 196 198 199 200 0

50
1 2 3 5 6 7 8 9 10 11 12 13 17 18 19 21 23 24 25 27 28 29 30 31 32 33 34 35 36 37 38 39 40 41 42 43 44 45 48 49 50 51 52 53 54 55 56 57 58 59 60 61 62 63 65 66 67 69 70 71 72 74 75 76 77 78 79 80 81 84 85 86 87 88 89 90 91 92 93 94 95 97 98 99 100 101 102 103 105 106 108 109 110 112 113 114 116 117 118 119 120 122 123 124 125 126 128 129 130 131 132 133 134 135 136 137 138 139 140 141 142 144 145 146 147 148 149 150 151 152 153 154 155 156 157 158 159 161 162 163 164 165 166 168 169 170 171 172 173 174 175 176 177 178 179 180 181 182 183 185 186 187 188 190 192 193 194 195 196 198 199 200 0

51
2 3 4 5 6 7 8 9 10 11 13 14 15 17 18 19 20 23 24 25 26 27 28 29 32 34 35 36 37 40 41 42 43 44 46 47 48 49 50 52 53 54 55 56 57 58 59 60 61 63 64 65 66 67 69 71 72 74 75 76 78 79 80 81 82 84 85 86 87 88 89 90 91 92 93 94 95 96 97 98 99 100 101 103 105 106 107 108 109 110 114 115 116 117 118 120 122 124 125 126 128 129 131 132 133 134 135 136 137 138 139 140 141 142 143 144 145 147 148 150 152 153 154 155 156 157 158 159 162 163 164 166 167 168 169 170 171 172 173 174 176 177 179 180 181 182 183 186 187 189 190 192 193 194 195 196 198 199 200 0

52
2 3 6 7 8 9 10 11 12 15 17 19 21 22 23 24 25 27 30 31 32 34 35 36 37 38 39 40 41 42 43 44 46 48 49 50 52 53 54 55 56 57 58 59 60 61 62 63 65 66 67 69 71 72 74 75 76 78 79 80 81 82 83 84 85 86 87 88 89 90 91 92 93 94 95 96 97 98 99 100 101 102 103 104 105 106 107 108 109 110 111 112 113 114 115 116 117 118 120 121 122 124 125 126 128 129 131 132 133 134 135 136 137 138 139 141 142 144 145 146 147 148 149 150 153 155 156 157 158 159 162 164 165 166 167 168 169 170 171 172 173 174 175 176 177 178 179 180 181 182 183 184 186 187 189 190 192 193 194 195 196 197 198 199 200 0

53
1 2 3 4 5 9 10 11 13 14 15 16 17 18 19 20 23 24 25 27 31 32 33 34 35 36 37 39 40 41 42 43 44 45 46 47 49 50 51 52 53 54 55 56 57 58 59 60 61 62 63 64 65 66 67 69 70 71 72 73 74 75 76 78 79 80 81 82 83 84 85 86 87 88 89 90 91 92 93 94 95 96 97 99 100 101 102 103 104 105 107 108 109 110 111 112 114 116 117 118 119 120 122 123 124 125 126 127 128 129 131 132 133 134 135 136 137 139 140 142 144 145 147 148 149 150 151 153 155 156 157 158 159 160 161 162 164 165 166 167 168 169 170 171 172 173 174 176 177 178 180 181 182 183 184 185 186 187 188 189 190 191 192 193 194 195 196 197 198 199 200 0

54
1 2 3 4 5 6 7 8 9 11 12 14 17 18 19 20 21 22 23 24 25 26 27 28 29 30 32 33 34 35 36 37 38 39 40 41 42 43 44 46 48 49 50 51 52 53 54 55 57 58 59 60 61 62 63 64 65 66 67 69 70 71 72 73 74 75 76 77 78 79 80 81 84 85 86 87 88 90 91 92 93 95 96 97 98 99 100 101 102 105 106 108 109 110 112 113 114 115 116 117 118 119 120 121 122 123 124 125 126 128 129 130 131 132 133 134 135 136 137 138 139 141 142 144 145 146 147 148 149 150 151 152 153 155 156 157 158 159 160 161 162 164 165 166 168 169 170 171 172 173 174 176 177 179 180 181 182 183 185 186 187 189 190 192 193 194 195 196 198 199 200 0

55
2 3 4 5 6 8 9 11 12 14 15 17 18 19 22 23 24 25 26 27 31 32 33 34 35 36 37 40 41 42 43 44 46 49 50 52 53 54 55 56 57 58 59 60 61 62 63 65 66 67 69 70 71 72 74 75 76 77 78 79 80 81 82 83 84 85 86 87 88 90 91 92 93 95 96 97 99 100 101 103 105 107 108 109 110 111 112 113 114 115 116 117 118 119 120 121 122 123 124 125 126 128 129 130 131 132 133 134 135 136 137 139 141 142 143 144 145 146 147 148 149 150 152 153 154 155 156 157 158 159 161 162 164 165 166 167 168 169 170 171 172 173 174 175 176 177 178 179 180 181 182 183 185 186 187 188 190 192 193 194 195 196 197 198 199 200 0

56
2 3 4 7 8 9 11 12 13 15 17 18 19 20 23 24 25 26 27 28 29 30 31 32 33 34 35 36 37 40 41 42 43 44 46 47 49 50 51 52 53 54 55 57 58 59 60 61 62 63 65 66 67 69 70 71 72 73 74 75 76 78 79 80 81 83 84 85 86 87 88 89 90 91 92 93 94 95 96 97 98 99 100 101 103 104 105 106 107 108 109 110 111 112 114 116 117 118 119 120 121 122 124 125 126 127 128 129 131 132 133 134 135 136 137 138 139 140 142 144 145 146 147 148 149 150 151 152 153 155 156 157 158 159 160 161 162 163 164 165 166 168 169 170 171 172 173 174 176 177 178 179 181 182 183 185 186 187 188 189 190 192 193 194 195 196 197 198 199 200 0

57
2 3 4 5 6 7 8 9 11 12 13 15 16 17 18 19 21 22 23 24 25 26 27 29 30 31 32 34 35 36 37 38 40 41 42 43 44 45 47 48 49 50 52 53 54 55 56 57 58 59 60 61 62 63 65 66 67 68 69 70 71 72 73 74 75 76 78 79 80 81 83 84 85 86 87 88 89 90 91 92 93 94 95 96 97 98 99 100 101 102 103 104 105 106 108 109 110 111 112 113 114 115 116 117 118 120 121 122 124 125 126 127 128 129 130 131 132 133 134 135 136 137 139 140 142 143 144 145 146 147 148 149 150 151 153 154 155 156 157 158 159 160 161 162 163 164 165 166 167 168 169 170 171 172 173 174 175 176 177 178 179 181 182 183 185 186 187 189 190 191 192 193 194 195 196 197 198 199 200 0

58
1 2 3 6 8 9 11 12 15 17 18 19 20 22 23 24 25 26 27 29 30 31 32 33 34 35 36 37 40 41 42 43 44 45 46 48 49 50 51 52 53 54 55 57 58 59 60 61 62 63 65 66 67 69 70 71 72 74 75 76 78 79 80 81 82 83 84 85 86 87 88 89 90 91 92 93 95 97 98 99 100 101 102 103 105 106 107 108 109 110 112 114 115 116 117 118 120 121 122 124 125 126 127 128 129 131 132 133 134 135 136 137 138 139 142 143 144 145 147 148 149 150 151 153 154 155 156 157 158 159 162 164 166 167 168 169 170 171 172 173 174 175 176 177 178 179 180 181 182 183 184 186 187 188 190 192 193 194 195 196 198 0

59
2 3 5 6 7 8 9 10 11 12 13 14 15 16 17 18 19 20 21 23 24 25 27 28 31 32 34 35 37 38 39 40 41 42 43 44 46 47 48 49 50 52 53 54 55 56 57 58 59 60 61 63 64 65 66 67 68 71 72 73 74 75 76 77 78 79 80 81 84 85 86 87 88 89 90 91 92 93 94 95 96 97 98 99 100 101 102 103 104 105 107 108 109 110 111 112 113 114 116 117 118 119 120 122 123 124 125 126 127 128 129 130 131 132 133 134 135 136 137 139 140 142 143 144 145 147 148 149 150 153 154 155 156 157 158 159 161 162 163 164 165 166 167 168 169 170 171 172 173 174 176 177 178 179 180 181 182 183 184 185 186 187 188 189 190 191 192 193 194 195 196 198 199 200 0

60
1 2 3 5 8 9 10 11 12 14 16 17 18 19 21 22 23 24 25 26 27 28 29 30 31 32 34 35 37 38 40 41 42 43 44 47 48 49 50 52 53 54 55 57 58 59 60 61 62 63 64 65 66 67 68 69 70 71 72 73 74 75 76 78 79 80 81 82 84 85 86 87 88 90 91 92 93 95 96 97 98 99 100 101 104 105 106 108 109 110 111 112 113 114 116 117 118 119 120 121 122 123 124 125 126 127 128 129 130 131 132 133 134 135 136 137 138 139 142 144 145 147 148 150 151 152 153 154 155 156 157 158 159 161 162 164 165 166 167 168 169 170 171 172 173 174 175 176 177 178 179 180 181 182 183 184 186 187 190 191 192 193 194 195 196 198 200 0

61
1 2 3 5 6 8 9 10 11 13 14 15 17 18 19 20 21 23 24 25 27 28 30 31 32 35 36 37 40 41 42 43 44 45 46 47 48 49 50 51 52 53 54 55 57 58 59 60 61 62 63 65 66 67 68 69 71 72 74 75 76 77 78 79 80 81 82 84 85 86 87 88 89 90 91 92 93 95 96 97 99 100 101 104 105 107 108 109 110 112 114 116 117 118 119 120 121 122 123 124 125 128 129 131 132 133 134 135 136 137 138 139 142 144 145 146 147 148 149 150 151 152 153 154 155 156 157 158 159 160 162 163 164 165 166 167 168 169 170 171 172 173 174 175 176 177 181 182 183 184 185 186 187 188 190 191 192 193 194 195 196 197 198 199 200 0

62
1 2 3 4 5 6 8 9 10 11 13 14 16 17 18 19 21 23 24 25 27 28 29 30 32 33 35 36 37 38 39 40 41 42 43 44 46 49 50 51 52 53 54 55 57 58 59 60 61 62 63 64 65 66 67 68 69 70 71 72 74 75 76 78 79 80 81 84 85 86 87 88 89 90 91 92 93 95 97 99 100 101 102 104 105 106 107 108 109 110 111 113 114 115 116 117 118 120 121 122 124 125 126 128 129 131 132 133 134 135 136 137 139 142 144 145 146 147 148 150 151 153 155 156 157 158 159 160 161 162 163 164 165 166 168 169 170 171 172 173 174 175 176 177 178 179 181 182 183 185 186 187 190 192 193 194 195 196 197 198 199 200 0

63
1 2 3 4 8 9 10 11 12 13 14 15 16 17 19 20 23 24 25 27 28 29 32 33 34 35 37 38 40 41 42 43 44 48 49 50 52 53 54 55 56 57 58 59 60 61 62 63 64 65 66 67 68 69 70 71 72 74 75 76 77 78 79 80 81 82 84 85 86 87 88 89 90 91 92 93 94 95 97 99 100 101 103 104 105 108 109 110 112 113 114 115 116 117 118 120 121 122 123 124 125 126 128 129 130 131 132 133 134 135 136 137 138 139 142 143 144 145 147 148 150 152 153 155 156 157 158 159 160 162 163 164 165 166 167 168 169 170 171 172 173 174 175 176 177 179 181 182 183 186 187 189 190 192 193 194 195 196 197 198 199 200 0

64
1 2 3 4 5 7 8 9 10 11 12 13 15 17 19 20 22 23 24 25 26 27 28 30 32 34 35 36 37 38 40 41 42 43 44 45 46 47 48 49 50 52 53 54 55 57 58 59 60 61 63 65 66 67 70 71 72 73 74 75 76 78 79 80 81 82 83 84 85 86 87 88 89 90 91 92 93 94 95 97 98 99 100 101 102 103 104 105 106 108 109 110 112 113 114 116 117 118 120 122 123 124 125 127 128 129 131 132 133 134 135 136 137 139 141 142 143 144 145 146 147 148 149 150 151 153 155 156 157 158 159 162 163 164 165 166 167 168 169 170 171 172 173 174 176 177 178 179 180 181 182 183 184 186 187 188 190 191 192 193 194 195 196 197 198 199 0

65
1 2 3 4 5 6 7 8 9 10 11 12 13 17 18 19 21 23 24 25 26 27 28 30 31 32 33 34 35 37 40 41 42 43 44 45 46 47 48 49 50 51 52 53 54 55 56 57 58 59 60 61 62 63 65 66 67 68 69 70 71 72 74 75 76 77 78 79 80 81 82 84 85 86 87 88 89 90 91 92 93 95 97 99 100 101 104 105 107 108 109 110 112 114 115 116 117 118 120 121 122 123 124 125 127 128 129 131 132 133 134 135 136 137 139 140 142 143 144 145 146 147 148 149 150 151 152 153 154 155 156 157 158 159 160 162 163 164 165 166 167 168 169 170 171 172 173 174 175 176 177 178 181 182 183 184 185 186 187 190 191 192 193 194 195 196 198 199 200 0

66
1 2 3 4 5 7 8 9 10 11 13 15 17 18 19 20 21 22 23 24 25 26 27 29 30 32 33 34 35 36 37 40 41 42 43 44 45 46 47 49 50 52 53 54 55 56 57 58 59 60 61 62 63 64 65 66 67 68 70 71 72 74 75 76 77 78 79 80 81 83 84 85 86 87 88 89 90 91 92 93 95 96 97 99 100 101 104 105 108 109 110 114 116 117 118 120 122 124 125 126 128 129 130 131 132 133 134 135 136 137 138 139 140 141 142 144 145 146 147 148 150 151 152 153 155 156 157 158 159 162 163 164 165 166 168 169 170 171 172 173 174 176 177 178 179 180 181 182 183 185 186 187 188 190 191 192 193 194 195 196 198 200 0

67
1 2 3 5 6 7 8 9 11 12 13 17 18 19 21 22 23 24 25 27 28 29 30 31 32 33 34 35 37 40 41 42 43 44 46 47 48 49 50 51 52 53 54 55 57 58 59 60 61 62 64 65 66 67 69 70 71 72 74 75 76 77 78 79 80 81 82 83 84 85 86 87 88 89 90 91 92 93 94 95 97 99 100 101 102 103 105 106 107 108 109 110 111 113 114 116 117 118 119 120 122 123 124 125 126 128 129 130 131 132 133 134 135 136 137 139 140 141 142 144 145 146 147 148 149 150 151 152 153 155 156 157 158 159 160 162 163 164 166 168 169 170 171 172 173 174 175 176 177 178 179 180 181 182 183 185 186 187 190 191 192 193 194 195 196 198 199 200 0

68
1 2 3 5 8 9 10 11 14 15 16 17 18 19 20 22 23 24 25 27 28 29 30 32 33 35 36 37 38 40 41 42 43 44 45 46 47 48 49 50 52 53 54 55 56 57 58 59 60 61 62 65 66 67 68 69 70 71 72 73 74 75 76 78 79 80 81 83 84 85 86 87 88 89 90 91 92 93 95 96 97 98 99 100 101 103 104 105 106 108 109 110 111 112 114 115 116 117 118 119 120 121 122 124 125 127 128 129 131 132 133 134 135 136 137 138 139 140 142 144 145 146 147 148 149 150 151 152 153 155 156 157 158 159 161 162 163 164 165 166 167 168 169 170 171 172 173 174 175 176 177 178 180 181 182 183 184 185 186 187 188 189 190 191 192 193 194 195 196 197 198 199 200 0

69
2 3 4 6 7 8 9 11 13 14 15 16 17 18 19 20 21 23 24 25 26 27 28 29 30 32 34 35 36 37 40 41 42 43 44 46 49 50 51 52 53 54 55 57 58 59 60 61 63 64 65 66 67 68 69 70 71 72 74 75 76 77 78 79 80 81 82 83 84 85 86 87 88 90 91 92 93 94 95 97 99 100 101 102 103 105 106 107 108 109 110 112 113 114 115 116 117 118 120 121 122 123 124 125 126 128 129 130 131 132 133 134 135 136 137 138 139 142 144 145 147 148 149 150 151 152 153 154 155 156 157 158 159 160 162 164 165 166 167 168 169 170 171 172 173 174 175 176 177 178 179 180 181 182 183 184 185 186 187 188 189 190 191 192 193 194 195 196 198 200 0

70
1 2 3 5 9 10 11 12 14 15 16 17 18 19 20 22 23 24 25 26 27 28 29 30 31 32 35 36 37 39 40 41 42 43 44 45 49 50 51 52 53 54 55 56 57 58 59 60 61 62 63 64 65 66 67 68 69 71 72 74 75 76 78 79 80 81 84 85 86 87 88 89 90 91 92 93 95 97 98 99 100 101 102 103 105 107 108 109 110 111 112 113 114 116 117 118 120 121 122 123 124 125 126 128 129 130 131 132 133 134 135 136 137 139 140 141 142 144 145 146 147 148 149 150 151 152 153 154 155 156 157 158 159 160 161 162 164 165 166 168 169 170 171 172 173 174 176 177 179 181 182 183 185 186 187 188 189 190 191 192 193 194 195 196 197 198 200 0

71
2 3 4 5 6 7 8 9 10 11 12 13 14 15 16 17 18 19 20 21 22 23 24 25 27 28 29 30 31 32 33 34 35 36 37 38 40 41 42 43 44 45 47 48 49 50 52 53 54 55 56 57 58 59 60 61 62 63 65 66 67 68 69 70 71 72 73 74 75 76 78 79 80 81 82 84 85 86 87 88 90 91 92 93 94 95 97 99 100 101 102 103 105 107 108 109 110 111 112 114 116 117 118 120 121 122 124 125 126 127 128 129 130 131 132 133 134 135 136 137 139 140 142 143 144 145 147 148 150 152 153 155 156 157 158 159 160 161 162 163 164 165 166 167 168 169 170 171 172 173 174 176 177 178 179 180 181 182 183 186 187 188 189 190 192 193 194 195 196 198 199 200 0

72
2 3 4 6 8 9 10 11 12 13 14 17 19 20 21 22 23 24 25 26 27 28 30 31 32 33 35 36 37 38 40 41 42 43 44 46 49 50 52 53 54 55 56 57 58 59 60 61 62 65 66 67 68 69 71 72 74 75 76 78 79 80 81 83 84 85 86 87 88 89 90 91 92 93 95 96 97 98 99 100 101 102 104 105 106 107 108 109 110 112 113 114 115 116 117 118 119 120 121 122 124 125 128 129 131 132 133 134 135 136 137 138 139 140 142 143 144 145 146 147 148 149 150 151 153 154 155 156 157 158 159 161 162 163 164 165 166 168 169 170 171 172 173 174 175 176 177 178 179 180 181 182 183 184 185 186 187 188 190 191 192 193 194 195 196 197 198 199 200 0

73
2 3 6 8 9 10 11 12 15 16 17 18 19 20 21 22 23 24 25 26 27 28 29 30 31 32 33 35 37 38 40 41 42 43 44 46 49 50 51 52 53 54 55 56 57 58 59 60 61 62 63 64 65 66 67 68 69 70 71 72 73 74 75 76 77 78 79 80 81 82 83 84 85 86 87 88 89 90 91 92 93 94 95 96 97 98 99 100 101 104 105 108 109 110 114 115 116 117 118 119 120 121 122 124 125 126 128 129 131 132 133 134 135 136 137 138 139 140 141 142 143 144 145 147 148 149 150 152 153 155 156 157 158 159 160 161 162 163 164 165 166 167 168 169 170 171 172 173 174 176 177 178 180 181 182 183 185 186 187 188 189 190 191 192 193 194 195 196 197 198 199 200 0

74
1 2 3 9 10 11 13 14 15 16 17 18 19 20 21 22 23 24 25 26 27 29 30 31 32 33 34 35 36 37 40 41 42 43 44 45 46 49 50 52 54 55 57 58 59 60 61 63 64 65 66 67 68 69 71 72 74 75 76 77 78 79 80 81 83 84 85 86 87 88 89 90 91 92 93 94 95 97 98 99 100 101 102 103 104 105 106 107 108 109 110 113 114 116 117 118 119 120 121 122 123 124 125 126 127 128 129 131 132 133 134 135 136 137 138 139 142 143 144 145 146 147 148 149 150 151 152 153 155 156 157 158 159 160 162 163 164 165 166 167 168 169 170 171 172 173 174 175 176 177 178 179 180 181 182 183 184 185 186 187 188 189 190 191 192 193 194 195 196 198 199 200 0

75
1 2 3 5 6 7 8 9 11 12 15 17 18 19 22 23 24 25 27 28 29 30 31 32 33 34 35 36 37 39 40 41 42 43 44 45 46 47 49 50 52 53 54 55 57 58 59 60 61 63 64 65 66 67 70 71 72 73 74 75 76 78 79 80 81 82 83 84 85 86 87 88 89 90 91 92 93 94 95 97 98 99 100 101 103 105 107 108 109 110 113 114 115 116 117 118 119 120 122 124 125 126 128 129 131 132 133 134 135 136 137 138 139 140 141 142 144 145 146 147 148 149 150 151 152 153 154 155 156 157 158 159 160 161 162 163 164 165 166 168 169 170 171 172 173 174 175 176 177 178 179 180 181 182 183 186 187 188 190 191 192 193 194 195 196 197 198 199 200 0

76
1 2 3 7 8 9 11 12 13 14 16 17 18 19 22 23 24 25 26 27 28 29 32 33 35 36 37 40 41 42 43 44 45 46 47 49 50 52 54 55 56 57 58 59 60 61 62 63 64 65 66 67 68 69 70 71 72 73 74 75 76 78 79 80 81 83 84 85 86 87 88 89 90 91 92 93 94 95 97 98 99 100 101 102 103 105 107 108 109 110 111 112 113 114 116 117 118 120 122 124 125 126 127 128 129 131 132 133 134 135 136 137 138 139 140 141 142 143 144 145 147 148 149 150 152 153 154 155 156 157 158 159 161 162 163 164 165 166 168 169 170 171 172 173 174 176 177 178 179 180 181 182 183 185 186 187 188 190 191 192 193 194 195 196 198 200 0

77
1 2 3 4 5 7 9 10 11 12 13 15 17 19 20 21 22 23 24 25 26 27 29 31 32 33 35 36 37 38 40 41 42 43 44 46 49 50 52 53 54 55 56 57 58 59 60 61 63 64 65 66 67 69 71 72 73 74 75 76 77 78 79 80 81 84 85 86 87 88 89 90 91 92 93 94 95 96 97 99 100 101 103 104 105 106 108 109 110 113 114 115 116 117 118 120 121 122 123 124 125 128 129 131 132 133 134 135 136 137 138 139 140 141 142 143 144 145 147 148 150 151 153 154 155 156 157 158 159 160 162 163 164 165 166 168 169 170 171 172 173 174 176 177 178 179 180 181 182 183 185 186 187 189 190 191 192 193 194 195 196 198 199 200 0

78
2 3 5 8 9 11 12 15 16 17 18 19 20 22 23 24 25 27 28 30 31 32 33 34 35 37 40 41 42 43 44 45 46 48 49 50 51 52 53 54 55 57 58 59 60 61 62 64 65 66 67 68 69 71 72 74 75 76 77 78 79 80 81 82 83 84 85 86 87 88 90 91 92 93 94 95 97 98 99 100 101 104 105 106 107 108 109 110 111 114 115 116 117 118 119 120 122 124 125 126 127 128 129 131 132 133 134 135 136 137 139 141 142 143 144 145 147 148 149 150 152 153 154 155 156 157 158 159 161 162 163 164 166 167 168 169 170 171 172 173 174 175 176 177 178 179 180 181 182 183 184 185 186 187 189 190 191 192 193 194 195 196 197 198 200 0

79
1 2 3 4 5 6 7 8 9 10 11 12 13 14 15 16 17 18 19 21 23 24 25 26 27 28 29 30 32 34 35 37 38 40 41 42 43 44 47 48 49 50 52 53 54 55 56 57 58 59 60 61 62 63 64 65 66 67 71 72 73 74 75 76 78 79 80 81 82 83 84 85 86 87 88 90 91 92 93 95 96 97 99 100 101 102 105 107 108 109 110 111 112 114 115 116 117 118 119 120 121 122 124 125 126 127 128 129 130 131 132 133 134 135 136 137 138 139 140 142 143 144 145 146 147 148 149 150 151 153 155 156 157 158 159 161 162 164 165 166 167 168 169 170 171 172 173 174 175 176 177 179 181 182 183 186 187 188 190 191 192 193 194 195 196 197 198 199 200 0

80
1 2 3 4 5 8 9 11 12 14 17 18 19 21 23 24 25 27 29 30 31 32 34 35 36 37 38 40 41 42 43 44 45 46 47 48 49 50 51 52 53 54 55 56 57 58 59 60 61 62 63 65 66 67 68 69 70 71 72 74 75 76 78 79 80 81 82 83 84 85 86 87 88 89 90 91 92 93 95 96 97 98 99 100 101 102 103 104 105 106 107 108 109 110 111 112 113 114 116 117 118 120 121 122 124 125 126 127 128 129 130 131 132 133 134 135 136 137 138 139 142 144 145 146 147 148 149 150 151 152 153 155 156 157 158 159 161 162 164 165 166 168 169 170 171 172 173 174 176 177 178 179 181 182 183 186 187 189 190 191 192 193 194 195 196 198 200 0

81
1 2 3 5 6 7 8 9 10 11 12 16 17 18 19 20 21 22 23 24 25 27 28 29 31 32 33 34 35 36 37 38 39 40 41 42 43 44 45 49 50 51 52 53 54 55 56 57 58 59 60 61 62 64 65 66 67 69 70 71 72 73 74 75 76 78 79 80 81 82 83 84 85 86 87 88 90 91 92 93 94 95 96 97 98 99 100 101 102 104 105 106 107 108 109 110 111 112 113 114 115 116 117 118 119 120 121 122 123 124 125 126 127 128 129 130 131 132 133 134 135 136 137 139 141 142 144 145 146 147 148 149 150 151 153 154 155 156 157 158 159 160 161 162 164 165 166 168 169 170 171 172 173 174 175 176 177 179 180 181 182 183 185 186 187 188 189 190 191 192 193 194 195 196 198 199 200 0

82
1 2 3 4 5 7 8 9 10 11 12 15 16 17 18 19 21 22 23 24 25 27 28 29 31 32 33 34 35 36 37 38 39 40 41 42 43 44 46 47 48 49 50 51 52 53 54 55 56 57 58 59 60 61 62 63 64 65 66 67 70 71 72 74 75 76 78 79 80 81 82 83 84 85 86 87 88 89 90 91 92 93 94 95 97 98 99 100 101 102 103 105 106 108 109 110 111 114 115 116 117 118 120 122 123 124 125 126 128 129 131 132 133 134 135 136 137 138 139 142 144 145 146 147 148 150 152 153 154 155 156 157 158 159 161 162 163 164 165 166 168 169 170 171 172 173 174 175 176 177 178 179 181 182 183 185 186 187 188 189 190 192 193 194 195 196 197 198 199 200 0

83
2 3 5 8 9 10 11 12 15 16 17 19 22 23 24 25 26 27 28 31 32 33 34 35 36 37 38 40 41 42 43 44 46 47 48 49 50 51 52 53 54 55 57 58 59 60 61 62 63 64 65 66 67 69 70 71 72 73 74 75 76 77 78 79 80 81 82 83 84 85 86 87 88 90 91 92 93 94 95 96 97 98 99 100 101 103 105 106 107 108 109 110 114 115 116 117 118 119 120 121 122 123 124 125 126 127 128 129 130 131 132 133 134 135 136 137 138 139 141 142 144 145 147 148 150 151 152 153 155 156 157 158 159 160 162 164 165 166 167 168 169 170 171 172 173 174 176 177 178 179 180 181 182 183 186 187 188 189 190 192 193 194 195 196 197 198 199 200 0

84
1 2 3 4 5 6 7 8 9 10 11 12 13 14 16 17 18 19 20 22 23 24 25 26 27 28 29 30 32 33 35 36 37 38 40 41 42 43 44 45 46 47 48 49 50 52 53 54 55 56 57 58 59 60 61 62 63 64 65 66 67 68 69 70 71 72 74 75 76 78 79 80 81 82 83 84 85 86 87 88 89 90 91 92 93 95 97 99 100 101 102 103 104 105 107 108 109 110 114 115 116 117 118 120 121 122 123 124 125 126 127 128 129 130 131 132 133 134 135 136 137 138 139 140 142 143 144 145 146 147 148 150 151 152 153 155 156 157 158 159 162 164 165 166 168 169 170 171 172 173 174 176 177 180 181 182 183 184 185 186 187 189 190 191 192 193 194 195 196 197 198 199 200 0

85
2 3 4 9 11 15 17 18 19 20 21 22 23 24 25 27 30 31 32 34 35 36 37 39 40 41 42 43 44 46 47 49 50 52 53 54 55 56 57 58 59 60 61 62 63 65 66 67 68 69 70 71 72 74 75 76 78 79 80 81 83 84 85 86 87 88 89 90 91 92 93 95 97 99 100 101 102 103 104 105 107 108 109 110 111 113 114 116 117 118 120 122 124 125 126 127 128 129 130 131 132 133 134 135 136 137 138 139 142 143 144 145 146 147 148 149 150 151 153 154 155 156 157 158 159 160 162 163 164 165 166 167 168 169 170 171 172 173 174 175 176 177 179 180 181 182 183 185 186 187 188 189 190 192 193 194 195 196 197 198 199 200 0

86
1 2 3 4 9 10 11 13 14 15 16 17 19 20 22 23 24 25 27 29 30 31 32 35 36 37 40 41 42 43 44 45 46 47 49 50 51 52 54 55 57 58 59 60 61 64 65 66 67 71 72 73 74 75 76 78 79 80 81 82 84 85 86 87 88 89 90 91 92 93 94 95 96 97 99 100 101 102 103 104 105 106 107 108 109 110 111 112 113 114 116 117 118 119 120 121 122 123 124 125 126 127 128 129 131 132 133 134 135 136 137 138 139 140 141 142 143 144 145 146 147 148 150 151 152 153 155 156 157 158 159 160 162 163 164 165 166 167 168 169 170 171 172 173 174 175 176 177 179 180 181 182 183 185 186 187 188 190 191 192 193 194 195 196 197 198 200 0

87
1 2 3 4 8 9 10 11 13 15 16 17 18 19 20 21 22 23 24 25 26 27 29 30 32 34 35 37 39 40 41 42 43 44 46 49 50 52 53 54 55 57 58 59 60 61 63 64 65 66 67 69 70 71 72 74 75 76 78 79 80 81 83 84 85 86 87 88 89 90 91 92 93 95 97 98 99 100 101 102 104 105 106 107 108 109 110 111 112 114 115 116 117 118 119 120 121 122 123 124 125 126 128 129 130 131 132 133 134 135 136 137 138 139 142 144 145 146 147 148 150 151 152 153 155 156 157 158 159 162 163 164 165 166 168 169 170 171 172 173 174 175 176 177 180 181 182 183 184 185 186 187 188 190 192 193 194 195 196 198 200 0

88
2 3 4 8 9 11 13 14 15 17 18 19 20 21 23 24 25 26 27 28 29 31 32 34 35 36 37 40 41 42 43 44 49 50 51 52 53 54 55 57 58 59 60 61 62 63 64 65 66 67 70 71 72 74 75 76 78 79 80 81 82 84 85 86 87 88 89 90 91 92 93 94 95 97 99 100 101 102 103 104 105 107 108 109 110 111 112 114 115 116 117 118 120 122 123 124 125 126 127 128 129 131 132 133 134 135 136 137 139 141 142 143 144 145 147 148 149 150 151 152 153 155 156 157 158 159 160 162 164 165 166 167 168 169 170 171 172 173 174 175 176 177 180 181 182 183 184 185 186 187 188 189 190 191 192 193 194 195 196 197 198 200 0

89
2 3 4 5 6 8 9 10 11 13 15 17 18 19 20 23 24 25 26 27 28 29 32 33 34 35 36 37 39 40 41 42 43 44 45 46 47 48 49 50 51 52 53 54 55 57 58 59 60 61 62 63 64 65 66 67 69 71 72 73 74 75 76 78 79 80 81 82 83 84 85 86 87 88 90 91 92 93 94 95 97 98 99 100 101 103 104 105 106 108 109 110 111 113 114 115 116 117 118 119 120 121 122 124 125 126 127 128 129 130 131 132 133 134 135 136 137 138 139 140 141 142 144 145 146 147 148 150 151 152 153 155 156 157 158 159 160 161 162 164 165 166 167 168 169 170 171 172 173 174 176 177 178 179 180 181 182 183 185 186 187 190 192 193 194 195 196 197 198 200 0

90
1 2 3 5 8 9 10 11 12 13 15 16 17 18 19 20 21 22 23 24 25 26 27 28 29 30 31 32 33 35 37 40 41 42 43 44 45 46 47 49 50 51 52 53 54 55 56 57 58 59 60 61 62 63 65 66 67 69 70 71 72 74 75 76 77 78 79 80 81 82 83 84 85 86 87 88 89 90 91 92 93 94 95 97 99 100 101 105 108 109 110 111 112 113 114 115 116 117 118 120 121 122 123 124 125 126 127 128 129 130 131 132 133 134 135 136 137 138 139 141 142 143 144 145 146 147 148 150 152 153 154 155 156 157 158 159 161 162 163 164 166 168 169 170 171 172 173 174 175 176 177 178 179 181 182 183 184 185 186 187 188 190 191 192 193 194 195 196 198 200 0

91
1 2 3 4 5 8 9 11 13 14 17 18 19 23 24 25 27 28 30 32 34 35 37 38 39 40 41 42 43 44 45 46 47 48 49 50 51 52 53 54 55 57 58 59 60 61 63 64 65 66 67 70 71 72 73 74 75 76 77 78 79 80 81 82 83 84 85 86 87 88 90 91 92 93 94 95 97 99 100 101 102 103 104 105 106 108 109 110 111 112 113 114 116 117 118 120 121 122 123 124 125 126 127 128 129 131 132 133 134 135 136 137 139 140 141 142 143 144 145 146 147 148 150 152 153 154 155 156 157 158 159 160 162 164 165 166 167 168 169 170 171 172 173 174 175 176 177 178 180 181 182 183 184 185 186 187 188 190 191 192 193 194 195 196 197 198 200 0

92
1 2 3 4 5 6 7 8 9 10 11 15 16 17 18 19 20 23 24 25 26 27 28 29 30 31 32 35 36 37 38 39 40 41 42 43 44 45 46 48 49 50 51 52 53 54 55 56 57 58 59 60 61 62 63 64 65 66 67 68 70 71 72 73 74 75 76 77 78 79 80 81 82 83 84 85 86 87 88 89 90 91 92 93 94 95 96 97 99 100 101 105 106 107 108 109 110 112 113 114 115 116 117 118 120 121 122 124 125 126 127 128 129 130 131 132 133 134 135 136 137 138 139 140 141 142 143 144 145 147 148 149 150 151 152 153 155 156 157 158 159 161 162 164 165 166 167 168 169 170 171 172 173 174 175 176 177 179 181 182 183 184 185 186 187 188 189 190 192 193 194 195 196 198 199 200 0

93
2 3 7 8 9 10 11 13 16 17 18 19 20 21 22 23 24 25 27 29 30 31 32 33 34 35 37 38 40 41 42 43 44 45 46 47 48 49 50 51 52 53 54 55 56 57 58 59 60 61 63 65 66 67 68 71 72 74 75 76 77 78 79 80 81 84 85 86 87 88 90 91 92 93 94 95 96 97 99 100 101 104 105 106 107 108 109 110 111 112 114 116 117 118 119 120 121 122 124 125 126 127 128 129 131 132 133 134 135 136 137 139 141 142 144 145 146 147 148 150 153 154 155 156 157 158 159 162 163 164 165 166 168 169 170 171 172 173 174 175 176 177 178 179 180 181 182 183 184 186 187 188 190 192 193 194 195 196 198 200 0

94
2 3 4 5 9 11 12 13 15 16 17 18 19 20 21 22 23 24 25 26 27 29 30 31 32 33 34 35 37 39 40 41 42 43 44 45 46 48 49 50 51 52 53 54 55 56 57 58 59 60 61 62 63 64 65 66 67 68 69 71 72 74 75 76 78 79 80 81 82 83 84 85 86 87 88 89 90 91 92 93 94 95 97 98 99 100 101 102 105 106 107 108 109 110 111 113 114 115 116 117 118 119 120 122 124 125 126 127 128 129 131 132 133 134 135 136 137 139 140 142 143 144 145 147 148 149 150 152 153 155 156 157 158 159 161 162 163 164 166 167 168 169 170 171 172 173 174 175 176 177 178 179 180 181 182 183 186 187 189 190 192 193 194 195 196 197 198 199 200 0

95
1 2 3 5 6 7 8 9 10 11 12 13 17 18 19 20 21 22 23 24 25 27 28 30 32 34 35 36 37 38 39 40 41 42 43 44 45 46 48 49 50 51 52 53 54 55 56 57 58 59 60 61 63 64 65 66 67 68 71 72 73 74 75 76 77 78 79 80 81 84 85 86 87 88 89 90 91 92 93 94 95 96 97 98 99 100 101 104 105 107 108 109 110 112 114 115 116 117 118 119 120 122 123 124 125 126 128 129 130 131 132 133 134 135 136 137 139 140 141 142 143 144 145 146 147 148 149 150 151 152 153 154 155 156 157 158 159 160 161 162 163 164 165 166 168 169 170 171 172 173 174 175 176 177 178 180 181 182 183 184 185 186 187 188 190 192 193 194 195 196 197 198 199 200 0

96
1 2 3 4 7 9 10 11 12 14 17 18 19 20 23 24 25 26 27 28 29 30 31 32 34 35 37 39 40 41 42 43 44 46 48 49 50 52 53 54 55 56 57 58 59 60 61 62 63 64 65 66 67 68 70 71 72 74 75 76 78 79 80 81 82 84 85 86 87 88 89 90 91 92 93 95 96 97 98 99 100 101 102 103 104 105 106 107 108 109 110 111 112 114 115 116 117 118 119 120 122 123 124 125 126 128 129 130 131 132 133 134 135 136 137 138 139 140 141 142 143 144 145 146 147 148 150 151 152 153 155 156 157 158 159 160 161 162 163 164 165 166 168 169 170 171 172 173 174 175 176 177 178 179 180 181 182 183 185 186 187 189 190 192 193 194 195 196 197 198 199 200 0

97
1 2 3 6 7 8 9 10 11 13 14 15 17 18 19 20 21 22 23 24 25 27 28 29 30 31 32 33 35 36 37 39 40 41 42 43 44 46 48 49 50 52 53 54 55 57 58 59 60 61 62 63 65 66 67 69 70 71 72 74 75 76 77 78 79 80 81 82 83 84 85 86 87 88 89 90 91 92 93 94 95 96 97 98 99 100 101 102 104 105 106 107 108 109 110 112 113 114 115 116 117 118 119 120 121 122 123 124 125 126 127 128 129 131 132 133 134 135 136 137 138 139 142 144 145 146 147 148 150 152 153 154 155 156 157 158 159 160 162 163 164 165 166 167 168 169 170 171 172 173 174 176 177 178 179 180 181 182 183 185 186 187 188 189 190 191 192 193 194 195 196 198 199 200 0

98
1 2 3 4 5 6 7 8 9 10 11 12 13 14 15 17 18 19 20 22 23 24 25 26 27 29 31 32 33 34 35 36 37 38 40 41 42 43 44 45 46 47 48 49 50 51 52 53 54 55 56 57 58 59 60 61 62 63 64 65 66 67 68 69 71 72 73 74 75 76 78 79 80 81 83 84 85 86 87 88 89 90 91 92 93 94 95 97 98 99 100 101 103 104 105 106 107 108 109 110 113 114 116 117 118 120 122 123 124 125 126 127 128 129 131 132 133 134 135 136 137 139 142 143 144 145 146 147 148 150 152 153 154 155 156 157 158 159 162 164 165 166 168 169 170 171 172 173 174 176 177 178 180 181 182 183 184 185 186 187 188 189 190 192 193 194 195 196 198 199 200 0

99
1 2 3 4 5 6 7 8 9 10 11 12 13 16 17 18 19 22 23 24 25 27 28 30 31 32 33 34 35 36 37 38 39 40 41 42 43 44 45 46 47 49 50 52 53 54 55 56 57 58 59 60 61 63 64 65 66 67 69 70 71 72 73 74 75 76 77 78 79 80 81 83 84 85 86 87 88 89 90 91 92 93 94 95 96 97 99 100 101 102 105 108 109 110 111 112 113 114 115 116 117 118 120 121 122 124 125 126 128 129 130 131 132 133 134 135 136 137 139 140 142 143 144 145 147 148 150 153 154 155 156 157 158 159 160 162 163 164 165 166 168 169 170 171 172 173 174 176 177 178 179 180 181 182 183 184 185 186 187 188 189 190 191 192 193 194 195 196 198 199 200 0

100
1 2 3 4 5 7 8 9 10 11 13 14 16 17 18 19 20 22 23 24 25 26 27 28 29 31 32 33 34 35 36 37 38 39 40 41 42 43 44 46 47 49 50 51 52 53 54 55 56 57 58 59 60 61 62 64 65 66 67 69 70 71 72 73 74 75 76 77 78 79 80 81 83 84 85 86 87 88 90 91 92 93 95 96 97 98 99 100 101 102 103 104 105 106 107 108 109 110 111 113 114 115 116 117 118 119 120 121 122 123 124 125 126 127 128 129 131 132 133 134 135 136 137 138 139 140 141 142 143 144 145 146 147 148 149 150 151 152 153 154 155 156 157 158 159 161 162 163 164 165 166 167 168 169 170 171 172 173 174 175 176 177 178 180 181 182 183 185 186 187 188 189 190 191 192 193 194 195 196 198 200 0

