1
1 2 3 5 6 8 10 11 13 14 15 16 17 18 22 23 24 25 26 27 28 31 33 34 35 36 37 40 41 43 45 47 48 50 51 53 54 56 58 63 64 65 67 69 71 72 75 77 78 79 80 81 82 83 85 86 89 90 91 92 95 96 98 99 100 101 102 103 104 106 107 112 118 119 120 123 124 125 126 128 131 132 136 138 139 140 142 144 147 150 151 153 154 155 156 159 161 162 164 166 169 171 172 173 177 178 179 180 181 182 184 185 190 191 192 194 0

2
1 2 3 7 8 9 12 13 16 17 18 19 20 21 22 23 24 25 29 30 32 34 36 38 39 40 42 43 44 45 46 47 48 50 51 54 55 56 57 58 59 62 63 64 65 66 67 68 69 71 72 73 74 75 76 78 80 82 83 84 85 88 89 90 93 94 95 96 98 100 101 102 103 105 106 109 111 112 113 114 116 117 119 121 122 123 124 125 126 127 129 131 133 136 139 140 142 145 146 149 150 152 153 158 159 160 161 162 163 164 165 167 170 172 173 174 175 176 178 180 182 183 184 185 186 187 188 189 191 192 193 194 196 198 199 0

3
1 2 3 4 5 6 7 9 10 11 12 13 14 15 18 19 20 21 25 26 27 28 30 32 35 37 38 39 40 42 45 46 48 51 52 53 56 58 61 63 64 65 67 68 69 71 72 74 75 76 77 78 79 80 81 84 85 87 88 89 90 92 94 96 97 98 101 106 107 110 112 115 116 117 118 119 120 122 123 124 125 127 128 129 131 133 134 135 136 137 138 139 140 141 144 145 146 150 151 153 154 155 156 159 161 163 165 167 168 170 171 172 173 174 176 177 179 188 190 192 194 197 198 199 0

4
2 3 4 6 8 14 16 17 19 20 22 23 24 25 27 29 31 33 34 35 37 40 43 45 47 48 51 52 53 56 57 59 60 62 66 69 71 73 74 75 78 80 81 82 84 85 86 87 89 90 91 92 93 98 99 100 101 102 104 105 107 109 112 113 114 117 118 120 123 124 125 126 127 128 129 130 132 136 137 139 140 141 142 143 144 146 147 148 149 151 152 154 156 157 159 161 165 167 169 170 171 172 173 176 178 179 180 182 183 184 185 186 187 189 191 192 193 194 195 197 198 200 0

5
1 3 4 6 7 8 9 10 11 13 14 17 18 19 20 21 22 23 24 26 28 30 31 32 33 34 36 37 38 39 40 41 42 43 44 45 46 50 51 53 54 55 56 57 59 63 65 67 68 73 75 77 80 81 83 84 86 87 88 89 90 91 92 93 94 95 96 98 100 101 102 105 108 109 110 111 112 113 115 116 117 119 120 125 127 128 129 130 131 133 134 135 137 138 139 140 142 143 144 145 146 147 148 149 150 155 157 158 160 161 162 163 165 166 167 168 169 170 171 172 173 174 175 177 178 181 182 185 187 188 189 190 191 192 194 195 196 198 199 200 0

6
1 2 3 4 5 6 7 9 10 14 15 16 17 18 20 21 22 23 24 25 26 27 28 29 30 32 35 37 38 39 42 43 44 45 47 48 49 50 51 52 53 54 57 58 59 60 61 63 64 66 67 69 71 72 73 75 77 79 80 81 82 83 85 86 87 89 90 91 93 94 95 96 97 98 99 100 102 104 105 106 107 108 109 110 112 113 114 115 117 118 119 120 122 123 124 125 126 127 130 132 133 136 138 139 140 141 142 145 146 147 148 149 151 152 153 154 155 157 158 159 160 162 163 164 165 167 168 169 170 171 172 173 174 175 176 177 179 180 182 183 184 185 186 187 189 190 192 193 194 195 196 197 198 200 0

7
2 3 5 7 8 10 11 12 13 14 15 16 18 19 21 22 23 24 25 26 28 29 30 31 32 33 34 35 37 38 39 41 42 43 44 50 51 54 55 58 59 60 63 64 65 66 67 68 69 70 72 73 74 77 79 82 83 84 85 86 88 89 90 92 93 97 98 99 100 101 102 103 104 105 106 108 109 110 111 112 113 114 115 116 117 118 119 122 123 124 126 129 131 132 133 134 135 140 143 144 145 146 148 149 150 151 153 154 156 157 158 159 160 161 162 164 167 169 171 172 173 174 175 178 179 180 181 182 183 184 185 189 190 191 193 195 196 197 200 0

8
1 2 4 5 6 9 10 11 12 13 14 15 18 19 20 24 25 27 31 33 34 37 38 40 41 42 43 44 45 46 47 48 49 50 52 53 55 56 59 61 62 63 64 66 69 70 71 72 73 77 79 80 81 82 84 85 90 92 93 95 96 97 98 100 101 104 105 107 108 109 110 111 112 115 116 117 119 120 122 123 125 127 129 130 131 133 134 135 136 137 139 141 143 145 146 147 148 150 151 152 153 154 156 157 158 159 161 162 164 165 166 167 169 171 174 176 177 179 181 182 183 184 185 186 187 188 189 191 192 193 194 195 196 199 200 0

9
1 3 5 7 8 10 11 12 13 14 15 16 17 18 19 21 22 23 24 26 28 29 30 31 33 34 36 37 38 39 40 41 42 43 44 45 46 47 49 50 54 55 58 59 60 63 64 65 66 67 69 70 71 72 73 74 76 77 78 79 80 82 83 89 90 91 92 94 96 97 98 99 100 101 102 103 104 105 106 108 110 111 112 113 114 115 116 117 118 119 120 121 122 123 124 126 127 129 131 132 133 134 138 142 144 145 146 148 149 150 151 153 154 156 157 158 159 160 162 163 164 166 167 169 170 171 172 174 175 177 178 179 180 181 182 184 185 186 188 189 190 191 192 193 195 196 197 198 199 200 0

10
1 3 5 7 8 10 11 12 13 14 15 16 17 18 19 21 22 23 24 26 28 29 30 31 33 34 36 37 38 39 40 41 43 44 45 47 49 50 54 55 58 59 60 63 65 66 68 70 71 72 73 74 76 77 78 79 80 82 83 89 90 92 94 96 98 99 100 101 102 103 104 105 106 108 110 111 112 113 114 115 116 117 118 119 120 121 122 123 124 127 129 132 133 134 135 138 140 142 144 145 146 148 149 151 153 154 156 157 158 159 160 162 163 164 167 169 170 171 172 174 175 177 178 179 180 181 182 184 185 186 188 191 192 193 195 196 197 198 199 200 0

11
1 2 4 5 7 11 12 14 15 16 17 19 20 21 24 25 26 27 32 34 35 36 38 39 40 42 44 46 52 53 55 56 57 58 59 60 62 64 65 69 71 72 73 74 75 76 77 79 81 83 84 85 86 87 88 89 92 93 94 95 98 102 104 105 108 109 111 112 114 116 117 118 119 120 122 125 126 127 130 131 132 133 134 136 137 138 140 141 142 144 146 150 151 153 154 157 158 161 164 166 167 169 170 171 172 173 174 175 176 179 180 183 184 186 188 190 193 194 195 196 197 199 200 0

12
2 3 5 7 8 10 11 12 13 14 15 16 18 19 21 22 23 24 25 26 28 29 30 31 32 33 34 35 36 37 38 39 40 41 42 43 44 47 50 54 58 59 60 63 64 65 66 67 68 70 72 73 74 75 77 79 80 82 83 84 86 88 89 90 92 96 97 98 99 100 101 102 103 104 105 106 108 110 111 112 113 114 115 116 117 118 119 121 122 123 124 126 127 129 131 132 133 134 140 143 144 145 146 147 148 149 150 151 153 156 157 158 159 160 161 164 167 169 170 171 172 173 174 175 178 179 180 181 182 183 184 185 186 188 189 190 191 193 195 196 197 200 0

13
1 2 3 6 7 8 9 11 12 14 16 17 18 19 20 21 22 24 25 26 27 28 29 30 31 32 33 34 36 37 38 39 41 43 44 45 46 47 48 49 50 51 52 53 54 55 56 57 59 60 63 64 66 67 68 70 72 73 74 75 78 79 80 81 82 83 84 86 87 88 89 90 92 93 94 99 100 102 103 104 105 106 107 109 110 112 113 114 115 116 117 121 124 125 126 127 128 130 132 133 134 136 137 139 140 141 142 143 144 145 146 147 148 149 150 151 152 153 154 156 157 159 160 162 163 164 165 168 169 170 171 173 174 175 176 177 179 180 181 183 184 185 186 187 188 189 190 192 193 195 196 197 198 199 200 0

14
1 2 3 4 6 7 9 10 12 13 14 16 18 22 25 27 28 29 32 35 36 37 38 40 41 42 45 46 47 48 49 50 52 53 55 56 61 62 64 67 68 69 70 71 72 73 75 79 80 82 83 84 85 87 88 90 92 95 96 99 100 101 102 104 105 106 108 109 111 112 117 118 119 120 121 122 123 124 125 126 127 128 129 130 131 132 135 136 137 138 139 141 142 143 144 145 146 147 150 151 152 153 154 159 160 161 166 167 168 169 170 171 174 178 179 180 183 184 185 186 187 188 189 192 194 196 198 200 0

15
1 2 3 4 5 6 8 13 15 16 18 20 21 23 24 25 26 27 30 32 34 35 38 39 40 41 42 43 45 46 47 48 51 53 54 57 59 60 61 63 64 65 66 67 68 69 71 72 73 75 76 77 78 80 81 82 85 86 87 88 89 90 91 93 94 96 97 98 100 102 103 104 105 106 108 109 112 117 119 120 122 123 124 125 126 127 128 130 131 132 133 136 138 139 140 141 142 143 144 145 146 147 151 152 154 155 159 160 161 162 163 164 166 167 169 170 171 172 173 175 177 178 179 180 183 184 185 186 189 190 193 194 196 197 200 0

16
1 2 3 5 7 8 9 11 12 14 15 16 18 22 23 24 25 27 28 29 34 36 41 42 43 44 45 46 47 48 49 50 52 53 54 55 56 58 59 60 61 62 64 66 67 68 69 70 73 75 77 78 79 80 82 86 88 90 91 93 95 99 101 102 104 105 106 107 108 109 110 111 112 113 114 115 118 120 121 123 124 125 126 130 131 132 134 135 136 140 141 142 143 144 146 147 148 149 150 151 152 154 155 157 158 159 160 161 162 163 166 167 168 169 170 171 172 173 174 175 177 179 180 181 183 184 185 186 188 189 190 193 194 195 196 197 199 200 0

17
1 2 3 5 6 8 9 10 11 12 13 14 15 16 19 20 21 22 23 24 26 27 28 29 30 31 35 37 38 39 43 45 46 47 48 49 51 52 53 54 57 59 60 61 63 64 65 68 70 71 73 76 77 79 80 81 82 83 85 86 87 88 90 91 94 95 96 97 98 99 100 102 103 104 105 106 107 108 109 111 112 113 116 117 118 119 120 122 123 125 126 129 130 131 132 133 134 135 136 138 139 140 141 142 144 145 147 149 150 151 152 153 154 155 158 159 160 161 162 163 164 165 167 168 169 171 173 174 175 176 177 178 179 180 183 189 190 192 193 194 195 196 197 198 199 200 0

18
3 4 6 8 12 14 16 17 18 19 22 23 24 25 28 31 33 36 37 38 40 41 42 44 45 46 47 48 49 50 52 53 55 56 58 59 60 62 64 66 67 68 69 71 73 74 75 77 78 80 82 84 86 87 89 91 92 93 95 100 101 102 104 105 106 107 108 109 110 111 112 113 115 116 117 118 119 121 123 124 125 129 130 131 132 135 137 139 140 141 142 143 144 146 148 149 151 152 153 154 156 157 158 159 161 162 165 167 168 169 170 171 172 173 174 176 178 179 180 181 182 183 184 185 186 188 189 191 192 193 194 195 196 197 198 200 0

19
1 2 3 5 8 10 13 14 15 16 17 19 20 22 23 24 25 26 27 28 30 31 32 33 34 35 36 37 39 40 41 42 43 45 46 47 48 51 53 54 56 57 59 60 63 65 66 68 69 71 77 78 79 80 82 84 85 86 88 90 91 92 94 96 98 99 100 102 103 104 105 106 107 111 112 117 118 119 120 123 124 125 126 127 130 131 132 133 136 138 139 140 142 144 147 150 151 152 153 154 155 156 157 159 162 163 164 169 171 172 173 174 176 177 178 179 180 181 182 183 184 185 190 191 192 194 195 196 197 200 0

20
1 2 3 4 6 7 9 11 12 13 14 16 19 20 21 22 24 26 28 31 32 34 36 37 39 42 43 44 45 46 47 50 53 55 57 58 61 64 65 67 68 70 71 72 73 74 75 78 79 80 81 83 84 86 87 88 89 90 93 94 95 96 97 99 100 101 103 108 111 112 114 117 118 119 122 124 126 127 129 130 132 134 135 136 139 140 146 147 155 156 158 163 167 168 169 170 172 174 175 176 177 178 180 181 184 187 188 190 192 195 196 197 198 200 0

21
2 3 4 5 6 9 12 15 16 18 19 20 21 22 24 25 26 27 28 29 30 31 34 35 36 38 39 40 41 42 43 44 47 48 49 50 51 52 53 54 55 57 59 60 61 65 66 67 68 69 70 71 72 73 74 75 77 78 80 81 82 84 85 86 87 88 89 91 92 93 94 95 97 98 99 100 101 102 103 105 107 109 110 111 112 114 115 116 117 118 119 120 122 123 124 125 126 127 128 130 132 133 135 136 137 138 139 140 141 142 143 144 145 146 147 151 152 154 155 156 157 158 159 160 162 163 165 167 169 171 172 173 176 178 179 180 183 184 185 189 190 192 193 194 195 198 200 0

22
1 3 4 5 7 8 14 16 20 23 24 25 26 27 28 29 30 31 33 35 36 37 39 41 42 44 46 47 49 50 52 55 56 57 58 59 63 68 72 74 76 78 79 81 83 84 85 86 87 88 90 92 96 99 100 102 103 105 107 109 110 111 114 115 116 117 118 122 125 127 129 131 133 134 135 136 137 138 139 140 144 145 146 150 156 158 159 160 161 163 165 167 168 171 172 173 175 176 177 179 180 181 183 184 190 191 194 195 196 198 199 200 0

23
1 4 5 6 7 8 12 15 16 18 19 20 21 22 23 24 26 28 30 33 35 36 39 41 42 43 44 45 46 48 50 51 54 55 57 58 59 60 61 62 63 65 66 67 69 72 73 75 77 78 80 83 84 85 86 88 89 90 92 93 94 95 96 99 101 102 103 106 107 109 114 118 119 120 124 126 127 131 132 133 134 138 139 140 144 145 146 148 149 150 151 153 154 155 157 159 160 161 162 163 164 165 166 169 170 172 173 174 175 176 178 179 180 181 182 183 184 185 188 191 192 193 194 195 196 197 198 0

24
1 3 4 5 6 9 10 12 14 15 16 17 18 19 21 22 24 25 26 27 28 30 31 33 36 37 38 41 42 43 45 46 48 49 50 51 52 53 54 55 58 61 62 63 64 65 68 69 70 71 72 73 75 76 78 79 80 81 83 84 85 86 88 89 90 92 94 95 96 100 101 103 104 106 107 108 110 116 117 124 127 128 130 131 132 134 135 136 137 140 141 142 144 147 150 153 154 155 158 161 163 165 166 167 168 169 173 174 175 176 181 182 184 186 188 190 192 194 195 196 198 200 0

25
1 2 3 4 5 6 7 9 11 12 13 14 15 16 17 20 21 22 24 25 27 29 31 32 34 35 36 38 40 41 42 43 44 46 47 48 49 50 51 52 53 55 56 57 58 59 61 62 63 64 65 67 68 69 73 74 75 76 80 82 84 85 86 87 88 89 90 91 92 93 95 96 97 98 99 100 102 103 104 106 107 108 109 110 111 112 114 115 118 119 120 123 125 126 128 129 131 132 134 135 136 137 138 139 140 141 142 143 144 145 146 147 149 151 152 153 158 159 160 162 163 165 166 167 168 169 170 173 174 175 176 177 181 183 185 186 187 188 189 190 192 194 195 197 200 0

26
1 3 4 5 7 8 10 12 14 15 16 17 18 20 21 22 24 25 26 27 28 29 30 31 32 34 35 36 38 39 40 41 43 45 46 49 51 53 54 55 56 57 58 59 61 63 66 68 69 72 73 74 75 77 78 79 81 83 84 85 86 89 90 91 94 95 96 98 99 101 103 107 108 109 111 117 118 119 121 122 124 126 127 128 129 130 131 132 133 134 135 136 137 140 141 142 143 144 145 147 150 151 153 154 155 156 157 158 159 161 162 163 164 165 166 169 170 171 172 173 174 176 177 179 181 184 186 188 190 191 193 196 198 200 0

27
1 2 3 4 5 6 9 10 11 12 14 15 17 18 21 22 23 24 25 26 28 29 30 31 32 34 35 37 38 40 42 43 44 45 46 47 49 51 52 54 55 56 59 63 64 65 68 69 72 73 74 75 77 78 81 85 88 89 90 91 92 94 95 96 98 100 101 102 105 110 113 115 117 118 119 120 122 123 124 125 127 128 129 130 131 132 135 138 142 143 144 146 147 148 151 153 154 155 156 157 159 161 163 166 167 169 171 173 177 180 182 184 186 187 188 189 190 193 194 195 196 197 198 200 0

28
1 3 4 5 6 8 11 14 15 16 18 19 20 21 26 28 30 31 32 33 34 35 36 38 39 42 43 44 46 48 49 52 54 55 56 57 58 59 61 62 64 72 73 74 75 76 78 79 80 81 84 85 87 88 89 90 91 92 94 96 97 98 101 104 105 106 107 110 111 115 116 117 118 120 122 126 127 128 129 130 133 135 137 138 140 141 144 147 150 153 155 156 161 163 164 165 166 167 168 169 176 186 187 190 191 192 195 198 199 200 0

29
1 2 3 4 6 7 8 9 11 12 14 16 17 18 19 20 21 22 24 25 26 27 28 29 31 32 34 35 36 37 39 40 42 43 45 47 48 49 50 51 52 53 54 55 56 57 58 59 60 61 62 63 64 65 66 67 70 71 73 75 76 77 80 81 82 83 84 86 87 88 90 91 92 93 94 95 96 97 98 99 100 101 102 103 104 105 106 107 108 110 111 112 113 114 115 116 117 118 121 122 123 124 125 126 127 128 131 133 134 136 137 140 141 142 143 144 145 146 147 148 149 151 152 154 155 156 157 158 159 160 162 163 164 165 166 168 169 170 172 173 175 177 178 179 180 181 182 183 185 186 187 188 189 190 191 192 193 194 196 197 198 199 200 0

30
1 3 4 5 6 7 8 9 10 11 12 13 14 16 17 18 19 23 24 25 27 30 31 33 34 35 36 37 39 41 42 44 45 46 48 50 51 53 54 55 56 57 58 59 60 61 62 63 64 66 67 69 72 73 74 75 76 78 79 80 81 84 85 86 88 89 90 92 93 94 95 96 99 102 103 105 106 108 110 112 113 114 116 118 120 121 122 124 126 128 130 132 133 134 135 137 138 139 140 143 145 147 148 149 150 151 153 156 157 158 159 160 163 164 165 166 167 168 169 170 172 173 174 175 176 178 179 180 181 184 186 187 188 189 190 191 192 193 195 196 197 198 199 200 0

31
2 3 4 5 10 13 15 20 22 26 27 30 31 33 34 38 39 40 41 42 43 45 46 47 50 51 52 53 54 57 58 59 60 61 62 64 65 67 68 69 70 71 72 74 77 79 80 81 82 83 85 87 88 90 91 92 98 99 100 101 103 106 108 111 112 113 119 120 121 122 125 127 128 131 133 135 136 137 138 141 144 150 151 153 154 155 156 158 159 160 161 162 166 167 168 172 173 174 175 177 178 181 184 188 190 191 192 194 197 0

32
1 2 3 4 6 7 8 9 11 12 13 14 15 16 17 18 19 20 21 22 24 25 29 31 32 34 36 37 38 41 42 43 44 45 46 49 50 51 54 55 56 57 58 59 60 64 67 68 69 70 71 72 74 76 77 78 79 80 83 84 86 87 88 90 92 93 94 95 96 97 98 99 100 101 103 104 107 108 109 110 111 114 115 117 118 120 123 124 125 126 127 128 129 131 134 135 136 139 140 141 142 145 146 147 148 149 150 152 153 155 157 158 160 161 162 163 164 165 166 167 168 170 171 172 173 174 175 176 177 178 181 183 185 186 187 188 189 190 192 194 195 197 200 0

33
1 3 4 5 7 12 13 14 15 16 18 19 21 22 23 24 25 26 28 29 30 31 32 33 34 37 38 39 42 43 44 48 50 51 54 55 56 57 58 59 60 61 62 63 64 65 66 68 70 72 73 74 75 76 78 79 80 82 83 84 85 86 87 88 89 90 94 96 99 100 101 102 103 105 106 108 111 112 113 114 115 117 118 119 121 122 124 126 128 129 131 132 133 135 138 139 142 144 145 148 149 151 155 157 158 159 160 161 162 163 164 167 169 171 172 173 174 175 177 178 179 180 182 183 184 185 186 188 189 190 191 192 196 198 199 200 0

34
1 2 3 4 6 7 8 9 12 13 14 16 17 18 19 20 21 22 23 25 26 27 29 30 32 34 36 37 38 41 43 45 46 47 48 49 50 51 52 54 56 57 58 59 62 63 65 66 68 69 71 72 73 74 75 77 78 80 82 83 84 85 86 87 89 90 92 93 94 95 96 97 98 99 100 101 102 103 104 105 107 109 110 115 116 117 118 119 122 123 124 125 127 131 132 134 135 136 137 138 139 140 142 143 145 146 147 148 149 151 152 153 154 155 156 160 163 164 166 168 169 170 171 172 173 174 175 176 177 178 179 180 181 182 183 184 185 186 187 188 192 194 195 196 197 198 199 200 0

35
2 4 5 6 9 10 12 13 14 15 20 21 29 30 31 32 35 36 38 40 42 43 44 45 49 51 52 54 55 57 58 59 60 61 62 63 65 67 68 69 70 71 72 73 74 75 76 77 78 79 80 84 85 87 88 89 90 91 92 94 95 96 97 98 101 104 105 106 107 108 109 110 111 113 115 116 117 118 119 120 122 123 126 128 131 134 135 137 139 140 141 145 147 150 151 153 154 155 160 161 162 164 165 166 167 170 171 173 176 177 178 181 182 186 188 190 192 198 199 200 0

36
3 4 6 8 10 12 14 17 18 19 20 21 22 23 24 25 28 30 33 34 37 38 39 40 43 45 46 47 51 53 54 55 56 57 58 59 60 62 63 64 65 66 68 69 71 73 74 75 77 78 79 80 82 83 84 86 87 89 92 93 98 99 100 101 104 105 106 108 112 113 116 117 118 119 121 124 125 126 127 128 129 131 133 135 136 139 140 141 142 144 146 147 148 149 151 153 154 155 156 157 158 159 161 163 164 167 168 169 170 172 173 175 178 179 180 182 183 184 185 186 190 191 192 193 196 197 198 0

37
1 2 3 5 7 8 10 11 12 13 14 15 16 17 18 19 21 22 23 24 26 28 29 30 31 32 33 34 36 37 39 40 45 48 49 50 52 54 55 58 59 60 62 63 65 66 67 68 69 70 71 72 73 74 76 77 78 80 82 83 88 89 90 91 92 94 95 96 97 98 99 100 101 102 103 104 106 107 108 110 111 112 113 114 115 116 117 118 119 120 121 122 124 127 129 132 133 134 135 142 144 145 146 147 148 149 151 153 154 155 156 157 158 159 160 161 163 164 166 167 169 170 171 172 174 175 178 179 180 181 182 184 185 186 188 190 191 192 193 195 196 197 198 199 200 0

38
2 3 5 7 8 10 11 12 13 14 15 16 18 19 21 22 23 24 25 26 28 29 30 31 32 33 34 35 36 37 38 39 40 41 42 43 44 50 54 58 59 60 63 65 66 67 68 70 72 73 74 76 77 79 82 83 84 86 88 89 90 92 96 97 98 99 100 101 102 103 104 105 106 108 110 111 112 113 114 115 116 117 118 119 120 121 122 124 126 127 129 132 133 134 135 140 143 144 145 146 148 149 151 153 156 157 158 159 160 161 164 167 169 170 171 172 174 175 178 179 180 181 182 183 184 185 186 188 189 190 191 193 195 196 197 199 200 0

40
1 2 3 4 5 7 8 9 10 12 13 14 15 17 18 19 20 21 25 26 27 28 29 30 31 34 35 37 38 39 40 42 45 46 47 49 51 52 53 54 55 57 58 60 61 62 63 64 68 69 70 71 72 73 74 77 78 79 80 81 82 83 84 85 86 87 89 90 91 92 93 94 95 96 97 98 101 102 104 106 107 108 110 111 113 116 117 118 119 120 122 123 124 125 127 128 129 130 131 132 134 135 136 137 138 140 141 142 150 151 152 153 154 155 156 157 158 159 163 167 168 170 171 174 176 177 178 179 181 182 183 185 186 188 190 194 196 197 198 200 0

41
1 2 3 4 5 6 7 10 11 12 14 15 17 18 19 20 21 23 24 25 26 27 32 33 34 35 36 38 39 40 42 44 46 52 53 55 56 57 58 59 62 64 65 66 68 69 71 72 75 76 77 78 79 81 83 84 85 86 87 88 89 90 92 93 95 96 98 102 104 105 107 109 111 112 114 116 117 118 119 120 122 124 125 127 130 131 132 133 134 135 136 137 138 139 140 141 142 143 144 145 146 147 150 151 153 158 161 165 166 167 169 170 171 172 173 174 175 176 179 180 183 184 186 188 190 193 194 195 196 197 199 200 0

42
1 2 3 4 5 6 7 8 9 10 11 12 14 15 16 17 19 21 22 23 24 25 26 27 29 31 32 34 35 36 39 41 42 45 48 49 50 51 52 53 54 56 58 59 60 61 63 64 65 66 67 68 70 73 75 77 78 80 81 82 84 85 87 88 89 90 91 92 94 95 96 97 98 99 100 101 102 103 104 105 106 108 110 112 113 114 115 117 118 119 121 123 124 125 129 130 132 134 135 136 137 138 140 141 142 143 144 145 146 147 148 149 150 151 152 154 155 157 158 159 160 161 162 163 164 165 166 167 168 169 170 171 172 174 175 176 177 179 180 181 182 183 184 185 186 188 189 190 191 193 194 195 196 197 198 200 0

43
1 2 3 5 6 7 9 10 11 13 14 15 16 17 20 22 23 24 25 26 27 28 29 30 32 33 35 36 38 39 40 41 42 43 44 45 46 48 49 50 51 52 53 54 55 56 57 59 60 61 63 64 65 67 70 71 72 73 76 78 79 80 81 82 83 85 86 87 90 91 93 94 95 96 97 98 99 100 102 103 104 106 107 108 109 112 113 114 117 118 119 120 122 123 124 125 126 127 130 132 133 134 136 138 139 140 141 142 145 147 150 151 152 153 154 155 156 157 158 159 161 164 165 168 169 170 172 173 174 175 176 177 179 180 181 183 184 186 188 189 190 192 193 195 197 198 200 0

44
1 2 3 4 5 6 7 8 9 10 11 14 15 16 18 19 20 21 22 23 24 25 26 27 28 30 31 32 34 35 36 37 38 39 40 42 43 45 46 47 48 49 51 52 53 54 56 60 61 63 64 65 67 68 69 71 72 75 77 78 79 80 81 85 86 87 89 90 92 94 95 96 98 100 101 102 106 107 112 113 116 118 119 120 122 123 124 125 126 127 128 129 131 133 134 135 136 138 140 141 144 145 146 151 153 154 156 159 161 166 170 171 173 177 179 188 190 192 193 194 196 198 199 0

45
1 3 4 5 6 7 9 10 11 12 13 14 16 17 18 19 20 21 22 24 26 28 29 31 34 36 38 40 41 43 44 45 46 48 49 50 51 52 54 55 56 57 58 60 62 63 64 65 67 68 70 71 72 73 74 75 76 78 79 80 82 83 84 86 87 88 89 90 91 92 93 94 95 96 97 99 101 103 104 105 106 107 108 111 113 114 116 117 118 120 122 123 124 125 126 127 128 129 131 133 134 135 136 137 138 139 140 141 142 144 145 146 147 149 150 152 154 157 159 160 162 163 164 165 167 168 169 170 172 173 174 175 176 177 178 179 180 182 183 184 185 186 188 192 195 196 197 199 200 0

46
1 2 3 4 5 6 7 8 9 10 12 13 14 15 17 18 19 20 21 23 25 26 27 29 31 32 33 34 35 36 37 40 42 43 44 45 46 47 48 49 50 51 53 54 56 57 58 60 62 63 64 66 67 68 69 71 72 73 74 77 79 80 81 82 84 85 86 88 90 91 92 93 94 95 96 97 98 100 101 102 103 104 106 107 108 109 113 114 118 121 122 123 124 125 126 127 128 130 131 132 136 137 138 139 140 141 142 143 146 147 150 151 152 153 154 155 156 161 162 163 164 165 166 169 171 173 176 177 178 179 180 181 182 183 185 186 187 188 189 190 191 192 193 194 195 196 197 198 200 0

47
2 3 4 5 6 8 14 16 18 19 20 21 22 25 28 29 31 32 33 34 36 40 41 42 43 44 45 46 49 50 51 52 53 54 55 56 57 58 59 61 63 64 69 72 74 75 78 79 80 81 83 84 85 87 89 90 92 93 94 95 96 97 100 101 105 106 108 109 110 111 112 113 114 115 118 119 120 123 125 126 128 129 130 131 136 140 141 144 146 147 148 149 151 152 153 154 155 158 159 161 163 165 167 170 174 175 176 179 180 181 185 186 187 188 190 191 195 196 0

48
1 8 10 11 12 13 14 16 17 18 19 20 21 22 24 25 28 30 31 32 33 34 36 37 39 40 46 47 49 50 51 52 53 55 56 57 58 59 60 61 62 63 64 65 68 70 71 72 73 74 76 78 80 81 83 85 87 88 89 90 92 93 96 97 98 100 101 103 104 105 106 107 108 110 111 112 113 117 118 119 120 122 124 125 128 129 130 131 135 136 140 141 142 144 148 151 154 156 157 158 159 160 161 162 163 165 166 167 168 169 172 174 176 177 178 182 186 187 190 191 192 193 194 196 198 200 0

49
1 2 3 4 5 8 10 11 12 13 14 15 16 18 19 20 22 23 25 26 27 28 31 32 33 35 36 37 38 39 40 41 42 43 45 46 47 48 50 51 54 56 57 59 63 64 67 68 69 71 75 77 78 79 80 82 84 85 86 87 89 90 91 92 94 95 96 98 102 103 106 115 117 118 119 120 123 125 126 127 128 130 131 132 133 136 138 139 140 142 144 147 148 150 151 152 153 154 155 156 159 162 163 164 169 171 172 173 174 176 177 178 179 181 183 184 185 190 191 192 194 196 198 200 0

50
1 3 4 5 8 10 14 15 16 17 18 19 21 22 23 24 25 28 30 31 34 35 36 37 38 40 41 42 43 46 47 49 50 51 52 53 54 56 58 59 60 61 62 63 64 65 66 69 70 71 72 73 74 75 76 77 81 82 83 84 85 86 89 91 92 93 94 95 96 97 98 102 104 105 106 108 109 112 116 119 120 122 123 124 125 126 127 128 129 130 131 134 137 138 140 141 142 144 145 146 148 150 151 152 153 154 155 156 159 160 162 163 164 167 168 171 172 173 174 175 177 178 182 183 184 185 186 192 193 196 197 198 199 200 0

51
1 2 3 5 7 8 10 12 13 14 15 16 18 19 21 22 23 24 25 26 28 29 30 31 32 33 34 35 37 38 39 40 41 43 47 50 54 56 58 59 60 63 64 65 66 67 70 72 73 74 77 78 79 82 83 84 88 89 96 97 98 99 100 101 102 103 105 108 110 111 112 113 114 115 116 117 118 119 121 122 123 124 126 127 129 132 133 134 135 138 140 143 144 145 146 148 149 151 153 156 157 158 159 160 161 162 163 164 167 169 170 171 172 174 175 177 178 179 180 181 182 184 185 186 188 189 191 193 196 197 198 200 0

52
1 2 4 8 10 12 14 15 16 17 19 22 23 24 25 26 27 29 30 32 33 35 37 38 39 40 41 42 43 45 46 48 50 51 53 58 59 60 61 64 65 66 69 70 73 75 76 77 80 81 82 84 85 86 87 88 89 90 91 92 95 97 98 99 100 102 104 105 106 107 108 109 110 111 112 113 114 115 117 118 119 120 121 122 123 124 125 126 127 129 130 131 132 133 134 136 137 138 141 142 143 145 146 147 148 149 150 151 157 158 159 160 162 164 167 168 169 170 171 172 173 177 179 180 181 182 183 184 185 186 187 188 189 190 191 192 193 194 196 197 200 0

53
1 2 3 5 6 7 8 9 10 11 13 14 16 17 18 22 25 26 27 29 32 35 36 38 40 42 43 44 45 46 47 48 49 50 52 53 54 55 56 57 58 59 60 61 62 63 64 65 66 67 68 69 70 71 72 73 77 78 79 80 82 83 85 86 87 88 90 91 93 94 95 96 99 100 101 102 103 104 105 106 107 109 112 113 114 115 117 119 120 121 123 124 125 126 127 128 129 130 132 135 136 139 140 141 142 143 144 145 146 147 148 149 150 151 152 154 157 159 160 161 162 163 165 166 167 168 169 170 171 172 173 174 175 177 178 179 180 181 182 183 184 185 186 187 188 189 190 191 192 193 194 195 196 197 198 200 0

54
1 2 3 5 6 7 8 9 10 11 13 14 15 16 17 18 19 20 21 22 24 25 29 31 32 34 35 36 38 39 41 42 43 44 46 49 50 51 53 55 56 57 58 59 60 62 67 68 69 70 72 73 74 75 76 77 78 79 80 81 82 83 84 86 87 88 93 95 99 100 103 104 106 108 109 110 111 112 113 114 115 116 117 118 119 120 122 123 125 126 127 128 129 130 131 133 134 135 136 139 141 142 143 144 145 146 147 148 149 150 152 155 157 158 159 160 161 162 163 164 165 167 170 172 173 174 175 176 179 181 183 185 186 187 188 189 193 197 199 200 0

55
1 3 4 5 7 8 12 13 14 15 16 19 21 22 23 24 25 26 28 29 30 31 32 33 34 37 38 39 42 43 44 46 48 50 51 54 55 56 57 58 59 60 61 62 63 64 65 66 68 69 70 72 73 74 75 76 78 79 80 82 83 84 85 86 87 88 89 90 96 99 100 101 102 103 106 108 111 112 113 114 117 118 119 121 122 124 126 128 129 131 132 133 135 138 139 144 145 148 149 151 153 155 157 158 159 160 161 162 163 164 167 169 171 172 173 174 175 177 178 179 180 182 183 184 185 186 188 189 190 191 192 196 198 200 0

56
1 3 4 5 7 8 12 13 14 15 16 19 21 22 23 24 25 26 28 29 30 31 32 33 34 37 38 39 40 42 43 44 46 51 54 55 56 57 58 59 60 61 62 63 64 65 66 68 69 70 72 73 75 76 77 78 79 80 82 83 84 85 86 87 88 89 90 96 98 99 100 101 102 103 106 108 111 112 113 114 116 117 118 121 122 124 126 127 128 129 131 132 133 134 135 138 139 144 145 148 149 151 153 154 155 156 157 158 159 160 161 162 163 164 167 169 171 172 173 174 175 177 178 179 180 182 183 184 185 186 188 189 190 191 192 195 196 197 198 199 200 0

57
1 3 4 5 6 9 10 12 14 15 16 17 18 19 21 22 24 25 26 27 28 30 31 33 36 37 38 41 42 43 45 46 48 49 50 51 52 53 54 55 58 61 62 63 64 65 68 69 70 71 72 73 75 76 78 79 80 81 83 84 85 86 88 89 90 92 94 95 96 100 101 103 104 106 107 108 110 116 117 124 127 128 130 131 132 134 135 136 137 140 141 142 144 147 150 153 154 155 158 161 163 165 166 167 168 169 173 174 175 176 181 182 184 186 188 190 192 194 195 196 198 200 0

58
1 2 3 5 7 8 10 11 12 13 14 15 16 17 18 19 21 22 23 24 26 28 29 30 31 32 33 34 35 36 37 38 39 40 41 43 44 45 49 50 53 54 55 58 59 60 63 65 66 68 70 71 73 74 76 77 78 79 80 82 83 86 88 89 90 91 92 94 96 98 99 100 101 102 103 104 105 106 107 108 110 111 112 113 114 115 116 117 118 119 120 121 122 123 124 127 128 129 132 133 134 135 140 141 142 144 145 146 148 149 150 151 153 154 156 157 158 159 160 163 164 167 169 170 171 172 174 175 178 179 180 181 182 183 184 185 186 188 189 190 191 192 193 195 196 197 199 200 0

59
1 3 4 5 7 8 9 10 12 13 14 15 16 18 19 21 22 23 24 25 26 28 30 31 32 33 34 35 37 38 39 40 41 42 43 45 46 47 48 50 51 53 54 56 59 61 62 63 64 67 68 69 70 71 72 73 74 75 79 80 83 84 85 87 88 90 91 94 95 96 97 98 99 100 102 103 105 106 107 108 109 112 113 114 117 118 119 120 122 124 126 127 128 129 130 131 132 133 134 137 138 139 140 142 143 144 145 146 147 148 149 151 153 154 155 156 157 158 159 160 161 162 163 165 166 167 169 170 171 172 174 175 177 178 182 184 185 188 189 190 191 192 194 197 198 199 200 0

60
1 2 3 5 6 7 9 10 11 12 15 17 18 19 20 21 23 25 26 28 29 30 31 32 34 37 38 39 41 42 43 45 47 48 50 52 53 54 56 57 60 61 63 64 65 67 69 71 73 76 77 78 79 80 81 84 85 86 88 89 90 91 93 94 95 96 97 99 102 103 104 106 107 108 109 113 114 116 117 118 120 122 123 124 125 127 128 129 130 131 133 134 135 136 138 139 140 141 142 144 146 147 150 151 152 153 155 158 159 161 162 163 165 166 167 168 170 173 174 175 177 181 183 186 187 188 189 190 194 195 196 197 200 0

61
1 2 3 5 6 7 9 10 11 12 13 14 15 16 17 19 20 22 23 24 25 27 28 29 30 33 36 37 38 39 43 44 45 46 48 49 50 51 52 53 54 55 57 59 60 61 62 63 64 65 67 69 70 71 72 73 76 78 79 80 81 82 86 87 88 90 91 93 95 96 97 98 99 100 102 103 104 105 106 107 108 109 111 112 113 114 116 117 118 119 120 122 123 124 126 128 129 130 131 132 133 134 136 139 140 141 142 144 145 146 147 149 150 151 152 154 155 156 157 158 159 161 162 164 165 166 167 168 169 170 171 173 174 175 176 177 179 180 182 183 184 185 186 188 189 190 192 193 195 196 197 198 199 200 0

62
1 2 3 5 7 8 10 12 13 14 15 16 18 19 21 22 23 24 25 26 28 29 30 31 32 33 34 35 37 38 39 40 41 43 44 47 50 54 55 58 59 60 63 64 65 66 67 68 70 73 74 76 77 78 79 80 82 83 84 88 89 94 96 97 99 100 101 102 103 105 108 110 111 112 113 114 115 116 117 118 119 121 122 123 124 126 127 129 132 133 134 135 138 144 145 146 148 149 151 153 154 156 157 158 159 160 161 162 163 164 167 169 170 171 172 174 175 177 178 179 180 181 182 184 185 186 188 189 190 191 193 195 196 197 198 200 0

63
1 3 4 5 6 7 8 9 10 11 12 15 18 19 21 28 30 31 32 35 38 39 40 43 45 46 48 50 51 54 55 56 59 61 62 63 64 65 67 72 73 74 75 76 78 80 81 84 87 88 89 90 92 94 95 96 98 99 101 102 105 106 108 109 110 111 112 114 115 117 118 119 120 121 123 124 126 128 129 130 133 138 139 140 144 147 148 150 153 158 159 160 163 164 165 166 167 168 174 176 177 188 190 191 192 195 196 200 0

64
1 2 3 4 6 7 8 9 11 12 14 15 17 18 19 20 21 24 25 26 27 28 29 31 32 33 34 35 36 37 38 39 40 43 44 45 47 48 49 50 51 52 53 54 56 57 58 59 60 61 62 63 64 65 66 67 68 69 70 71 73 76 77 80 81 82 83 84 86 88 89 90 91 92 93 94 95 96 97 98 99 100 101 102 103 104 105 106 107 108 110 111 112 113 114 115 116 117 118 121 122 123 124 125 126 127 128 131 133 134 135 136 137 140 141 142 143 144 145 146 147 148 149 150 151 152 154 155 156 157 158 159 160 162 163 164 165 166 168 169 170 172 173 175 177 178 179 180 181 182 183 185 186 187 188 189 191 192 193 194 196 197 198 199 200 0

65
1 2 3 4 5 6 9 10 11 12 14 15 17 18 21 22 23 24 25 26 28 29 30 31 32 33 34 35 37 38 40 42 43 44 45 46 47 49 51 52 54 55 56 59 63 64 65 68 69 72 73 74 75 77 78 81 85 89 90 91 92 94 95 96 97 100 101 102 105 110 113 115 117 118 119 120 122 123 124 125 127 128 129 130 131 132 135 138 142 143 144 146 147 148 151 153 154 155 156 157 159 161 163 166 167 169 171 173 177 180 182 184 186 187 188 189 190 193 194 195 196 197 198 200 0

66
1 2 3 5 6 7 8 9 10 11 12 14 15 16 18 20 22 23 24 25 26 27 28 29 33 35 36 37 39 40 41 43 44 45 46 47 48 49 50 51 52 53 54 57 59 60 61 62 63 66 67 69 70 73 75 77 78 79 80 81 82 83 86 87 88 90 91 92 93 95 96 97 99 100 101 102 105 107 108 109 110 112 113 114 115 116 118 121 124 125 126 128 130 131 132 133 136 137 138 140 141 143 144 145 146 147 148 149 150 151 152 153 155 157 158 160 161 163 164 168 169 170 172 173 174 177 179 180 181 183 184 185 186 187 188 189 190 191 193 194 195 196 197 198 199 200 0

67
2 3 6 7 8 9 10 11 13 14 15 16 17 18 20 21 22 24 25 29 31 32 34 35 36 39 41 42 43 44 46 47 49 50 53 55 56 57 58 59 60 61 62 64 67 68 69 70 72 73 74 76 78 79 80 82 83 84 86 87 88 91 93 94 95 97 99 100 102 104 106 108 109 110 111 112 113 114 115 116 117 118 119 120 122 123 125 126 127 128 129 130 134 135 136 139 141 142 144 145 146 147 148 149 150 152 155 157 158 159 160 161 162 163 164 165 167 168 170 172 173 174 175 176 179 181 183 185 186 187 188 189 192 197 199 0

68
1 3 4 5 6 8 9 10 11 13 16 18 19 20 21 22 25 26 27 29 30 31 32 33 34 35 38 39 40 41 45 47 49 51 53 54 56 60 61 62 63 64 65 69 73 75 78 81 83 84 85 87 88 89 91 94 95 96 97 99 100 104 106 112 113 114 116 118 120 123 127 128 130 133 134 135 137 138 140 141 144 145 150 151 153 155 156 157 159 161 162 163 167 168 171 173 175 177 178 181 186 192 198 199 0

69
1 2 4 5 7 8 9 12 13 14 15 16 19 21 22 23 25 27 30 32 33 34 36 37 38 40 42 43 45 47 48 49 50 52 53 54 56 57 59 61 63 65 66 67 68 69 71 72 75 77 78 79 80 81 82 84 85 86 87 89 93 94 95 98 100 102 105 108 109 110 112 114 117 119 120 121 122 123 125 126 127 128 130 131 132 133 136 137 140 141 143 145 146 147 151 152 153 154 155 156 159 160 161 163 166 168 169 170 171 178 180 181 183 184 185 186 188 189 190 191 193 196 200 0

70
1 2 3 4 5 8 9 10 12 13 15 16 17 20 21 23 24 25 26 27 28 29 32 33 35 36 37 38 40 41 42 43 45 46 47 48 49 50 52 56 57 58 59 60 64 66 67 68 69 70 71 72 73 77 78 79 80 82 83 85 86 87 91 92 93 95 97 101 102 104 105 106 107 109 110 112 115 118 119 120 123 124 125 126 127 128 129 130 131 135 136 138 139 140 141 142 144 145 146 147 148 149 150 151 152 154 156 158 159 160 161 162 163 165 166 167 168 169 170 171 172 173 174 176 177 178 179 182 183 185 186 187 188 189 190 191 192 194 195 196 197 198 200 0

71
1 2 3 5 7 8 9 10 12 13 15 16 18 19 22 24 25 27 28 32 35 36 37 39 41 42 43 44 45 46 47 48 49 50 51 53 57 59 61 63 64 66 67 68 70 71 72 74 75 79 80 82 83 85 86 87 88 89 90 91 92 93 95 96 97 99 100 101 102 104 105 106 107 109 110 112 115 116 118 119 121 125 126 127 128 129 130 131 132 133 136 137 139 141 142 143 144 145 146 147 150 151 152 155 159 160 162 167 168 169 170 171 172 173 174 176 178 179 180 183 184 185 186 187 188 189 190 191 192 193 195 196 198 199 0

72
1 3 4 5 6 8 10 11 12 14 16 18 19 20 21 22 24 25 26 27 28 29 31 32 33 34 35 38 39 41 42 43 44 45 46 47 52 53 56 57 60 61 62 63 64 65 66 67 68 69 70 74 76 77 78 79 80 81 82 85 86 87 88 89 90 92 93 95 96 98 100 101 102 104 106 107 110 112 113 115 116 117 118 119 120 121 122 125 127 128 129 130 131 134 135 136 137 138 141 143 144 145 146 147 148 149 150 151 152 153 155 156 157 159 160 161 163 164 167 168 169 171 172 174 176 177 178 179 180 181 182 183 184 185 186 187 188 190 193 194 195 196 197 198 199 200 0

73
1 3 4 5 7 12 13 14 15 16 18 19 21 22 23 24 25 26 27 28 29 30 31 32 33 34 35 37 38 39 42 43 44 48 50 51 54 55 56 57 58 59 61 62 63 64 65 66 67 68 69 70 72 73 74 75 76 78 79 80 82 83 84 85 86 87 88 89 90 96 99 100 101 102 103 106 108 111 112 113 114 115 117 118 119 121 122 124 126 128 129 130 131 132 133 135 138 139 142 144 145 148 149 151 155 157 158 159 160 161 162 163 167 169 171 172 173 174 175 177 178 179 180 182 184 185 188 189 190 191 192 196 198 200 0

74
1 3 8 9 10 11 13 17 18 19 21 22 23 25 26 28 33 34 35 36 39 41 42 43 44 45 46 49 50 52 54 55 56 58 60 61 62 63 65 66 68 69 70 71 74 77 78 80 81 83 84 86 87 88 89 92 93 94 95 97 98 99 101 103 104 105 107 108 109 110 112 114 117 118 119 120 122 124 126 127 128 129 131 134 135 136 138 140 141 142 143 147 148 150 151 153 154 156 159 162 165 167 168 169 170 171 172 173 175 176 177 178 179 181 183 184 186 188 191 192 194 196 200 0

75
2 7 8 9 10 11 12 13 14 15 16 17 18 20 21 22 23 24 25 27 28 29 31 32 34 35 36 40 41 42 43 44 45 46 47 48 49 50 52 53 54 55 56 57 58 59 60 61 62 63 64 65 66 67 68 69 70 73 74 76 78 79 80 82 83 84 86 87 88 90 91 92 93 95 97 99 100 101 102 103 104 105 106 107 108 109 110 111 112 113 114 115 116 118 119 120 121 123 124 125 126 130 131 132 135 136 137 139 140 141 142 143 144 146 147 148 149 150 151 152 154 155 157 158 159 160 161 162 163 164 165 166 167 168 169 170 171 172 173 174 175 177 178 179 180 181 182 183 184 185 186 187 188 189 190 191 192 193 194 195 196 197 198 0

76
1 2 3 4 5 6 7 9 10 12 13 14 17 18 19 21 22 23 24 25 26 27 28 29 31 32 33 34 36 37 38 39 41 43 45 47 48 49 50 51 52 53 54 56 58 60 61 63 64 65 66 67 68 71 73 74 75 78 79 80 81 82 83 84 85 87 89 90 91 92 93 94 95 97 98 100 102 103 104 105 107 108 109 110 112 114 115 116 117 119 121 122 123 124 125 126 128 129 130 131 133 134 135 136 137 138 139 140 141 142 143 144 145 146 147 148 149 150 151 152 154 158 159 160 161 162 163 164 165 166 168 169 170 171 172 173 174 175 177 178 179 181 182 183 185 186 187 188 189 190 191 193 194 195 196 197 198 199 200 0

77
1 2 3 4 5 6 7 8 9 11 12 13 14 15 16 17 18 19 22 24 25 26 27 28 29 31 32 34 35 36 38 39 41 42 43 44 45 46 47 48 49 50 52 53 55 56 58 59 61 62 63 64 66 67 68 69 70 71 73 75 77 80 81 82 84 85 86 87 88 89 90 91 92 93 95 96 99 100 101 102 104 105 106 107 108 109 110 112 113 114 115 117 118 120 121 123 124 125 126 128 130 131 132 133 135 136 137 138 139 140 141 142 143 146 147 150 151 152 155 157 158 159 161 162 165 166 167 168 169 170 171 173 174 177 179 180 181 183 184 185 186 187 188 189 190 192 193 194 195 196 197 199 200 0

78
1 2 3 4 5 6 8 10 13 14 15 16 17 18 20 21 22 23 24 25 26 27 28 29 30 32 35 37 38 39 42 43 44 45 47 48 49 51 53 54 55 57 59 60 61 62 63 64 65 66 67 69 70 71 72 73 75 76 77 80 81 82 85 86 87 88 89 90 91 93 94 95 96 97 98 99 100 102 103 104 105 106 107 108 109 110 111 112 113 114 117 118 119 120 122 123 124 125 126 127 128 129 130 131 132 133 135 136 138 139 140 141 142 144 145 146 147 148 151 152 154 155 157 159 160 162 163 165 167 168 169 170 171 173 176 177 179 180 182 183 184 185 186 187 189 190 191 192 193 194 195 196 197 199 200 0

79
2 3 4 5 6 8 9 11 12 14 17 18 19 24 26 28 29 30 31 32 33 34 35 38 39 41 42 43 49 51 52 54 55 56 58 59 61 62 63 65 68 69 71 72 73 74 75 76 77 78 81 83 84 85 86 87 88 89 92 94 95 96 97 103 104 105 106 107 110 112 113 115 117 118 119 123 124 126 127 128 129 130 131 132 133 134 135 137 138 140 141 143 147 153 154 155 157 159 160 161 164 166 167 168 173 174 175 177 179 180 181 182 186 187 191 196 197 198 200 0

80
3 4 5 8 14 15 19 24 25 26 28 30 31 33 37 38 39 40 42 43 45 46 48 50 56 58 64 65 67 68 69 71 72 73 74 77 78 82 84 85 87 90 91 92 93 94 95 96 97 98 101 102 103 105 106 108 111 112 113 114 117 118 122 123 124 125 126 129 130 131 132 133 134 135 138 143 144 146 147 150 152 153 154 155 156 157 158 159 160 161 162 167 168 169 172 175 176 177 180 183 184 185 188 190 192 196 200 0

81
1 2 3 4 5 6 7 8 9 10 11 12 14 18 19 21 24 25 26 28 30 31 32 34 35 37 38 39 40 41 42 43 46 48 51 52 54 59 61 62 63 64 65 68 69 71 72 73 74 75 76 77 78 79 80 81 84 85 87 88 89 91 92 94 96 97 98 101 102 103 104 105 106 107 110 112 113 114 116 118 119 120 122 123 126 127 129 130 131 133 134 135 138 139 140 141 144 146 148 150 151 153 154 155 156 157 159 160 162 163 164 166 167 170 171 172 173 175 177 180 182 188 190 192 193 194 195 197 198 199 200 0

82
1 2 3 4 5 6 7 8 10 11 12 13 14 15 16 18 20 21 22 23 24 26 28 30 32 33 37 38 40 42 43 44 45 46 49 50 51 52 55 56 57 58 59 60 61 63 64 65 67 68 69 75 76 78 79 80 81 84 86 87 88 89 90 91 92 94 95 96 97 98 99 100 101 103 106 107 108 110 111 112 113 114 115 116 117 118 120 121 122 124 125 126 127 128 129 130 131 132 133 135 137 140 141 142 143 144 145 147 148 150 155 157 159 160 162 163 164 165 168 169 171 172 173 174 177 181 186 190 191 192 195 196 197 200 0

83
2 3 4 5 6 9 10 11 15 16 17 20 21 22 25 26 27 30 32 35 38 39 40 43 45 47 48 50 51 53 54 56 57 59 60 63 65 66 67 68 69 73 75 80 81 82 83 84 85 86 87 89 94 95 96 98 100 101 102 103 105 106 108 112 116 117 118 119 120 122 123 124 125 126 127 128 130 132 133 134 136 138 139 141 142 147 151 153 155 158 159 160 161 162 167 168 169 170 172 173 174 175 177 179 181 182 183 184 185 188 189 190 191 192 194 196 200 0

84
1 3 4 5 7 12 13 14 15 16 18 19 21 22 23 24 25 26 28 29 30 31 32 33 34 35 37 38 39 42 43 44 48 50 51 54 55 56 57 58 59 61 62 63 64 65 66 67 68 69 70 72 73 74 75 76 77 78 79 80 82 83 84 85 86 87 88 89 90 94 96 99 100 101 102 103 106 108 111 112 113 114 115 117 118 119 121 122 124 126 128 129 130 131 132 133 135 138 139 140 144 145 148 149 151 155 157 158 159 160 161 162 163 167 169 171 172 173 174 175 177 178 179 180 182 183 184 185 188 189 190 191 192 196 200 0

85
1 3 5 6 8 9 10 11 13 14 16 18 19 21 22 23 24 26 28 30 31 32 33 34 35 36 37 38 39 43 46 48 49 51 52 53 54 55 56 59 61 62 63 64 65 68 69 70 71 73 75 77 79 80 81 83 84 87 88 89 90 92 94 95 96 97 99 100 101 104 105 106 107 108 109 111 112 113 117 118 119 120 122 123 126 127 128 129 130 131 135 136 137 140 141 144 147 153 154 155 156 158 161 162 165 166 167 168 169 171 172 173 176 178 186 188 189 193 195 198 200 0

86
1 2 3 4 7 9 11 12 13 14 15 16 17 19 24 25 27 29 31 33 34 36 38 39 41 45 47 48 49 50 52 53 56 59 60 61 63 64 65 66 67 68 70 71 72 75 77 79 80 81 82 84 85 87 89 90 92 93 95 97 99 100 101 102 103 104 105 106 108 109 110 112 113 114 115 116 117 119 121 122 123 124 125 128 130 131 132 134 136 137 138 139 140 141 143 145 146 147 148 149 150 151 152 156 157 159 160 161 162 164 166 168 169 170 171 172 174 175 177 178 179 180 181 182 183 184 185 186 188 189 190 191 192 193 196 197 200 0

87
3 4 6 7 8 9 10 11 14 15 16 18 19 20 21 22 24 26 27 28 29 30 31 32 33 34 35 36 37 39 40 41 46 47 48 49 50 51 53 54 56 57 58 61 62 63 65 67 68 69 70 71 72 74 76 77 78 79 80 81 83 84 85 87 88 89 92 94 95 96 97 98 99 100 101 102 103 104 105 106 107 108 109 111 113 114 119 120 123 124 125 127 128 129 130 131 132 133 134 135 137 138 140 141 143 144 146 147 151 152 153 154 155 156 157 158 159 160 161 162 163 166 168 169 170 171 174 175 177 178 180 181 182 184 185 188 189 190 192 194 195 197 198 199 200 0

88
1 3 5 6 7 8 9 10 12 14 15 16 17 19 20 22 23 25 27 28 30 31 32 33 35 36 37 39 41 43 45 47 48 51 53 54 56 57 58 59 63 64 65 66 67 68 69 70 71 72 77 78 79 80 81 82 84 85 86 87 90 91 94 95 96 98 100 102 103 105 106 107 108 111 117 118 119 120 121 122 123 125 126 128 129 130 131 132 133 134 136 138 139 140 142 144 147 148 149 150 151 152 153 154 155 156 158 160 162 163 164 165 167 168 169 170 171 172 173 174 176 179 180 181 182 184 185 188 191 192 193 194 196 197 0

89
1 2 3 4 5 6 7 10 11 12 14 15 17 18 19 20 21 23 24 25 26 27 32 33 34 35 36 38 39 40 42 44 46 52 53 55 56 57 58 59 62 64 65 66 68 69 71 72 75 76 77 78 79 81 83 84 85 86 87 88 89 90 92 93 95 96 98 102 104 105 107 109 111 112 114 116 117 118 119 120 122 124 125 127 130 131 132 133 134 135 136 137 138 139 140 141 142 143 144 145 146 147 150 151 153 158 161 165 166 167 169 170 171 172 173 174 175 176 179 180 183 184 186 188 190 193 194 195 196 197 199 200 0

90
1 2 4 5 7 11 12 14 15 16 17 19 20 21 24 25 26 27 32 34 35 36 38 39 40 42 44 46 52 53 55 56 57 58 59 60 62 64 65 69 71 72 73 74 75 76 77 79 81 83 84 85 86 87 88 89 92 93 94 95 98 102 104 105 108 109 111 112 114 116 117 118 119 120 122 125 126 127 130 131 132 133 134 136 137 138 140 141 142 144 146 150 151 153 154 157 158 161 164 166 167 169 170 171 172 173 174 175 176 179 180 183 184 186 188 190 193 194 195 196 197 199 200 0

91
1 2 3 5 6 7 9 10 11 13 14 15 16 17 20 22 23 24 25 26 27 28 29 30 32 33 35 36 38 39 40 41 42 43 44 45 46 48 49 50 51 52 53 54 55 56 57 59 60 61 63 64 65 67 70 71 72 73 76 78 79 80 81 82 83 85 86 87 90 91 93 94 95 96 97 98 99 100 102 103 104 106 107 108 109 112 113 114 117 118 119 120 122 123 124 125 126 127 130 132 133 134 136 138 139 140 141 142 145 147 150 151 152 153 154 155 156 157 158 159 161 164 165 168 169 170 172 173 174 175 176 177 179 180 181 183 184 186 188 189 190 192 193 195 197 198 200 0

92
1 3 4 5 6 8 9 10 12 14 15 16 18 20 21 25 26 30 31 35 36 38 40 42 43 45 46 49 52 53 54 55 56 57 60 62 63 64 65 66 69 71 72 73 74 75 76 77 78 79 84 85 87 88 90 91 92 94 96 97 98 101 102 103 104 105 106 107 110 112 113 119 121 122 123 124 125 127 128 129 130 131 132 135 137 138 143 144 145 146 147 150 151 153 154 155 156 159 160 161 163 164 166 167 168 169 171 173 179 180 184 186 188 190 193 195 196 197 198 0

93
1 2 4 5 7 8 9 10 13 14 15 16 17 18 19 20 21 22 25 26 27 28 29 30 32 34 36 37 39 41 42 45 46 47 48 49 50 51 52 54 56 57 58 59 60 61 62 63 65 66 67 69 71 72 73 75 76 78 79 80 81 82 83 85 87 88 89 90 92 93 94 95 96 98 100 102 103 104 105 106 110 113 114 115 116 119 120 121 122 123 124 125 128 130 133 134 135 136 137 138 139 140 141 142 143 144 145 146 147 148 149 150 151 152 154 155 156 157 158 160 161 162 163 164 165 166 168 170 172 174 175 177 178 181 182 183 185 186 187 189 191 192 193 195 196 197 198 199 0

94
1 2 6 7 8 9 10 11 12 13 16 18 19 20 21 22 23 24 25 26 27 28 29 30 33 34 36 37 38 39 41 43 44 45 46 48 49 50 51 52 53 54 55 56 57 59 61 64 65 67 68 69 70 71 72 73 74 76 77 78 79 80 81 83 86 87 89 90 93 94 95 96 97 99 101 103 104 105 106 108 109 110 111 114 115 116 118 119 125 126 127 128 129 136 139 140 141 142 144 146 147 148 150 152 153 154 155 156 158 160 162 163 165 167 168 169 170 171 172 173 174 176 177 178 179 180 181 183 184 186 187 188 189 190 192 195 196 197 198 200 0

95
1 2 3 4 5 6 7 8 10 12 13 14 15 17 18 19 21 23 24 26 28 30 31 32 33 34 35 36 37 38 39 42 43 44 45 46 50 51 52 53 55 56 59 61 62 63 64 65 67 69 70 71 72 74 76 77 78 79 83 84 86 87 88 89 90 91 92 93 94 96 97 98 101 102 104 105 106 107 108 110 111 113 115 116 117 119 124 125 126 127 128 129 130 138 139 140 142 143 146 147 148 149 150 151 154 156 157 158 159 162 164 165 166 167 168 170 171 172 173 174 175 176 178 179 180 187 188 189 190 191 192 193 194 195 196 197 198 200 0

96
2 4 5 6 7 8 9 11 12 15 16 17 18 19 20 22 23 24 25 27 28 29 31 32 33 35 36 38 39 40 41 42 43 44 48 49 50 51 52 53 54 55 56 57 59 60 61 64 65 66 67 68 69 70 72 74 75 76 82 84 85 86 87 88 89 90 91 93 94 95 96 97 99 100 101 102 104 105 106 107 109 110 111 112 113 114 115 116 117 120 121 122 123 124 125 126 129 130 132 133 134 136 137 141 142 143 144 146 147 148 149 150 151 152 153 154 155 157 159 162 163 164 168 169 170 172 173 175 179 180 181 182 183 184 185 186 187 188 189 190 191 193 195 196 197 198 199 0

97
1 2 3 5 6 8 9 10 11 12 13 14 15 16 19 20 21 22 23 24 26 27 28 29 30 31 35 37 38 39 43 45 46 47 48 49 51 52 53 54 57 59 60 61 63 64 65 68 70 71 73 76 77 79 80 81 82 83 85 86 87 88 90 91 94 95 96 97 98 99 100 102 103 104 105 106 107 108 109 111 112 113 116 117 118 119 120 122 123 125 126 129 130 131 132 133 134 135 136 138 139 140 141 142 144 145 147 149 150 151 152 153 154 155 158 159 160 161 162 163 164 165 167 168 169 171 173 174 175 176 177 178 179 180 183 189 190 192 193 194 195 196 197 198 199 200 0

98
1 2 4 5 7 8 9 10 12 13 15 16 18 19 20 23 24 25 27 29 30 32 33 35 36 37 38 40 41 42 44 45 48 49 50 52 53 56 57 58 59 61 63 65 66 67 68 69 70 71 72 73 74 75 77 80 81 82 83 84 85 86 87 89 90 92 93 94 95 98 99 100 101 102 103 105 106 108 109 110 111 112 113 114 115 117 118 119 120 121 122 123 124 126 127 128 129 130 132 133 136 137 140 141 143 146 147 148 149 150 151 152 153 154 155 156 157 159 160 161 162 164 166 167 169 170 171 172 173 174 175 177 178 179 180 181 182 183 184 185 186 188 189 191 193 194 195 196 197 0

99
1 2 3 4 5 8 9 10 11 12 14 15 17 18 19 20 21 22 24 26 28 29 31 32 34 35 37 38 39 40 41 46 49 50 51 52 53 54 55 56 57 59 60 61 62 63 64 65 68 71 72 73 75 76 77 78 79 80 81 83 84 85 87 88 89 91 92 93 94 95 96 97 98 99 100 101 104 106 107 108 109 110 113 114 115 116 118 119 120 123 124 125 129 130 131 132 133 135 136 138 139 141 142 144 145 146 147 148 150 151 152 154 156 157 160 161 163 164 165 167 168 171 174 175 177 181 182 184 185 186 187 188 189 192 196 198 199 200 0

100
1 2 3 4 6 7 8 9 11 12 14 16 17 18 19 20 21 22 23 24 25 27 29 30 31 32 33 35 36 37 38 41 44 45 46 48 49 50 51 52 53 54 56 57 58 59 60 63 65 66 67 69 70 75 76 78 80 81 82 83 84 85 86 87 88 89 90 92 93 94 95 96 99 100 102 104 105 106 109 110 111 112 113 114 115 116 117 120 121 122 124 125 126 127 128 130 132 133 136 137 138 139 141 142 143 144 145 146 147 148 149 150 151 154 156 157 158 159 160 162 165 166 167 168 169 170 171 173 174 175 177 179 180 181 182 183 184 185 186 187 188 189 190 191 193 196 197 199 200 0

