1
1 3 4 7 8 9 10 11 12 13 17 18 21 22 23 24 28 29 31 32 33 34 35 36 37 39 40 41 44 45 46 48 49 0
1 3 4 5 7 10 11 12 13 14 15 17 18 19 21 24 26 27 28 29 30 33 34 36 37 39 41 42 43 44 45 50 0
1 6 7 8 9 11 12 13 14 16 17 18 19 21 22 23 24 25 27 28 29 31 32 33 34 35 36 37 40 41 42 43 45 47 48 49 50 0

2
1 4 5 7 9 10 11 12 13 14 16 17 20 22 24 25 27 29 30 31 32 34 35 37 39 40 41 42 44 47 48 50 0
1 2 3 4 5 6 7 8 10 11 13 14 15 17 19 21 23 24 25 26 27 28 29 30 31 33 34 35 36 37 39 40 41 42 43 44 45 46 47 49 50 0
1 4 6 7 8 9 11 12 13 16 17 19 20 22 23 24 25 26 27 28 29 30 31 32 33 34 35 36 37 38 40 41 42 43 44 45 47 48 49 0

3
1 4 5 10 11 12 13 14 15 17 20 22 23 24 25 28 31 32 35 38 39 40 41 42 43 48 49 0
1 2 3 5 7 9 10 11 14 15 19 20 21 22 24 26 27 28 30 32 33 36 37 40 41 42 44 45 46 47 48 49 50 0
1 2 3 4 5 8 10 11 12 13 14 16 17 18 19 21 22 23 24 25 27 28 31 32 33 34 35 37 38 39 41 42 43 44 45 46 47 48 0

4
2 3 6 7 8 9 10 11 12 14 15 18 19 20 21 22 24 26 27 28 29 30 31 32 33 34 35 36 39 40 41 44 45 46 48 49 50 0
1 3 4 5 9 10 11 12 13 14 15 17 18 19 20 21 23 25 26 27 29 30 31 32 33 34 35 36 39 41 43 44 45 46 47 49 50 0
1 4 5 6 7 8 9 10 12 13 14 15 16 17 19 20 22 23 24 25 26 27 28 29 30 31 32 33 34 35 36 37 39 40 41 43 45 46 47 48 49 0

5
1 3 6 7 8 9 10 12 13 14 15 16 18 20 21 22 23 24 25 27 29 30 32 33 35 36 37 39 41 43 45 48 0
1 2 3 4 5 7 9 10 11 13 14 15 16 17 18 19 20 21 22 23 24 27 28 29 30 31 33 35 36 37 38 39 40 41 42 43 44 45 46 47 48 49 0
3 4 5 7 8 9 10 12 13 15 16 17 18 19 20 21 22 23 24 25 26 27 28 29 31 32 34 35 37 38 39 40 41 42 43 44 45 46 47 48 49 50 0

6
1 2 3 6 8 9 10 11 12 13 14 15 16 17 19 20 22 23 24 25 26 27 28 29 30 31 33 34 35 36 39 40 41 43 44 45 46 48 49 50 0
1 2 3 4 5 6 7 10 11 12 13 14 15 17 18 19 20 21 23 24 26 27 29 30 31 32 33 34 35 36 37 38 39 40 41 43 44 45 46 49 0
1 2 3 4 6 7 8 9 10 11 12 13 14 15 16 17 19 20 23 24 25 26 27 28 29 31 32 33 34 36 37 38 39 40 43 44 45 46 48 49 50 0

7
1 2 3 4 6 7 8 10 11 12 13 14 15 19 20 21 22 23 24 25 26 27 28 29 30 32 35 37 38 40 41 43 44 45 48 49 0
1 3 4 5 6 10 11 12 14 15 17 18 19 21 23 26 27 28 29 30 31 32 33 34 36 38 40 41 42 43 44 45 46 47 48 49 50 0
2 3 5 6 7 8 9 11 14 15 16 17 18 19 21 23 24 25 27 30 31 32 33 35 36 37 42 43 45 47 49 0

8
1 2 4 5 8 9 10 11 13 15 16 19 20 21 22 24 25 26 27 28 30 32 33 34 36 37 38 39 40 41 42 44 45 49 50 0
1 2 3 4 6 7 9 10 11 12 13 14 15 17 18 19 20 21 22 23 24 25 26 27 29 30 31 33 34 35 36 39 41 43 44 47 48 49 50 0
1 2 3 4 5 6 7 8 9 10 11 13 14 15 17 18 19 21 22 24 25 27 28 30 31 32 33 35 36 37 39 41 42 43 44 45 47 48 49 50 0

9
1 2 3 4 6 8 10 11 13 15 17 18 19 20 21 22 23 24 25 26 27 28 29 30 32 34 35 37 38 40 43 45 47 48 49 50 0
1 4 5 6 7 9 10 11 12 14 17 18 19 20 21 22 23 24 26 27 28 29 30 32 33 34 37 38 40 41 42 43 44 46 47 48 50 0
1 2 3 5 6 7 8 11 13 14 16 17 18 19 21 23 24 27 31 32 33 35 37 42 43 45 47 48 49 50 0

10
1 2 4 6 7 8 10 11 13 15 17 18 20 21 22 23 24 25 26 27 28 29 30 32 33 34 35 37 38 40 43 45 47 48 50 0
1 3 4 5 6 9 10 11 12 14 17 18 19 20 21 22 23 24 26 27 28 29 30 32 33 34 37 38 41 42 43 44 45 46 47 48 50 0
1 2 3 5 6 7 8 9 11 13 14 16 17 18 19 21 23 24 27 31 32 33 35 37 42 43 45 47 48 49 50 0

11
1 2 5 6 7 9 10 11 13 14 16 18 20 21 22 23 26 27 28 29 31 32 34 35 38 39 40 41 42 43 44 45 46 48 49 0
1 2 3 4 5 9 10 11 12 13 14 15 17 19 20 22 24 26 27 28 29 30 31 32 33 36 37 38 39 40 41 42 43 44 45 47 48 50 0
3 4 5 6 7 8 9 10 11 13 14 16 17 18 19 21 22 23 24 25 27 31 32 33 35 36 37 38 39 41 42 43 44 45 46 47 48 0

12
1 2 3 4 6 8 10 11 13 15 19 20 21 22 23 25 26 27 29 30 31 32 34 35 38 40 43 44 45 47 48 49 0
1 3 4 5 6 9 10 11 12 14 16 17 18 19 21 23 26 27 28 29 30 32 33 34 36 38 40 42 43 44 45 46 47 48 49 50 0
1 2 3 5 6 7 8 9 11 13 14 16 17 18 19 21 23 24 25 27 30 31 32 33 35 36 37 41 42 45 47 49 0

13
1 2 3 4 5 6 8 9 10 12 13 14 15 16 17 18 19 20 21 22 24 25 26 27 29 30 31 33 34 35 36 39 40 41 42 44 45 46 49 50 0
1 3 4 7 8 9 10 11 12 13 14 15 17 18 19 21 22 23 26 27 29 30 31 32 33 34 35 36 38 39 41 43 44 45 46 48 49 0
1 2 4 5 6 7 8 9 10 11 12 13 14 15 16 17 19 20 21 23 24 25 26 27 28 29 30 31 32 33 34 35 36 37 40 41 43 44 45 46 47 48 49 50 0

14
1 2 3 4 5 7 8 9 10 15 16 17 18 19 20 21 24 25 26 27 28 29 30 31 33 34 35 36 37 38 39 40 42 44 46 48 49 50 0
1 2 3 4 9 10 11 12 13 14 15 17 18 19 21 22 23 24 26 27 28 29 30 31 33 34 36 39 41 42 43 44 45 47 48 49 0
1 3 6 7 8 9 10 11 12 13 14 16 17 18 19 20 21 22 23 24 25 26 27 28 29 30 31 32 33 34 35 36 37 40 41 42 43 45 47 49 0

15
1 3 4 5 6 7 8 9 10 11 12 13 14 15 17 18 19 22 23 24 26 27 28 29 30 33 34 35 36 38 39 40 41 43 44 46 47 48 49 0
1 2 3 4 6 7 10 11 12 13 14 15 17 18 19 21 26 27 29 30 31 32 33 34 36 37 39 40 41 42 43 44 45 46 49 0
1 2 6 7 8 9 11 12 13 14 15 16 17 19 20 21 24 25 27 28 29 30 31 32 33 34 35 36 37 38 43 44 45 47 48 49 50 0

16
1 2 3 6 7 8 9 10 11 12 16 17 18 19 20 21 22 25 26 27 30 32 33 34 35 36 38 39 40 41 42 44 46 47 49 0
1 3 4 5 9 10 11 12 13 14 15 16 17 18 19 20 21 23 25 26 27 28 29 30 31 33 34 35 36 39 42 43 44 45 47 48 49 0
1 5 6 7 8 9 10 11 12 13 14 15 17 18 19 20 21 23 24 25 26 27 28 29 30 31 32 33 34 35 36 37 40 41 43 45 46 47 49 0

17
2 3 7 8 9 10 12 13 14 15 16 17 18 20 22 23 24 25 26 30 31 32 33 34 35 36 38 39 41 43 44 45 46 47 48 49 0
1 2 3 4 5 6 7 8 10 11 13 14 15 17 18 19 20 21 23 24 26 27 29 31 32 33 34 35 36 37 38 39 40 41 43 44 45 46 48 0
1 6 8 9 11 12 13 14 15 16 17 19 20 21 23 24 25 26 27 28 29 31 32 33 34 35 36 37 38 40 43 44 45 48 49 50 0

18
2 3 4 5 6 7 8 9 10 12 14 15 18 19 20 21 24 26 27 28 29 30 31 32 33 34 35 38 39 40 44 45 46 48 49 50 0
1 3 4 9 10 11 12 13 14 15 17 18 19 21 22 23 25 26 27 28 29 30 31 33 34 36 39 41 43 44 45 47 48 49 0
1 3 6 7 8 9 10 12 13 14 15 17 18 19 20 22 24 25 26 27 28 29 30 31 32 33 34 35 36 37 40 41 42 43 44 45 47 48 49 0

19
1 3 4 6 7 8 9 10 11 12 13 14 22 23 24 26 29 31 32 33 34 35 36 38 39 40 41 44 45 46 48 49 0
1 3 4 10 11 12 13 14 15 17 18 19 23 26 27 28 29 30 33 36 41 42 43 44 45 46 50 0
1 2 6 7 8 9 11 12 13 14 15 16 17 19 21 22 23 24 25 27 28 31 32 33 35 36 37 38 41 42 43 45 47 48 49 50 0

20
1 7 10 11 13 14 15 16 17 18 20 21 22 23 24 25 26 27 30 31 32 35 36 38 39 40 41 42 43 44 48 49 50 0
1 2 3 4 5 6 8 10 11 13 15 17 19 20 21 22 23 24 26 27 28 29 30 32 33 34 36 39 40 41 42 43 44 45 47 48 49 50 0
1 2 3 5 8 9 11 12 13 14 15 16 17 18 19 20 21 22 23 24 25 27 28 29 31 32 33 34 35 36 37 38 40 41 42 43 45 47 49 0

21
1 2 3 5 7 8 9 10 11 12 13 14 15 16 18 19 20 21 22 23 25 26 27 29 30 33 34 35 36 37 38 39 40 41 42 43 44 46 48 0
1 3 4 5 7 8 10 11 12 13 14 15 16 17 18 19 21 22 23 25 26 27 29 30 31 32 33 34 35 36 37 39 40 43 44 45 49 0
1 2 4 6 7 8 9 11 12 13 14 15 17 19 20 21 23 24 25 26 27 28 29 30 31 32 33 34 35 36 37 38 39 40 42 43 44 45 47 48 49 50 0

22
1 3 4 5 7 8 10 14 15 17 19 20 22 23 24 25 28 31 32 33 36 37 38 39 40 41 43 44 45 46 48 0
1 2 3 4 6 7 8 9 10 11 13 14 15 17 18 19 20 21 22 23 24 27 28 30 31 32 33 35 36 37 39 41 42 43 44 46 47 48 49 0
3 4 5 7 8 9 10 13 17 18 19 20 21 23 24 25 26 27 28 29 31 32 33 34 35 37 38 39 40 41 42 43 44 45 46 47 48 0

23
1 4 5 7 8 12 13 14 15 17 18 20 21 22 23 24 27 29 31 32 34 36 38 39 40 41 42 43 45 46 47 48 0
1 2 3 4 5 8 9 10 11 13 14 15 16 17 18 19 20 21 22 23 24 28 29 30 32 33 35 37 38 39 41 42 43 44 46 47 0
3 4 5 6 7 8 9 10 13 15 17 18 19 20 21 23 24 25 26 27 29 31 32 34 35 38 39 40 41 42 43 44 46 47 0

24
1 3 5 7 9 11 13 14 15 16 18 21 22 23 24 25 29 32 33 35 36 37 38 39 47 48 49 0
1 2 3 4 5 6 9 10 11 13 14 15 17 18 19 20 21 22 24 26 27 28 29 30 32 33 34 36 38 39 40 41 42 43 44 45 46 47 48 50 0
1 3 4 5 9 10 11 12 13 14 15 16 17 18 19 21 23 24 25 27 28 31 32 33 34 35 37 39 41 42 43 44 45 46 47 48 49 0

25
1 2 3 4 5 7 9 10 11 12 13 14 15 16 17 18 19 20 21 24 25 26 27 28 30 31 32 33 34 35 36 37 38 39 40 41 42 44 46 47 48 49 50 0
1 2 3 4 5 9 10 11 12 13 14 15 17 18 19 20 21 22 23 24 25 26 27 28 29 30 31 33 34 35 36 39 40 41 43 44 45 47 48 49 50 0
1 5 6 7 8 12 13 14 16 17 18 19 20 22 23 24 25 26 27 28 29 30 31 32 33 34 36 37 38 39 40 41 43 45 49 0

26
1 3 7 11 12 13 14 15 16 17 18 21 22 23 24 25 27 32 35 39 41 43 44 48 49 0
1 3 4 5 6 7 10 13 15 16 17 18 19 21 23 26 27 29 30 32 33 36 37 38 39 40 41 42 43 44 45 46 47 49 50 0
1 6 8 9 11 12 13 15 16 17 19 22 23 24 25 27 28 29 31 32 33 34 35 36 37 38 40 41 43 45 47 48 49 50 0

27
1 2 4 7 11 12 13 14 15 16 17 18 20 21 22 23 24 25 26 27 29 31 32 35 36 37 38 40 47 49 50 0
1 3 4 5 7 9 10 12 14 15 17 19 20 21 22 24 26 27 28 29 30 31 33 34 35 36 37 38 40 41 42 43 44 45 47 48 49 50 0
1 2 3 4 5 6 8 10 11 13 14 15 16 17 18 19 20 21 22 23 24 25 26 27 28 31 32 33 34 35 36 37 38 39 40 41 42 43 44 45 46 47 48 50 0

28
1 3 4 8 12 14 15 16 18 22 23 24 25 28 32 35 36 37 38 39 41 44 48 50 0
1 2 3 5 6 7 8 9 10 11 14 15 19 20 21 22 23 24 26 27 28 29 30 32 33 34 35 36 37 40 41 42 43 44 45 46 47 48 50 0
1 3 4 5 10 11 12 13 14 15 16 17 18 19 21 22 23 24 25 26 27 28 31 32 33 34 35 37 39 40 41 42 43 44 45 46 47 48 49 0

29
1 2 4 6 7 8 9 12 13 15 16 17 19 22 23 24 25 27 29 30 31 32 33 34 36 37 40 42 43 45 46 47 48 49 50 0
1 3 4 6 7 9 10 11 12 13 14 15 16 17 18 19 20 21 22 23 24 25 26 27 28 30 31 32 33 34 36 37 38 40 41 42 43 44 46 48 49 50 0
3 4 6 7 8 9 10 13 16 17 18 19 21 22 23 24 25 27 28 29 30 31 32 33 34 35 36 37 38 40 41 42 43 44 45 48 0

30
3 5 7 10 11 12 14 15 16 17 20 22 23 24 25 26 27 28 31 32 36 37 38 39 40 41 43 46 48 49 50 0
1 2 3 6 7 8 10 11 13 15 17 19 20 21 22 23 24 26 27 28 29 30 31 33 34 35 36 37 38 39 40 41 42 43 44 45 46 47 49 50 0
1 5 8 9 11 12 13 14 15 16 17 18 19 20 22 23 24 25 27 28 29 31 32 33 34 35 36 37 38 40 41 42 43 44 45 46 47 48 49 50 0

31
1 2 3 4 7 8 9 10 12 13 17 18 21 23 24 25 26 31 32 35 36 37 38 39 41 43 44 48 49 50 0
1 2 4 5 6 7 8 9 10 11 14 15 17 18 19 20 21 22 24 26 27 28 29 30 31 32 33 34 35 36 37 38 41 42 43 44 45 47 48 49 0
1 3 5 13 14 15 17 18 19 21 22 23 24 25 26 27 28 29 31 32 33 35 37 38 39 40 41 42 43 45 46 47 48 49 0

32
1 3 4 5 6 7 10 11 13 15 16 17 18 19 20 22 24 25 26 27 28 29 30 31 32 34 37 38 39 41 42 43 44 47 49 0
1 2 3 6 8 9 10 11 12 13 14 15 17 19 20 21 22 23 24 26 27 28 29 30 31 32 33 35 36 37 38 39 40 41 42 43 44 45 47 48 49 0
1 5 6 8 9 12 13 14 16 17 18 19 20 22 23 24 25 26 27 28 30 31 32 33 34 35 36 37 38 41 42 43 45 47 48 49 0

33
1 3 4 6 8 9 10 11 12 13 14 15 17 18 19 20 21 22 23 25 26 27 28 29 30 31 32 34 37 39 41 43 45 47 48 49 0
1 3 4 5 6 7 9 10 11 12 14 15 17 18 19 20 21 23 24 26 27 28 29 30 32 33 34 36 37 40 41 42 43 44 45 46 47 48 49 50 0
1 2 3 5 6 7 8 9 11 14 16 17 18 19 21 22 23 24 25 27 31 32 33 35 36 37 41 42 43 45 47 48 49 0

34
1 3 4 5 6 8 9 11 12 13 14 16 17 18 19 20 21 24 25 27 29 31 32 33 34 35 37 38 39 41 42 43 44 45 47 48 0
1 3 4 7 8 9 10 11 12 13 14 15 16 17 18 19 20 21 22 23 24 26 27 28 29 30 31 33 34 35 36 37 38 39 40 41 42 43 44 45 46 47 48 0
1 2 3 4 5 6 7 8 10 11 12 13 14 16 17 18 19 21 22 23 24 25 27 28 30 31 32 33 34 35 36 37 38 41 42 43 45 47 49 50 0

35
2 3 5 10 11 12 13 14 15 16 17 18 21 22 23 24 25 26 28 31 32 35 37 38 39 42 47 48 49 0
1 3 5 6 7 9 10 12 14 15 17 19 20 21 22 24 26 27 28 30 32 33 34 36 37 40 41 42 44 46 48 49 50 0
1 2 3 4 5 6 10 12 13 14 15 16 17 18 19 21 22 23 24 25 27 28 29 31 34 35 38 40 42 43 44 45 48 50 0

36
1 2 3 4 5 6 8 9 12 13 14 17 18 19 21 22 23 24 25 26 27 29 30 33 34 35 38 39 40 41 43 45 48 49 50 0
1 2 3 4 6 7 9 10 11 12 14 15 17 19 20 21 22 24 26 27 28 29 30 33 35 36 37 40 41 42 43 44 45 49 0
1 2 4 5 7 8 9 10 11 12 13 14 15 17 18 19 21 24 25 27 28 30 31 32 33 35 37 38 39 41 42 43 44 45 46 47 48 50 0

37
1 2 3 6 7 8 10 11 13 17 18 20 21 22 23 24 25 26 27 29 30 31 32 33 34 35 37 38 40 43 44 45 46 47 48 49 50 0
1 3 4 5 6 9 10 11 12 14 17 18 19 20 21 22 23 24 26 27 28 29 30 32 33 34 37 38 41 42 43 44 45 46 48 50 0
1 2 3 5 6 7 9 11 13 14 16 17 18 19 21 23 24 27 28 31 32 33 35 37 42 43 45 47 48 49 50 0

38
1 2 3 4 6 8 10 11 13 14 15 17 19 20 21 22 23 25 26 27 29 30 31 32 33 34 35 38 40 43 44 45 47 48 49 50 0
1 3 4 5 6 9 10 11 12 14 16 17 18 19 21 23 26 27 28 29 30 32 33 34 38 41 42 43 44 45 46 47 48 49 50 0
1 2 3 5 6 7 8 9 11 14 15 16 17 18 19 21 23 24 27 28 30 31 32 33 35 36 37 42 45 47 49 0

39
1 3 4 5 7 10 11 12 13 14 15 16 17 18 20 21 22 23 25 27 30 33 35 36 37 38 39 41 43 48 49 50 0
1 2 3 4 6 7 9 10 13 14 15 17 19 20 21 22 23 24 27 28 29 30 31 32 33 34 35 36 37 39 40 41 42 43 44 45 46 47 48 49 50 0
1 2 3 4 5 8 9 10 11 13 14 15 16 17 18 20 21 22 23 24 25 26 27 28 29 31 33 34 35 36 37 38 39 40 41 42 43 44 45 46 47 48 49 50 0

40
1 3 4 7 9 11 12 13 14 15 16 17 19 22 23 24 25 26 28 30 31 32 33 34 36 37 38 39 41 43 44 46 47 48 49 50 0
2 3 4 6 10 11 12 13 14 15 16 17 18 19 26 27 29 30 31 32 33 34 36 37 38 39 41 42 43 44 45 46 47 48 49 50 0
1 2 6 7 8 10 12 13 14 15 16 17 19 20 21 22 24 25 27 28 30 31 32 33 34 35 36 37 38 39 43 44 45 47 48 49 50 0

41
1 2 4 5 6 8 9 10 11 13 14 18 20 21 22 23 24 25 26 27 28 29 31 32 34 35 37 38 39 40 41 42 43 44 45 46 48 49 0
1 4 5 9 10 11 12 13 14 15 17 19 20 21 22 24 26 27 28 29 30 31 33 34 35 36 37 38 39 40 41 42 43 44 45 47 48 49 50 0
3 4 5 7 8 9 10 13 14 16 17 18 19 21 22 23 24 25 27 31 32 33 35 36 37 38 39 41 42 43 44 45 46 47 48 0

42
2 3 4 5 6 8 9 11 12 13 14 16 17 19 20 21 22 23 24 25 26 27 28 29 30 31 32 33 34 35 36 37 39 40 41 43 44 45 46 47 48 50 0
1 2 3 4 5 6 7 9 10 11 12 13 14 15 17 18 19 21 22 23 26 27 29 30 31 32 33 34 36 37 39 42 43 44 45 46 48 49 50 0
1 2 4 5 6 7 8 9 11 12 13 14 15 17 18 19 21 23 24 25 27 28 30 31 32 33 35 36 37 38 39 42 43 44 45 47 48 49 50 0

43
1 2 3 6 8 9 10 11 12 13 14 15 16 17 18 20 22 23 24 25 26 27 29 30 31 32 33 34 35 36 37 38 39 41 44 45 46 47 48 49 50 0
1 2 3 4 5 6 7 10 11 12 13 14 15 16 17 18 19 21 22 23 26 27 29 30 31 32 33 34 35 36 37 38 39 40 41 43 44 45 46 48 50 0
1 2 4 6 8 9 10 11 12 13 14 16 17 19 20 21 23 24 25 26 27 29 31 32 33 34 35 36 37 38 39 40 41 42 43 45 46 48 49 50 0

44
1 2 3 4 5 7 8 11 12 13 16 17 18 20 21 22 23 24 31 32 33 34 35 36 37 38 39 40 41 42 43 47 48 49 0
1 3 5 7 9 10 11 14 15 19 20 21 22 24 26 27 28 30 33 34 36 37 40 41 42 44 45 46 47 48 49 50 0
1 2 3 4 5 7 8 10 11 12 13 14 15 16 17 18 19 21 22 23 24 25 27 28 31 32 33 35 37 38 39 41 42 43 44 45 46 47 48 50 0

45
1 3 5 6 7 10 11 12 14 15 16 17 18 20 21 22 23 24 25 26 27 28 29 31 34 35 36 37 38 39 41 42 43 44 45 46 47 49 50 0
1 2 3 4 6 7 8 9 10 11 13 14 15 17 19 20 21 23 24 26 27 28 29 30 31 32 33 35 36 40 41 42 43 44 45 48 50 0
1 2 6 8 11 12 13 14 15 16 17 18 19 20 21 22 23 24 25 26 27 28 29 31 32 33 34 35 36 37 38 40 41 42 43 45 47 48 49 50 0

46
1 2 3 4 7 8 9 10 11 15 16 17 18 19 20 21 22 23 24 25 26 27 28 30 31 32 33 34 35 36 39 40 41 42 44 46 47 48 50 0
1 3 4 5 7 10 11 12 13 14 15 16 17 18 19 20 21 22 23 25 26 27 28 29 30 31 33 34 35 36 37 39 40 41 42 43 44 45 46 47 48 49 50 0
1 3 4 5 6 7 8 10 11 12 13 14 16 17 18 19 20 22 23 24 25 26 27 28 29 30 31 32 33 34 35 36 37 39 40 41 42 43 45 46 47 48 49 0

47
1 2 3 5 7 11 12 13 15 16 17 18 19 20 21 22 24 25 26 27 30 32 35 36 37 38 39 42 44 45 46 48 49 50 0
1 3 5 6 9 10 11 13 14 15 17 19 21 24 27 28 29 30 31 33 34 36 37 39 40 41 43 44 45 46 48 49 0
1 3 6 8 9 12 13 16 17 18 19 20 22 23 24 25 27 28 30 31 32 33 35 36 37 38 39 41 42 43 45 48 49 50 0

48
2 3 5 6 8 12 13 14 15 16 18 19 21 23 24 25 27 29 31 33 35 38 39 40 41 43 48 49 50 0
1 2 3 4 5 6 7 8 9 10 11 12 13 14 15 17 18 19 20 21 22 24 26 27 28 29 30 31 32 33 35 36 39 40 42 43 44 45 49 0
1 4 5 7 8 9 10 12 13 14 15 17 18 19 20 23 24 25 27 28 31 32 33 34 35 36 37 38 42 43 44 45 47 48 49 50 0

49
1 3 4 7 8 9 10 11 12 13 14 22 23 24 28 31 32 33 34 36 38 41 44 45 46 48 49 0
1 3 4 5 7 10 11 13 14 15 17 18 19 26 27 29 30 33 36 37 39 40 41 42 43 44 45 46 47 50 0
1 6 7 8 9 11 12 13 15 16 17 19 21 23 24 25 27 28 29 31 32 33 34 35 36 37 38 40 41 42 43 45 47 48 49 50 0

50
1 2 3 4 5 7 12 13 15 17 18 21 22 23 28 29 31 32 33 34 35 36 37 38 39 40 42 43 47 48 0
1 3 4 7 10 11 12 14 15 16 17 18 19 21 22 24 25 26 27 28 30 32 33 34 36 37 38 40 41 42 43 44 45 46 48 49 50 0
1 4 6 7 8 11 12 13 14 16 17 18 19 21 22 23 24 25 27 28 30 31 32 33 35 37 42 43 44 45 47 48 0

51
1 2 3 4 6 8 10 11 14 15 17 19 21 22 23 25 26 27 29 30 31 32 35 40 43 44 45 48 49 50 0
1 3 4 5 6 9 10 11 12 14 17 18 19 21 23 26 27 28 29 30 32 33 34 36 37 41 42 43 44 45 46 47 48 49 50 0
1 2 3 5 6 7 8 9 11 13 14 16 17 18 19 21 23 24 25 27 28 31 32 33 35 37 41 42 45 47 48 49 0

52
1 2 3 6 7 8 9 10 11 12 13 14 17 19 20 21 22 23 26 27 29 30 31 32 33 34 35 36 37 38 40 41 44 45 46 48 50 0
1 3 4 5 9 10 11 12 13 14 15 17 18 19 21 22 23 26 27 28 29 30 32 33 34 36 39 42 43 44 46 49 50 0
2 6 7 8 9 11 12 13 14 15 18 19 21 22 23 24 25 27 28 30 31 32 33 35 37 42 43 45 47 48 49 50 0

53
1 2 3 4 5 6 8 9 10 15 16 17 18 19 20 21 22 24 25 26 27 28 29 30 33 34 35 36 37 39 40 41 42 43 44 45 46 47 48 0
1 3 4 9 10 11 12 13 14 15 17 18 19 21 23 24 25 26 27 28 29 30 31 33 34 36 41 43 44 45 46 47 48 49 0
1 6 7 8 10 11 12 13 14 16 17 18 19 20 21 23 24 25 26 27 28 29 30 31 32 33 34 35 36 37 40 41 43 45 47 49 0

54
1 2 3 4 5 6 7 10 11 13 14 16 17 18 19 20 23 24 25 26 27 28 29 30 31 32 33 34 35 36 37 40 42 43 44 45 49 50 0
1 2 3 4 6 8 9 10 11 12 13 14 15 17 19 22 23 24 25 26 27 28 29 30 31 33 34 35 36 37 38 39 40 41 42 43 44 45 48 49 0
1 5 6 7 8 10 13 16 17 18 19 20 22 23 24 25 26 27 28 29 30 31 32 33 34 36 37 38 39 40 41 42 43 45 49 0

55
1 3 6 7 8 9 10 11 12 13 14 15 17 18 19 20 22 23 25 26 27 28 29 30 31 32 34 37 38 39 41 43 45 47 48 49 0
1 3 4 5 6 10 12 15 17 18 19 20 21 22 25 26 27 29 30 32 33 34 36 37 40 41 42 43 44 45 46 47 48 49 50 0
1 2 3 5 6 7 8 9 11 14 16 17 18 19 21 22 23 24 25 27 31 32 33 35 36 37 41 42 43 45 47 48 49 0

56
1 6 7 8 9 10 11 12 13 14 15 19 20 22 23 25 26 27 28 29 30 31 32 34 37 38 39 41 43 45 47 48 49 0
1 3 4 5 6 10 12 15 17 18 19 20 21 22 24 26 27 29 30 32 33 34 36 41 42 43 44 45 46 47 48 49 50 0
1 2 3 5 6 7 8 9 14 16 17 18 19 21 23 24 25 27 31 32 33 35 36 37 41 42 43 45 47 48 49 0

57
1 3 5 7 9 11 13 14 15 16 18 21 22 23 24 25 29 32 33 35 36 37 38 39 47 48 49 0
1 2 3 4 5 6 9 10 11 13 14 15 17 18 19 20 21 22 24 26 27 28 29 30 32 33 34 36 38 39 40 41 42 43 44 45 46 47 48 50 0
1 3 4 5 9 10 11 12 13 14 15 16 17 18 19 21 23 24 25 27 28 31 32 33 34 35 37 39 41 42 43 44 45 46 47 48 49 0

58
1 2 4 6 7 8 10 11 13 15 17 18 19 20 21 23 25 26 27 28 29 30 32 33 34 35 37 38 40 43 45 46 47 48 50 0
1 3 4 5 6 9 10 11 12 14 17 18 19 20 21 22 23 24 26 27 28 29 30 32 33 34 36 37 38 40 41 42 43 44 45 46 47 48 50 0
1 2 3 5 6 7 8 9 11 13 14 16 17 18 19 21 23 24 27 31 32 33 35 37 42 43 45 47 48 49 50 0

59
1 2 3 4 5 7 8 9 10 12 14 15 16 17 19 20 21 22 23 24 25 26 27 28 29 32 33 34 35 36 37 38 39 40 41 42 43 44 45 47 48 0
1 3 4 5 6 7 9 10 11 13 14 15 17 18 19 20 21 22 23 24 27 28 29 30 31 32 33 34 35 36 37 39 40 41 42 43 44 46 47 48 0
2 3 4 5 7 8 9 10 13 15 16 17 18 19 20 21 23 24 25 26 27 28 29 30 31 32 33 34 35 37 38 39 40 41 42 43 44 45 46 47 48 49 50 0

60
1 3 4 6 7 10 11 12 14 15 16 17 18 20 22 23 24 26 27 28 29 30 32 33 34 35 38 39 41 42 44 46 48 49 50 0
1 2 3 4 9 10 11 13 14 15 17 18 19 20 21 24 26 27 28 29 30 31 33 35 36 39 40 41 42 43 44 45 48 49 50 0
1 2 5 7 8 11 12 13 14 16 17 18 19 20 22 23 24 25 26 27 28 29 31 32 33 34 35 36 37 38 40 42 43 45 47 48 49 0

61
1 2 3 6 7 8 9 10 11 14 15 16 17 18 20 23 24 25 26 27 28 29 30 31 32 33 34 35 36 37 39 40 41 44 45 46 47 48 49 50 0
1 3 4 5 6 7 9 10 11 13 14 15 17 18 19 20 21 22 23 24 26 27 28 29 30 31 32 33 34 35 36 38 39 41 42 43 44 45 47 48 50 0
1 3 6 8 9 11 12 13 14 16 17 18 19 20 23 24 25 26 27 28 29 31 32 33 34 35 36 37 38 40 41 42 43 44 45 47 48 49 50 0

62
1 2 6 7 8 10 11 15 17 19 20 21 22 23 24 25 26 27 28 29 30 31 32 34 35 38 40 41 43 44 45 47 48 49 0
1 3 4 5 6 10 11 12 14 17 18 19 20 21 23 26 27 28 29 30 32 33 34 37 41 42 43 44 45 46 47 48 49 50 0
1 2 3 5 6 7 8 9 11 14 16 17 18 19 21 23 24 27 28 31 32 33 35 37 42 45 47 48 49 0

63
1 3 10 12 13 16 17 18 20 22 24 25 28 31 32 35 36 38 41 42 44 47 48 49 50 0
1 2 3 5 7 9 10 11 13 14 15 19 21 24 26 27 28 29 30 32 33 34 36 37 39 40 41 42 43 44 45 46 47 48 49 50 0
1 2 3 5 8 9 10 11 13 14 15 16 17 18 19 21 22 23 24 25 27 28 31 32 33 35 37 38 41 42 43 45 47 48 50 0

64
1 2 3 4 6 7 9 13 14 15 16 17 19 20 21 22 23 25 26 27 29 30 31 32 33 34 35 36 37 38 40 41 42 43 44 46 47 48 49 50 0
1 3 4 6 8 9 10 11 12 13 14 15 16 17 18 19 20 21 22 23 24 26 27 28 29 30 31 33 35 36 37 39 40 41 42 43 44 45 46 47 48 49 50 0
1 3 4 5 6 7 8 10 12 13 16 17 18 19 20 21 22 23 24 25 26 27 28 29 30 31 32 33 34 35 36 37 38 40 41 42 43 44 45 46 48 49 0

65
1 2 4 7 11 12 13 14 15 16 17 18 20 21 22 23 24 25 27 29 31 32 35 36 37 38 40 42 47 49 0
1 3 4 5 9 10 12 14 15 17 19 20 21 22 24 26 27 28 29 30 31 32 33 34 35 36 37 38 39 40 41 42 43 44 45 47 48 49 50 0
1 2 3 4 5 6 8 10 11 13 14 15 16 17 18 19 20 21 22 23 24 25 26 27 28 29 31 32 33 34 35 37 38 39 40 41 42 43 44 45 46 47 48 0

66
2 5 6 8 9 10 15 16 18 19 20 21 22 24 25 26 27 28 30 32 33 35 36 37 39 40 41 42 44 45 46 48 49 0
1 2 3 4 5 6 8 10 11 12 13 14 15 16 17 18 19 21 23 24 25 26 27 28 29 30 31 33 34 36 37 38 39 41 42 43 44 45 46 47 48 49 50 0
1 3 5 6 7 8 9 10 11 12 13 14 16 17 19 20 21 23 24 25 26 27 28 29 30 31 32 33 35 36 37 40 41 42 43 45 47 49 0

67
2 4 5 6 7 10 11 13 15 16 17 18 19 20 23 24 25 26 27 28 30 31 32 33 34 35 36 37 38 40 42 43 44 48 49 50 0
1 2 3 4 6 8 9 10 11 12 13 14 15 17 19 22 23 24 26 27 28 29 30 31 33 34 35 36 37 38 39 40 41 42 43 44 45 47 48 49 0
1 3 5 6 7 8 10 12 13 16 17 18 19 20 22 23 24 25 26 27 28 29 30 31 32 33 34 36 37 38 39 40 41 42 43 45 49 0

68
1 2 5 8 10 12 13 14 16 18 22 23 24 25 28 31 32 33 34 35 36 37 38 39 41 42 43 47 48 49 0
1 2 3 4 5 6 7 8 9 10 13 14 15 16 19 20 21 22 26 28 30 32 33 35 36 37 38 39 40 41 42 43 44 45 46 47 50 0
1 3 4 5 8 12 13 14 15 16 17 18 19 20 21 23 24 25 26 27 28 29 31 32 34 35 39 40 42 43 44 45 46 47 48 50 0

69
3 4 5 7 8 9 10 13 14 16 17 18 19 20 21 23 27 28 30 31 33 35 36 38 40 41 42 43 44 46 48 0
1 2 3 4 6 10 11 12 13 14 15 16 17 18 19 21 24 25 26 27 29 30 31 33 34 36 37 39 40 41 43 44 45 48 49 50 0
1 2 6 7 8 9 11 12 13 14 15 16 17 19 20 21 23 24 25 27 28 30 31 32 33 34 35 36 37 38 40 43 44 45 48 49 50 0

70
2 3 4 5 6 8 9 10 11 14 15 16 17 19 20 21 22 24 26 27 29 30 31 33 34 38 39 40 41 42 44 45 46 48 49 50 0
1 2 3 4 5 7 9 10 11 12 13 14 15 17 18 19 20 21 23 24 25 26 27 28 29 30 31 32 33 34 36 37 40 41 42 43 44 45 47 48 49 50 0
1 3 5 6 7 8 11 12 13 14 16 17 18 19 20 21 22 23 24 25 26 27 29 30 31 32 33 34 35 36 37 38 40 41 42 43 45 47 49 0

71
2 3 4 5 8 9 10 15 16 17 18 19 20 21 24 25 26 27 28 30 31 33 34 35 36 37 38 39 40 41 42 44 46 48 49 50 0
1 2 3 4 7 8 9 10 11 12 13 14 15 16 17 18 19 21 23 24 26 27 28 29 30 31 33 34 36 37 39 41 42 43 44 45 47 48 49 50 0
1 3 5 6 7 8 9 10 11 12 13 14 16 17 18 19 20 21 23 24 25 26 27 28 29 30 31 32 33 34 35 36 37 40 41 42 43 45 47 49 0

72
1 2 3 4 5 6 7 8 9 10 13 14 17 18 19 20 21 23 26 27 28 30 31 32 33 35 36 37 38 39 40 42 49 0
1 2 3 4 7 8 9 10 11 12 13 14 15 17 19 20 21 24 25 26 27 28 29 30 31 33 36 37 38 40 41 43 44 45 46 48 49 50 0
1 5 6 7 8 10 12 13 14 16 17 18 19 20 21 22 23 24 25 26 27 28 30 31 32 33 34 35 36 37 38 39 41 42 43 45 49 0

73
1 3 6 7 8 9 10 11 12 13 14 15 17 18 19 20 22 23 24 25 26 27 28 29 30 31 32 37 38 39 41 43 45 47 49 0
1 3 4 5 6 7 10 15 17 18 19 20 21 22 23 24 26 27 28 29 30 32 33 34 36 37 40 41 42 43 44 45 46 47 48 49 50 0
1 2 3 5 6 7 8 9 11 14 16 17 18 19 21 22 23 24 25 27 31 32 33 35 37 42 43 45 47 48 49 0

74
1 2 3 5 7 11 14 15 16 17 18 20 22 23 24 25 27 28 29 31 37 38 48 49 0
1 3 4 6 7 8 9 10 11 12 13 14 15 16 17 19 20 21 22 24 25 27 28 29 30 32 33 34 35 36 37 38 39 40 41 42 43 44 45 46 47 48 50 0
1 2 3 4 5 8 10 13 15 16 17 18 19 22 23 24 25 27 28 29 30 31 32 33 34 35 36 37 38 39 41 42 43 44 45 46 48 0

75
2 3 4 5 6 7 8 9 10 11 12 13 14 16 17 18 19 20 21 25 26 27 28 29 30 31 32 33 34 35 37 38 39 40 41 42 43 44 45 46 47 49 50 0
1 2 3 4 5 6 8 9 10 11 12 13 14 15 17 18 19 20 21 22 23 24 25 26 27 28 29 30 31 33 34 35 36 38 39 41 42 43 44 45 48 49 0
1 4 6 7 8 10 11 12 13 14 16 17 18 19 20 21 22 23 24 25 26 27 28 29 30 31 32 33 34 35 36 37 40 41 42 43 45 46 47 49 0

76
1 2 4 5 6 7 8 9 10 11 13 14 15 16 17 18 19 20 21 22 27 29 30 31 32 33 34 35 36 38 40 41 42 43 44 46 47 48 49 50 0
1 2 3 4 5 7 8 9 10 11 12 13 14 15 17 18 19 21 24 25 26 27 28 29 30 31 32 33 34 36 37 38 39 40 41 42 43 44 45 46 47 48 49 0
1 3 5 6 7 8 11 12 13 14 16 17 18 19 20 21 22 23 24 25 26 27 28 30 31 32 33 34 35 36 37 38 41 42 43 45 47 49 0

77
2 3 4 8 9 10 11 12 13 14 15 16 17 18 19 20 21 24 25 26 27 30 31 33 34 35 36 38 39 40 41 42 44 45 46 47 48 49 50 0
1 3 4 9 10 11 12 13 14 15 17 18 19 20 21 23 24 26 27 29 30 31 32 33 34 35 36 39 41 43 44 45 47 48 49 0
1 6 7 8 9 10 11 12 13 14 15 16 17 18 19 20 21 22 23 24 25 26 27 28 29 30 31 32 33 34 35 36 37 40 41 43 44 45 46 47 48 49 50 0

78
1 2 3 6 8 9 10 11 12 13 14 15 16 17 19 20 22 23 24 25 26 27 29 30 31 33 34 35 36 38 39 40 41 42 43 44 45 46 48 49 50 0
1 3 4 7 10 11 12 13 14 15 17 18 19 20 21 22 23 24 26 27 28 29 30 31 32 33 34 35 36 37 39 40 42 43 44 45 46 47 49 0
1 2 3 4 5 6 7 8 9 10 11 12 13 14 15 17 18 19 20 23 24 25 26 27 28 29 30 31 32 33 34 35 36 37 38 40 42 43 44 45 46 47 48 49 50 0

79
1 3 7 8 11 13 15 16 17 18 20 21 24 25 26 29 32 35 36 37 38 40 42 47 48 49 0
1 3 5 7 9 10 11 14 15 16 17 19 20 21 24 25 27 28 30 33 34 36 37 39 40 41 42 43 44 46 47 48 49 0
1 2 3 4 6 7 9 10 12 13 14 15 16 17 18 19 21 22 23 24 25 27 28 29 30 31 34 35 38 40 41 42 43 44 45 47 48 50 0

80
1 2 3 4 7 11 12 13 14 15 17 21 23 25 27 30 31 32 36 37 38 40 41 44 47 48 49 50 0
1 3 6 7 9 10 13 15 18 19 21 22 24 25 26 27 28 29 30 32 33 34 36 37 40 41 42 43 44 45 46 47 48 49 50 0
1 2 3 5 6 7 9 10 11 12 13 14 15 16 17 18 19 21 22 23 24 25 27 28 31 32 33 35 37 39 41 42 43 44 45 47 48 49 50 0

81
1 2 4 5 7 12 16 17 18 20 22 26 29 32 34 35 37 38 39 42 43 44 46 47 48 49 0
1 3 4 7 9 10 14 15 17 19 20 21 22 24 26 27 28 30 32 33 34 36 37 40 41 42 44 45 46 47 48 49 50 0
1 2 3 4 5 8 9 10 11 13 14 16 17 18 21 22 23 24 25 27 28 31 32 33 35 37 38 41 42 43 44 45 47 48 0

82
1 2 3 6 7 8 10 14 16 17 18 20 21 22 23 24 27 31 32 33 35 36 37 39 41 42 44 45 46 47 48 49 0
1 2 3 4 5 6 7 8 9 10 11 13 14 15 17 18 19 20 21 22 23 24 27 28 30 31 33 34 35 36 38 39 40 41 42 43 44 45 46 47 48 49 0
3 4 5 8 9 10 13 14 15 16 17 18 19 20 21 22 23 24 25 26 27 28 29 31 32 33 34 35 36 37 39 40 41 42 43 44 45 46 47 48 50 0

83
3 4 6 7 8 9 10 11 12 13 14 17 18 19 20 21 22 23 24 27 29 30 32 33 34 35 36 37 38 39 41 43 44 45 46 48 49 0
1 2 3 4 5 6 7 10 11 12 13 14 15 17 18 19 21 24 26 27 29 30 31 33 34 36 37 38 39 41 43 44 45 46 48 49 50 0
1 2 6 7 8 9 11 12 13 14 15 16 17 19 21 24 25 27 28 29 30 31 32 33 34 35 36 37 38 40 43 44 45 48 49 50 0

84
1 3 6 7 8 9 10 11 12 13 14 15 17 18 19 20 22 23 25 26 27 28 29 30 31 32 37 39 41 43 45 47 49 0
1 3 4 5 6 7 10 15 17 18 19 20 21 23 26 27 28 29 30 32 33 34 36 37 40 41 42 43 44 45 46 47 48 49 50 0
1 2 3 5 6 7 8 9 11 14 16 17 18 19 21 22 23 24 25 27 31 32 33 35 36 37 42 43 45 47 48 49 0

85
2 3 6 7 9 12 13 14 15 16 17 18 20 22 23 24 25 26 31 32 33 35 36 37 39 43 45 46 47 48 49 50 0
1 2 3 4 5 6 7 8 9 10 11 13 14 15 16 17 18 19 21 22 24 26 27 28 29 30 32 33 34 35 36 37 38 39 40 41 43 44 45 46 48 49 0
1 4 8 11 12 13 14 15 16 17 18 19 21 23 24 25 27 28 31 32 33 35 37 39 41 42 43 44 45 47 48 49 0

86
2 3 5 6 8 9 10 12 13 14 16 17 18 19 20 21 22 23 24 26 27 28 29 30 31 32 33 35 36 39 40 42 44 46 47 48 50 0
1 2 3 4 5 6 7 9 10 11 12 13 14 15 17 18 19 21 23 24 25 26 27 29 30 31 32 33 34 36 37 38 39 40 41 43 44 45 46 48 49 50 0
1 2 4 5 6 7 8 9 12 13 14 15 17 18 19 20 21 23 24 25 27 28 30 31 32 33 35 36 37 38 43 44 45 47 48 49 50 0

87
1 2 5 7 9 10 12 15 16 17 20 21 22 23 24 25 27 28 29 30 32 33 34 35 36 37 38 39 40 41 43 44 46 47 49 0
1 2 3 4 5 6 9 10 11 13 14 15 18 19 20 21 22 24 26 27 28 29 30 33 34 36 37 40 41 42 43 44 45 46 47 48 49 50 0
1 2 3 4 5 8 9 10 11 12 13 14 15 16 17 18 19 21 22 23 24 25 27 28 29 31 32 33 34 35 37 39 40 41 42 43 44 45 46 47 48 49 0

88
1 3 4 7 8 9 10 11 12 14 16 18 22 23 24 29 31 32 33 34 35 36 38 39 41 43 44 45 46 47 48 49 0
1 3 4 5 6 7 8 10 11 13 14 15 16 17 18 19 20 21 22 23 25 26 27 29 30 31 33 36 37 38 39 41 42 43 44 45 46 47 50 0
1 4 6 7 8 9 11 12 13 15 16 17 19 20 21 23 24 25 26 27 28 29 31 32 33 34 35 36 37 38 39 40 41 42 43 44 45 46 47 48 49 50 0

89
1 2 4 5 6 8 9 10 11 13 14 18 20 21 22 23 24 25 26 27 28 29 31 32 34 35 37 38 39 40 41 42 43 44 45 46 48 49 0
1 4 5 9 10 11 12 13 14 15 17 19 20 21 22 24 26 27 28 29 30 31 33 34 35 36 37 38 39 40 41 42 43 44 45 47 48 49 50 0
3 4 5 7 8 9 10 13 14 16 17 18 19 21 22 23 24 25 27 31 32 33 35 36 37 38 39 41 42 43 44 45 46 47 48 0

90
1 2 5 6 7 9 10 11 13 14 16 18 20 21 22 23 26 27 28 29 31 32 34 35 38 39 40 41 42 43 44 45 46 48 49 0
1 2 3 4 5 9 10 11 12 13 14 15 17 19 20 22 24 26 27 28 29 30 31 32 33 36 37 38 39 40 41 42 43 44 45 47 48 50 0
3 4 5 6 7 8 9 10 11 13 14 16 17 18 19 21 22 23 24 25 27 31 32 33 35 36 37 38 39 41 42 43 44 45 46 47 48 0

91
1 2 3 6 8 9 10 11 12 13 14 15 16 17 18 20 22 23 24 25 26 27 29 30 31 32 33 34 35 36 37 38 39 41 44 45 46 47 48 49 50 0
1 2 3 4 5 6 7 10 11 12 13 14 15 16 17 18 19 21 22 23 26 27 29 30 31 32 33 34 35 36 37 38 39 40 41 43 44 45 46 48 50 0
1 2 4 6 8 9 10 11 12 13 14 16 17 19 20 21 23 24 25 26 27 29 31 32 33 34 35 36 37 38 39 40 41 42 43 45 46 48 49 50 0

92
1 2 4 7 8 11 12 13 14 15 16 17 18 20 21 22 23 24 25 26 27 28 30 31 32 34 35 36 37 38 39 40 41 44 46 47 48 49 50 0
1 3 5 7 9 10 11 12 14 15 17 19 20 21 22 24 27 28 29 30 33 34 35 36 37 39 40 41 42 43 44 45 46 47 48 49 50 0
1 2 3 4 5 6 8 10 11 12 13 14 15 16 17 18 19 20 21 22 23 24 25 26 27 28 31 32 33 34 35 36 37 38 39 40 41 42 43 44 45 46 47 48 0

93
1 2 3 4 5 6 7 8 9 12 14 15 16 17 18 19 20 21 26 27 28 29 30 31 33 34 35 37 39 40 41 42 43 44 46 47 48 49 0
1 2 3 4 5 7 8 9 10 11 12 13 14 15 17 18 19 21 24 25 26 27 28 29 30 31 32 33 34 36 37 38 40 41 42 43 44 45 46 48 49 0
1 3 5 6 7 8 9 11 12 13 14 15 16 18 19 20 21 22 23 24 25 26 27 28 30 31 32 33 35 36 37 38 39 41 42 43 45 47 49 50 0

94
1 5 6 7 9 10 12 14 15 16 17 18 19 20 25 26 27 30 31 35 36 37 38 39 40 41 42 43 44 45 47 48 49 0
1 3 4 5 7 8 11 13 14 15 17 19 21 22 23 24 26 27 29 30 31 32 33 34 35 36 37 38 39 41 43 44 45 46 47 48 49 0
1 2 4 6 8 9 10 12 13 14 16 17 18 19 20 22 23 24 25 26 27 28 29 31 32 33 34 35 36 37 39 40 41 43 44 45 48 49 50 0

95
1 3 5 6 7 10 12 13 14 16 17 18 20 21 22 23 27 29 30 32 35 36 37 38 42 43 44 45 46 0
1 2 3 4 6 8 9 10 11 13 14 15 16 17 18 19 20 21 22 23 24 27 28 30 33 34 35 36 37 38 39 40 41 42 43 44 45 47 48 49 50 0
1 3 4 5 6 8 9 10 13 15 16 17 18 19 20 21 23 24 25 26 27 28 31 32 33 35 37 38 39 41 42 43 44 45 46 47 48 49 50 0

96
2 3 4 6 7 8 9 10 11 13 14 15 16 18 19 20 22 24 25 26 27 28 29 30 31 32 33 34 35 36 39 40 42 44 45 46 47 48 49 50 0
1 3 4 5 8 9 10 11 12 13 14 15 16 17 18 19 21 22 23 25 26 27 28 29 30 31 33 35 36 38 39 40 42 43 44 45 46 47 49 50 0
1 3 5 6 7 8 9 11 12 13 14 15 16 19 20 21 23 24 25 26 27 28 29 30 31 32 33 35 36 37 40 42 43 45 47 49 0

97
2 3 7 8 9 10 12 13 14 15 16 17 18 20 22 23 24 25 26 30 31 32 33 34 35 36 38 39 41 43 44 45 46 47 48 49 0
1 2 3 4 5 6 7 8 10 11 13 14 15 17 18 19 20 21 23 24 26 27 29 31 32 33 34 35 36 37 38 39 40 41 43 44 45 46 48 0
1 6 8 9 11 12 13 14 15 16 17 19 20 21 23 24 25 26 27 28 29 31 32 33 34 35 36 37 38 40 43 44 45 48 49 50 0

98
1 3 6 7 9 10 11 12 13 14 16 17 18 19 20 21 22 23 24 25 26 27 28 30 31 32 33 35 36 37 38 40 41 42 43 44 45 46 47 49 50 0
1 2 3 4 5 6 7 9 10 11 12 13 14 15 17 18 19 21 22 23 24 25 26 27 28 29 30 31 32 33 34 35 36 37 38 39 42 43 44 45 46 47 48 49 0
1 2 4 5 6 7 8 9 10 11 12 13 14 15 17 18 19 20 21 23 24 25 27 28 29 30 31 32 33 35 36 37 38 39 40 41 42 43 44 45 47 48 49 50 0

99
1 2 3 5 6 7 9 12 13 15 16 18 19 20 22 24 25 26 27 28 29 30 31 33 35 36 37 38 39 40 41 42 46 48 0
1 2 3 4 5 7 8 9 10 11 13 14 15 17 19 21 24 26 27 28 29 30 31 33 34 36 37 39 40 41 42 43 44 45 46 48 49 50 0
1 2 3 6 8 9 10 11 12 13 14 15 16 17 18 19 20 21 22 23 24 25 27 28 31 32 33 34 35 36 37 38 39 40 41 42 43 45 47 48 49 50 0

100
1 2 5 6 7 8 9 10 12 13 14 16 17 18 19 20 21 22 23 24 25 26 27 29 30 31 33 35 36 39 40 41 42 44 45 46 48 50 0
1 3 4 5 8 9 10 11 12 13 14 15 17 18 19 21 22 23 24 26 27 29 30 31 32 33 34 35 36 38 39 42 43 44 45 46 49 50 0
1 2 4 6 7 8 9 10 11 12 13 14 15 17 19 20 21 23 24 25 26 27 28 29 30 31 32 33 34 35 36 37 39 40 42 43 44 45 47 48 49 50 0

